802
986
149
502
442
851
6
975
748
742
1109
1
880
464
432
1123
784
759
606
390
859
1052
439
634
218
90
1090
695
508
1120
812
944
554
861
1011
1020
757
308
596
83
154
82
480
373
894
1165
571
577
803
230
155
641
979
1006
854
546
245
306
790
363
1115
66
677
455
444
105
385
1108
251
624
110
751
717
839
198
375
1116
321
135
847
281
459
679
953
457
681
211
416
315
270
980
239
10
560
33
883
738
1132
175
165
389
174
261
116
519
768
479
134
1175
122
909
413
605
576
958
750
669
144
352
607
22
1144
221
103
42
379
989
70
544
1136
304
1134
286
290
645
51
786
279
800
1007
595
378
719
394
71
722
59
7
721
316
957
372
994
234
710
50
1107
916
623
643
707
1153
254
856
461
865
302
47
838
406
210
423
1131
157
285
81
356
1066
124
256
490
11
1125
21
324
492
1158
908
428
317
905
746
184
990
963
332
322
143
181
818
452
948
850
934
973
637
312
976
91
735
25
774
99
126
515
209
242
910
128
610
588
250
843
84
380
977
228
765
1073
106
26
567
130
630
438
527
580
779
477
1037
506
334
915
741
460
485
482
1023
336
395
1092
1024
925
731
755
186
328
95
418
1126
504
177
783
713
44
931
273
665
621
900
445
384
220
97
611
531
535
528
974
753
183
662
657
262
212
371
600
793
271
12
216
881
447
194
229
1103
358
510
1030
808
487
886
139
121
983
72
733
924
153
288
1171
514
1057
522
698
913
75
1135
108
914
1061
690
972
617
871
1054
360
770
1086
1083
1111
1128
805
427
951
840
335
911
899
620
493
1097
601
1110
525
687
200
866
67
1141
1084
185
170
341
301
195
305
716
1046
945
828
237
747
1150
396
223
921
667
615
927
1003
744
547
1093
1063
693
1027
182
219
292
248
853
361
995
456
401
998
217
725
568
869
80
402
339
276
705
967
32
893
898
488
1151
961
940
622
284
484
0
289
539
787
557
1069
530
663
257
841
960
981
496
553
303
1022
18
796
849
685
763
374
653
1078
45
494
500
938
826
584
1160
1049
38
448
1095
309
904
249
918
197
795
381
1060
313
79
1042
1098
912
895
465
470
613
809
467
369
848
98
65
870
562
680
875
115
311
222
589
599
92
864
711
214
776
333
1100
1113
179
411
727
935
400
472
491
486
884
540
709
968
749
62
73
608
1105
1118
60
420
692
225
992
930
8
831
151
265
266
287
1039
718
1159
533
794
40
1133
53
190
1162
280
425
1177
307
5
1051
889
1148
451
579
996
202
1094
993
778
877
743
419
453
446
88
236
244
160
810
1157
392
513
1117
555
49
538
982
353
516
89
55
1017
574
468
1112
325
365
430
614
1085
736
267
691
700
1080
671
635
652
740
377
101
959
772
476
858
15
1040
714
424
1068
1169
672
822
591
676
388
675
1164
259
112
1070
433
172
1087
737
3
937
163
654
598
440
1041
1056
587
137
646
943
1167
885
999
561
463
626
923
145
498
766
902
370
215
683
450
756
409
208
295
724
952
813
1139
686
726
345
387
521
697
985
346
603
93
17
604
887
437
844
730
1016
1050
473
293
342
862
932
550
441
563
362
564
9
231
1005
890
1031
949
868
1149
132
1161
247
23
224
114
246
1129
860
1089
56
775
503
638
678
13
466
633
656
277
942
298
364
640
1014
166
141
233
702
505
625
1168
391
1091
1059
297
272
556
213
597
642
1032
782
832
74
326
193
1026
320
830
965
1028
1172
310
19
393
408
785
499
188
407
140
458
255
351
593
52
58
874
926
205
314
283
386
632
398
253
462
629
520
323
235
906
1166
131
517
120
814
572
835
616
661
1025
171
36
524
1143
117
1154
359
1137
96
651
846
471
57
917
319
429
578
592
1173
161
1053
760
901
382
1071
701
829
758
639
559
541
1004
764
545
1013
1104
431
806
569
274
469
1081
1021
969
1019
876
715
338
512
269
226
551
823
495
111
529
1000
1067
489
703
773
1029
609
791
1155
777
76
971
762
655
282
978
647
1101
357
159
734
780
436
64
501
483
331
537
674
1079
771
1124
997
668
939
936
125
1058
330
1163
148
897
318
991
133
383
804
1152
820
187
1015
712
68
815
1127
354
956
922
706
1043
507
192
612
720
4
582
1170
933
176
196
586
627
426
104
788
928
399
94
929
27
565
275
207
1147
404
434
162
421
69
660
119
100
987
497
767
666
872
78
816
142
955
1099
543
260
2
109
1036
417
350
107
754
619
1072
699
422
896
836
403
1048
552
1142
581
825
1096
855
1075
102
158
368
873
85
349
156
1122
178
628
1176
845
167
824
1077
659
1156
1121
232
435
950
602
799
892
16
337
204
827
48
946
238
575
1018
644
857
852
129
481
882
1034
648
650
789
113
169
475
35
696
781
1140
984
300
682
258
164
1002
201
536
817
1045
708
327
39
888
340
566
29
1076
189
590
833
367
618
37
46
296
878
801
970
739
867
412
1106
792
28
863
278
842
509
136
86
150
1102
294
526
31
264
954
907
1047
146
664
834
988
811
962
694
729
947
127
43
1064
34
1001
173
410
414
1145
1010
449
474
405
797
41
241
570
704
728
30
478
54
1012
347
1033
585
1055
118
191
299
199
819
688
415
879
1138
240
376
61
673
658
87
1130
243
548
1065
542
443
1114
723
558
454
689
798
1146
549
268
344
636
227
1009
594
291
837
511
523
348
63
20
397
1074
1062
534
14
631
807
745
821
920
1082
573
670
77
1174
263
532
761
903
168
203
769
138
1035
24
329
1088
966
919
206
1044
180
684
891
1119
752
355
583
964
343
152
1008
518
941
147
1038
732
649
366
123
252
