426
116
621
750
373
486
312
982
15
41
888
1103
110
699
1123
674
1044
529
1138
751
1163
815
248
698
796
129
960
28
695
295
694
598
886
655
966
658
944
1035
878
379
1151
1160
142
773
123
276
1046
1106
1055
218
892
187
824
27
332
927
760
757
630
291
1068
903
619
1077
133
208
907
816
51
620
182
637
721
320
174
605
1100
755
432
627
405
650
559
398
882
651
448
774
447
676
124
234
1069
931
920
935
961
1039
169
682
1164
331
265
387
1019
280
545
26
431
277
656
608
1107
968
801
1169
689
644
857
413
32
500
827
870
108
410
63
526
564
584
623
925
884
833
200
942
430
1038
940
1119
959
338
675
527
66
20
933
766
866
962
577
186
482
1099
544
407
874
970
748
336
803
282
450
203
52
382
1084
606
377
714
730
842
708
683
102
1168
993
455
434
321
840
821
74
62
287
180
1137
1011
120
148
355
610
548
299
1133
149
762
813
718
55
4
819
1127
118
445
869
690
1177
574
281
1102
21
416
136
947
1083
740
89
855
996
238
1010
941
420
716
1073
466
231
617
456
521
522
175
635
838
403
1156
337
1076
614
229
401
988
460
1136
1025
220
80
279
415
230
561
875
899
913
795
449
139
237
358
939
285
524
1129
590
769
756
826
616
759
622
146
166
535
491
632
1041
706
48
490
850
799
999
64
965
297
570
439
125
170
731
973
517
1166
322
549
464
1053
1148
309
729
150
1175
587
392
765
525
798
314
131
140
510
1155
423
895
1157
137
488
1001
1110
19
1162
1080
206
414
1043
340
342
791
442
1173
171
846
649
661
737
872
581
197
58
923
638
225
560
210
479
1005
393
793
138
738
1065
344
459
830
618
1115
396
53
724
33
837
290
1052
246
343
191
9
96
511
69
792
216
493
701
261
811
56
575
93
604
346
513
400
1104
586
1090
1006
224
847
1026
1174
1111
797
97
775
992
360
744
1152
499
111
710
165
160
665
902
566
742
199
983
663
677
1172
802
399
1079
919
18
167
994
1012
725
945
599
647
272
1112
938
369
600
389
905
395
693
975
122
980
25
1161
330
569
776
351
770
143
703
7
44
642
856
670
583
662
37
634
65
284
40
1132
274
861
435
1061
201
227
357
538
134
308
235
818
1120
669
22
294
371
951
54
871
353
242
90
1004
1042
1066
509
202
117
82
223
222
879
79
508
339
501
563
72
45
12
1067
1062
98
700
588
1000
987
997
591
1064
906
29
1128
578
1141
534
1121
408
83
497
46
1040
829
156
515
1030
1139
1022
967
948
397
127
485
860
1088
380
536
609
475
914
782
391
152
916
268
1091
728
366
702
212
851
1134
188
734
1
547
686
103
934
484
1045
979
707
862
1135
820
805
84
1051
269
263
715
249
594
519
985
1089
310
957
956
313
50
924
523
185
68
745
946
303
641
42
384
325
267
858
34
144
71
1144
785
717
969
1021
422
543
1048
832
198
733
465
930
114
378
589
697
1058
394
1071
411
173
1098
487
579
153
1016
679
977
17
1145
783
652
612
49
1029
283
777
39
1078
457
179
732
298
189
943
164
236
696
787
81
844
704
741
476
653
814
85
207
255
507
126
974
849
446
687
1117
758
324
726
823
254
244
1158
909
984
1095
673
306
350
286
1028
364
654
1031
381
626
788
863
318
454
247
764
419
672
168
258
296
316
183
839
822
952
572
145
831
873
754
402
1033
828
506
613
23
388
972
1096
568
1032
532
195
910
315
937
516
1060
292
35
383
109
709
262
781
241
1092
520
427
859
681
474
38
352
264
743
1097
147
514
256
864
555
481
429
573
691
806
121
964
99
668
1013
452
319
891
61
867
13
59
253
784
289
1070
458
963
541
981
971
101
786
334
128
596
463
1081
752
615
24
307
1023
1036
671
94
552
8
794
151
711
347
438
1150
900
365
1085
215
1153
954
70
929
409
1027
412
100
36
958
47
804
1037
841
546
893
790
386
441
897
904
843
60
473
226
747
1017
78
354
278
660
503
986
424
483
77
107
558
418
158
461
0
723
451
761
1020
172
989
1165
192
368
428
551
659
302
780
567
736
367
304
1114
495
335
213
243
480
582
1108
1074
530
273
629
746
1147
266
328
251
245
43
556
184
217
628
1094
1176
1149
240
363
712
749
155
67
6
645
877
1034
91
31
611
512
498
492
1056
193
132
664
533
356
705
678
1072
221
1101
603
228
95
211
115
1126
57
259
778
1086
433
469
349
624
990
496
807
1014
477
595
763
494
557
881
1003
1146
417
92
1142
921
1049
852
11
639
953
270
361
1124
1171
812
912
219
915
375
10
288
537
848
928
1154
995
30
467
889
76
250
685
739
372
1170
232
917
1050
453
177
539
771
204
362
865
887
565
554
505
518
443
922
896
345
607
772
421
1063
468
1075
75
504
1159
853
205
478
1109
528
359
113
233
800
471
323
293
836
976
301
141
562
130
666
817
135
571
159
14
209
720
789
834
688
86
722
425
1105
542
1130
926
998
601
631
550
157
1054
950
531
181
810
470
406
633
643
1024
194
901
104
348
880
1057
932
1082
680
868
73
1118
779
462
88
436
625
444
327
991
1087
190
271
553
809
883
105
735
918
1116
1093
648
317
1113
5
854
376
719
768
602
502
1140
106
753
333
580
300
1122
1047
585
1015
437
214
898
154
1059
876
489
955
239
87
1007
3
949
713
540
911
936
252
119
472
1131
2
16
692
1008
260
592
825
329
112
908
576
646
370
890
636
305
196
640
176
808
767
978
178
593
667
1018
727
163
374
1143
845
440
885
162
894
385
311
1009
597
1002
404
161
341
1167
390
684
1125
657
835
257
275
326
