1013
752
1141
200
573
16
431
1003
960
378
196
271
568
462
355
668
769
1152
35
831
619
676
657
472
407
1028
1131
155
1109
49
696
1177
846
560
70
104
558
699
885
173
451
882
481
980
643
433
192
345
581
847
939
550
404
645
424
1173
525
264
368
358
821
225
128
252
99
1085
459
1065
628
733
218
883
879
849
65
748
117
743
184
310
905
313
717
340
994
1130
1069
335
826
162
106
776
1124
352
822
659
762
779
143
985
940
332
759
346
725
771
323
1082
841
18
663
1174
82
1032
1097
41
406
965
171
1079
497
198
177
949
599
736
1045
1120
527
0
91
686
12
740
194
876
529
702
188
353
537
861
967
207
1049
416
78
88
270
851
3
633
417
692
732
1159
1088
863
50
616
711
648
552
153
1117
790
630
869
1051
151
804
392
693
1043
1168
970
937
86
275
604
781
315
650
502
919
566
427
482
531
174
136
363
134
689
1080
319
823
168
1071
1002
164
701
705
366
83
766
972
138
923
654
778
532
268
1113
598
757
1086
953
253
587
255
649
505
351
1158
11
210
426
473
215
803
373
523
186
979
805
835
440
946
307
870
903
284
828
772
672
707
423
157
542
242
187
181
263
394
297
211
1134
403
926
180
199
110
572
331
1020
924
961
490
913
401
1126
969
125
293
419
660
214
824
414
615
642
820
928
1099
1083
1006
798
362
425
998
554
987
843
1060
486
460
703
653
445
1100
492
622
115
147
1009
815
1019
1031
918
652
1096
36
1012
603
349
27
878
848
434
1076
958
396
219
916
671
229
245
667
584
908
1008
344
213
190
656
84
90
491
365
169
807
948
580
1101
239
148
626
1091
260
93
38
670
7
1166
273
751
896
1075
510
1004
1157
583
984
329
674
85
546
72
28
1147
269
704
30
739
610
792
577
327
304
1011
712
713
123
45
1154
258
927
817
182
741
25
983
1033
754
420
317
1144
37
536
989
1036
855
388
718
770
687
1068
714
836
10
95
276
437
453
248
48
1148
1128
212
571
887
675
69
1176
485
1125
524
336
793
747
105
538
680
679
137
354
1136
788
377
183
576
457
1092
794
42
21
1064
556
996
1175
921
1050
593
750
57
756
900
1023
206
624
456
400
834
992
691
664
154
1047
320
982
33
738
1022
544
376
5
236
444
915
116
1089
14
963
447
1095
971
1104
723
1153
943
528
605
301
1119
954
866
651
267
708
1070
119
465
227
467
243
131
1077
24
867
589
1010
435
230
789
898
432
678
479
296
600
2
666
391
956
634
501
289
760
223
829
549
422
891
966
684
1016
840
669
53
907
202
1005
1046
561
976
318
23
978
507
744
438
390
710
133
596
98
178
1107
856
567
735
897
375
512
968
303
597
114
395
152
799
639
233
1098
250
1106
591
737
278
938
860
161
715
500
601
402
291
734
845
4
780
20
26
52
877
288
347
493
1110
1034
827
172
338
627
382
89
602
67
706
374
874
51
797
910
342
1053
411
226
838
73
498
480
911
165
862
517
697
397
936
795
721
179
990
496
1122
1146
386
742
519
205
818
728
201
127
478
399
858
931
96
951
294
796
974
853
384
516
356
328
92
237
655
410
753
695
637
282
413
515
1137
1118
999
76
1111
579
629
1167
103
617
1143
241
640
285
454
1007
872
311
369
917
816
470
494
476
290
912
146
944
564
575
569
167
889
607
9
563
287
632
221
149
1072
773
1140
941
1116
623
240
612
71
299
1138
1169
439
959
330
232
367
613
8
548
1038
644
506
13
379
56
681
144
477
44
1001
662
864
443
611
768
112
540
981
234
31
530
1135
859
324
295
102
246
641
341
1145
586
343
126
266
899
731
122
348
254
682
121
34
101
217
588
124
464
574
724
673
518
618
231
570
39
727
585
100
139
520
170
636
370
700
888
774
1014
514
893
719
1139
1121
716
802
1061
163
1062
511
543
1039
791
763
249
1018
1084
785
582
595
94
421
458
1123
813
77
608
1094
59
975
825
145
455
832
130
159
1058
850
522
808
468
87
474
661
922
325
361
1025
1105
286
814
683
452
334
720
526
6
854
1164
191
418
156
942
620
533
844
868
1162
1087
306
547
19
436
777
819
66
446
1112
920
280
782
450
499
625
244
235
195
442
484
621
1017
135
635
925
1170
837
875
120
553
274
15
63
578
326
638
504
892
1090
709
1052
415
1000
1142
300
902
559
833
997
758
1044
839
371
950
80
475
256
58
383
995
469
1172
955
449
1063
339
81
224
1093
1156
43
1108
261
534
1129
562
189
387
1037
1161
964
321
46
631
857
647
222
1059
372
1102
389
1040
991
541
380
729
901
1035
166
68
216
1056
281
441
408
1054
1132
1074
1149
1026
314
283
488
801
962
129
865
204
557
909
1133
208
193
881
487
308
412
298
1163
904
775
830
393
357
933
755
97
749
430
350
79
337
1155
333
272
113
360
158
55
783
220
1073
109
592
359
761
614
594
508
880
228
986
730
265
886
29
545
658
957
47
977
1
694
677
1078
259
1165
555
1041
466
1057
873
1027
894
590
745
1021
1081
947
952
74
690
279
495
40
54
606
64
722
176
930
238
746
17
609
140
305
665
871
448
409
1171
698
364
809
935
197
1067
316
483
685
1103
1015
787
292
1066
1042
914
203
521
262
503
381
247
108
209
461
811
429
398
1055
929
185
175
251
509
539
767
428
160
257
1114
945
75
1150
884
932
1030
1160
786
784
1115
60
906
322
688
142
852
764
810
842
765
141
309
565
806
471
277
463
1151
646
302
405
1127
551
385
890
1029
726
312
535
118
61
934
1048
513
993
800
973
22
895
132
150
32
1024
489
107
988
62
812
111
