205
183
580
717
704
728
103
856
863
959
435
1132
198
477
71
1022
184
326
1128
312
76
261
716
378
489
766
1091
389
559
1114
669
1060
997
307
274
402
707
461
354
1051
349
1065
1029
957
1007
32
252
1133
1014
532
594
809
1018
165
1037
816
868
200
1010
113
727
70
91
661
735
552
431
397
649
1113
79
134
1101
613
793
996
522
857
104
232
557
248
663
565
12
875
951
39
653
1165
501
67
490
934
601
626
748
117
180
721
527
1023
549
530
982
155
1095
306
270
1119
1094
487
220
1057
648
210
416
1127
627
713
473
566
37
623
214
644
1158
399
301
695
482
1001
169
109
290
45
1089
17
556
921
1157
683
371
991
28
845
218
518
163
843
294
941
35
219
923
1154
924
128
233
903
1017
665
634
1102
551
533
1148
639
956
733
640
535
582
237
150
293
643
742
277
469
247
886
995
624
465
821
778
866
814
25
987
415
918
708
764
392
196
1026
341
673
1152
538
333
652
657
573
1024
740
362
1053
137
143
18
567
1083
1062
800
983
1049
760
401
699
746
829
136
968
889
940
831
239
684
391
383
799
452
726
867
1131
768
419
384
179
132
135
617
107
208
525
1006
119
844
338
897
1116
85
618
460
596
227
700
935
741
253
631
917
173
303
309
215
811
776
315
966
756
497
1036
13
714
308
509
927
572
864
10
66
381
722
278
1043
936
994
46
83
62
279
942
833
170
511
890
635
1011
428
715
486
348
116
1085
1078
356
806
755
260
771
928
681
523
697
1009
636
445
164
974
515
101
480
519
964
645
272
969
1042
731
604
899
1070
1105
1073
545
2
1003
719
802
507
446
313
510
1019
505
285
674
238
343
148
212
902
413
386
880
926
861
986
471
263
259
578
1069
801
273
1013
761
979
789
463
569
41
885
420
750
929
142
874
146
813
175
1145
632
289
47
723
514
988
540
7
488
141
1040
69
1149
850
990
586
737
1117
26
358
320
878
1035
734
405
851
314
807
400
387
231
588
27
541
589
610
351
1072
167
931
1124
474
1161
1004
159
355
464
958
50
211
65
182
61
701
984
242
575
213
288
976
763
1136
852
832
562
887
805
244
1066
658
1173
158
869
334
920
759
893
406
59
919
1050
43
788
754
323
187
910
796
494
267
19
785
286
680
1104
339
316
824
949
120
291
80
299
773
971
1055
138
579
1071
503
409
908
922
203
720
324
706
108
1151
687
1100
366
837
1163
1056
985
948
144
153
318
493
822
609
1054
249
1034
955
865
671
449
642
1097
550
898
894
526
747
590
960
516
655
424
190
608
81
63
189
236
879
157
1139
440
749
677
90
622
118
329
64
484
42
848
149
1166
838
53
584
201
743
112
443
287
425
111
967
429
87
595
95
222
194
692
126
121
403
999
916
630
467
438
491
675
823
1081
682
668
481
591
502
1171
600
1
517
765
292
961
11
602
621
698
377
593
729
973
537
786
965
264
767
1058
696
75
757
60
498
779
1086
269
592
678
229
536
1093
1120
125
896
6
160
258
891
68
122
458
911
794
993
123
825
685
154
181
787
1032
168
421
459
913
758
1143
300
884
225
98
616
319
174
506
408
89
234
770
1125
240
51
1052
835
906
858
1041
423
524
102
16
33
611
230
859
40
388
345
667
226
828
937
245
605
342
84
185
977
901
434
780
1015
1021
1099
455
15
31
296
753
797
1076
496
478
574
619
651
881
915
1169
962
528
417
932
529
275
379
1175
1135
1160
129
14
1080
453
914
804
846
1067
690
945
1118
672
543
803
106
599
1138
554
625
620
873
947
1020
369
72
192
115
363
492
1059
638
834
570
271
646
972
444
1025
470
114
817
422
1012
1030
539
110
336
436
909
1141
981
216
853
598
1064
795
228
223
93
870
457
1147
310
818
745
606
992
295
738
830
705
44
476
577
1121
1044
860
676
564
92
650
547
367
710
855
199
633
393
412
772
662
161
1174
718
871
508
302
560
1082
660
883
808
74
454
36
246
1170
99
385
736
9
1038
130
752
815
892
1159
792
664
241
94
394
483
724
952
396
298
3
1047
353
20
666
702
512
1137
297
826
321
376
703
1156
1033
1106
235
943
195
346
1110
322
1079
842
364
709
1172
939
178
1098
22
49
561
332
1031
637
58
585
375
442
781
451
656
1109
1176
221
202
209
276
836
1046
145
96
513
311
1167
1068
283
841
925
418
172
447
1150
282
395
534
284
475
900
583
361
224
686
370
337
542
839
711
127
1126
1075
1134
54
712
52
437
327
647
251
38
374
944
790
820
5
744
1008
1048
8
607
739
659
462
281
688
427
954
1122
504
186
382
330
888
331
48
553
1177
325
151
347
930
124
1088
774
365
193
0
456
243
732
819
520
694
350
998
1112
254
34
410
140
133
1142
162
1005
500
1061
693
430
1123
335
340
1090
485
280
907
1115
827
597
73
905
1016
105
548
1153
448
555
775
359
576
1045
1002
950
670
1146
156
411
317
368
304
265
414
100
1162
862
1140
872
877
171
641
206
441
840
450
380
563
30
725
499
1103
691
904
266
603
29
612
404
1111
433
1164
882
1000
257
479
581
88
398
407
980
798
521
810
849
762
531
197
730
912
1063
571
546
1092
147
191
24
769
953
1096
166
256
614
468
86
946
812
1155
373
176
938
1129
1087
466
784
1074
328
975
55
777
847
689
432
1168
876
57
217
78
97
188
568
629
1028
679
791
357
139
1130
352
262
305
344
372
255
628
854
360
21
782
1144
895
544
268
495
1077
558
963
390
82
4
1084
56
1108
77
970
472
978
933
1107
131
204
177
751
615
989
426
587
783
1027
207
250
654
23
439
152
1039
