991
140
39
952
745
655
276
129
448
1111
292
928
482
75
701
33
622
1169
788
78
892
1040
424
123
957
202
484
865
534
1056
492
220
706
1069
808
1080
815
456
437
839
440
759
574
174
659
862
103
597
80
335
761
662
259
199
416
355
403
291
95
1124
34
635
326
319
1117
1043
967
1105
106
974
669
187
989
514
587
1048
150
155
516
452
1161
304
822
211
641
517
913
1008
60
782
15
120
273
267
455
382
397
285
524
639
829
784
415
1082
613
768
141
171
458
136
490
467
306
251
940
67
118
1092
6
1004
1121
539
419
792
1135
756
527
584
909
108
1041
477
707
904
287
923
422
185
301
26
752
162
771
971
519
589
250
439
528
960
29
175
254
1148
1074
736
1032
996
266
1020
890
311
537
1039
272
749
702
627
564
1120
96
133
330
1073
192
464
780
104
833
392
910
785
1027
1104
474
73
603
610
709
1075
1078
25
486
505
917
479
497
314
238
475
671
767
893
924
567
791
1009
111
948
84
529
1091
240
1109
1152
755
1002
606
730
160
857
1
445
1154
37
795
1086
609
708
196
530
246
51
1094
183
844
1133
269
912
283
853
1055
683
406
77
593
388
999
770
570
333
814
253
977
1067
679
145
633
918
896
715
975
255
598
1177
408
284
293
1063
3
134
121
618
869
536
849
542
682
324
936
303
410
994
658
93
907
728
54
661
612
818
488
206
351
763
381
611
630
982
472
420
1072
8
837
566
817
101
271
1125
1159
573
124
651
308
396
1126
686
352
874
663
927
888
724
744
838
356
644
625
746
765
1016
218
237
460
168
847
43
402
760
164
470
807
656
911
142
325
588
605
932
2
385
329
525
945
1102
875
91
653
889
811
98
318
233
617
361
813
664
1137
894
979
449
89
1053
436
615
480
652
1136
601
850
42
548
344
1175
119
1045
122
52
809
1096
735
604
130
158
247
734
1165
241
887
423
117
595
58
431
322
965
881
312
1021
1046
802
66
819
1024
1010
1068
1138
379
859
970
1030
500
317
803
79
816
1140
1171
1079
836
636
286
1115
65
384
854
125
1157
1095
212
231
871
696
334
934
462
274
341
901
224
775
699
1097
156
824
1061
1130
454
764
673
520
1047
614
547
812
459
411
963
832
1025
307
13
434
5
953
868
717
262
908
695
841
1037
596
731
383
447
332
353
900
592
182
691
229
321
280
61
1147
1116
1119
428
225
851
362
263
1035
184
407
858
620
878
543
265
345
552
725
369
723
694
465
1071
360
810
748
135
485
354
600
806
278
751
414
998
738
608
1118
90
19
720
1058
541
740
435
438
984
855
181
884
377
116
88
914
148
83
217
1003
471
366
249
1018
97
1139
521
92
210
672
523
244
577
163
846
947
27
941
147
252
956
16
386
36
232
980
1083
830
337
742
1155
22
59
703
275
797
905
879
774
313
739
413
56
930
86
919
177
20
860
165
1006
1098
590
579
716
230
227
1049
502
82
503
729
955
933
594
693
350
64
138
820
300
236
102
357
1034
194
783
30
1065
1007
1110
571
131
493
510
279
972
886
964
681
842
713
675
535
305
400
551
296
647
446
902
391
444
281
21
526
169
515
425
223
1108
1081
790
685
697
1059
453
405
546
299
582
638
207
404
288
856
1128
508
692
688
198
969
750
390
1176
583
74
554
478
922
1150
1084
903
376
188
161
189
629
607
295
347
1151
348
684
258
1011
50
105
949
491
7
1057
559
139
1113
1172
197
1141
578
114
563
747
938
1076
1112
931
4
727
762
973
925
159
1000
733
580
987
374
47
481
87
193
393
805
57
427
660
203
9
704
891
298
561
170
1093
906
538
800
18
531
401
1158
450
1129
71
787
565
522
944
261
840
363
1013
978
556
1174
372
151
228
981
190
743
778
432
1127
179
895
1132
654
560
1077
942
1153
294
777
834
1088
221
920
76
504
506
1123
741
648
935
572
180
370
418
309
85
586
1103
28
442
951
368
421
678
676
441
63
1090
726
628
645
550
1012
222
127
642
753
468
55
867
245
789
176
616
426
698
154
380
958
880
1166
128
985
828
94
632
70
650
946
848
149
876
993
624
898
882
637
215
1038
1001
214
599
976
327
364
576
315
793
166
929
562
710
49
167
549
17
779
375
1167
81
1052
367
532
40
670
68
1170
487
137
772
152
483
1051
10
132
1162
1066
1023
674
885
1144
498
112
323
687
1036
864
1014
1026
722
794
72
776
689
31
781
11
398
297
289
346
310
916
394
827
461
666
621
1146
798
0
719
990
157
646
476
320
268
473
718
1028
1017
1029
1163
1005
1085
216
721
665
1022
826
602
248
12
568
107
1060
1064
110
769
387
373
1100
866
870
821
983
712
412
1087
35
1160
950
1019
926
208
242
469
845
545
959
430
371
899
113
48
873
714
115
328
1168
754
331
690
1015
235
24
144
1054
796
831
513
758
1149
825
786
14
988
585
501
1145
204
270
99
378
581
277
544
343
1106
395
340
773
1089
451
1131
336
649
399
213
557
667
100
495
569
861
45
804
143
463
852
234
623
1156
260
417
239
466
883
53
1099
23
512
109
872
575
1142
339
349
429
732
799
877
44
257
801
843
191
643
1134
915
1033
863
499
634
555
995
553
496
302
153
518
409
443
342
766
937
921
954
69
943
657
433
1122
737
173
509
219
668
939
126
1107
897
32
282
494
1044
1101
631
640
1042
507
835
511
700
1164
962
365
1143
358
209
38
591
264
986
146
705
201
757
711
558
489
992
178
1114
359
533
1050
172
961
1031
966
968
540
46
290
1173
823
195
41
256
1062
619
200
226
677
1070
457
316
62
338
186
205
680
626
389
997
243
