838
1076
866
917
593
1096
329
686
267
1038
73
383
642
851
446
763
407
32
341
85
435
387
651
162
28
1057
534
761
947
1089
453
596
1028
434
675
792
52
554
843
252
456
912
706
889
945
174
876
230
962
810
1152
1088
592
653
1073
667
1159
622
898
877
615
861
1091
65
445
616
308
915
41
33
243
427
150
354
172
199
823
258
129
74
501
669
844
896
151
834
720
673
684
1149
495
906
231
68
389
545
886
84
210
515
440
500
1098
1029
317
594
961
504
396
509
287
448
343
1074
1177
423
1034
934
298
374
991
195
426
1095
1139
648
948
433
837
531
654
251
1018
540
956
169
1175
477
229
709
133
971
462
1063
698
480
1016
168
356
613
1032
589
1042
173
510
105
283
754
742
585
1124
728
1171
661
11
333
826
299
237
1006
321
417
1055
676
767
1043
529
935
1117
717
677
194
209
1101
664
1053
600
375
286
897
1154
189
859
927
505
798
412
370
260
586
253
970
395
702
1081
60
1150
865
1056
246
695
131
360
403
1169
1084
949
819
467
134
159
161
919
517
601
904
254
145
311
1116
659
519
1163
428
81
1119
19
146
921
338
765
103
875
496
835
485
604
1121
957
187
666
775
619
813
759
235
576
379
463
621
985
577
758
836
416
958
699
704
872
325
853
595
572
929
951
508
47
1104
864
799
597
887
647
176
324
655
141
995
1008
454
502
892
202
528
120
973
149
513
92
132
779
1099
787
352
993
1036
602
472
359
1080
740
178
100
326
562
223
269
1001
3
248
928
219
186
466
979
232
807
989
342
785
272
846
895
778
38
320
123
220
1012
937
292
691
931
444
632
565
668
757
983
808
61
1047
373
883
392
1068
493
1138
1075
213
599
449
527
1164
1013
470
328
724
347
880
800
582
598
259
2
628
563
154
233
35
782
116
97
681
762
1102
920
447
1155
1137
44
157
868
881
330
913
88
1093
1144
244
1134
637
399
128
26
523
701
1079
64
75
1158
1156
0
301
573
916
1082
952
914
1069
382
743
309
901
503
796
1065
1090
290
1148
986
549
580
413
1135
1174
854
738
397
255
303
1170
110
83
36
348
93
25
50
756
1166
903
1014
273
1086
494
591
34
687
204
305
871
1106
817
15
640
72
143
1037
63
459
1021
487
1123
271
587
240
833
424
674
708
825
241
175
925
722
539
77
821
165
461
315
1004
908
678
1132
405
439
483
1147
930
208
164
828
771
458
331
191
726
247
801
610
1109
852
304
40
713
1161
62
588
980
862
418
636
605
918
7
814
310
1010
954
367
87
82
660
735
198
532
1113
281
712
1127
147
729
197
337
902
158
856
878
625
307
37
406
950
190
196
633
167
443
568
996
733
163
960
744
863
968
218
781
751
124
344
806
135
13
731
464
900
221
710
571
117
662
521
460
849
840
1051
153
646
489
363
764
30
384
552
275
656
1078
750
768
783
559
111
769
31
319
1044
261
992
42
140
1007
24
789
643
583
972
1128
492
1133
567
657
278
879
612
606
1126
295
555
627
14
964
1066
76
747
142
1
512
112
391
530
335
845
553
1115
323
109
745
707
486
1141
811
748
1092
4
922
998
390
525
692
393
216
211
94
227
345
634
475
469
965
975
404
263
671
723
256
238
70
355
966
86
293
658
885
266
376
1005
437
314
17
119
1046
270
936
442
20
380
1146
21
635
772
516
312
1059
910
638
938
981
289
476
1035
795
6
839
614
940
288
639
234
262
997
1064
645
499
629
490
1017
1130
727
827
611
482
334
815
941
39
388
401
410
969
541
850
690
990
1062
102
274
108
1172
1077
999
264
607
547
479
581
737
974
805
630
546
364
1167
955
277
438
1049
820
381
793
1024
450
609
715
46
803
703
294
368
1131
1040
670
184
891
327
1094
558
816
652
297
436
98
474
869
268
694
386
794
385
71
624
982
225
398
351
688
313
1143
734
177
543
716
608
953
340
125
79
574
1120
544
339
994
944
777
829
431
718
1003
114
421
214
1019
180
126
848
181
569
1054
366
91
185
682
561
870
732
752
867
520
358
48
1105
1110
55
104
152
1033
506
753
1103
422
788
963
430
536
285
400
672
1031
943
346
1165
95
831
1060
507
280
535
786
1173
1162
977
394
441
557
291
265
471
774
212
215
411
67
524
537
369
683
923
773
203
300
249
118
51
12
99
1153
414
942
1058
96
830
137
1061
832
217
570
1140
564
697
514
302
1142
144
296
1045
1041
909
650
721
566
579
1136
976
377
200
584
478
1025
139
29
481
946
58
250
498
575
1176
468
873
236
357
9
907
522
371
54
276
511
858
350
548
78
924
730
770
933
959
1087
711
207
89
49
155
1048
242
984
824
1085
679
138
27
452
760
1022
1097
1039
988
888
623
822
932
1122
542
939
1168
802
1015
372
818
518
170
533
130
361
8
1067
1145
239
809
1002
893
166
689
332
626
776
1026
362
10
967
201
122
1023
53
842
408
66
693
1052
415
179
56
226
192
432
45
741
465
419
1030
378
739
402
473
182
420
797
1020
665
115
1118
790
860
550
987
1125
425
1151
618
457
22
926
700
488
90
899
59
1111
257
491
409
1027
784
1160
1129
188
841
1072
736
1112
193
590
224
245
156
148
890
1157
306
279
1083
336
1114
497
725
113
484
649
106
780
663
538
882
206
349
228
526
680
551
101
705
556
884
755
620
1071
911
171
43
804
641
1100
80
5
353
316
365
455
696
560
160
18
874
107
1070
284
812
857
1011
631
746
121
766
617
847
578
1108
57
282
1107
1050
749
791
318
905
714
322
136
205
978
1009
183
451
719
603
23
429
69
16
1000
222
855
127
894
685
644
