307
976
385
449
963
178
203
248
53
537
448
52
374
106
755
190
780
500
734
423
1134
750
315
1177
366
989
368
311
736
974
609
521
908
352
182
158
399
251
409
176
149
610
429
214
939
10
180
605
459
567
36
341
204
205
984
856
794
349
1056
887
1002
855
544
391
338
542
160
627
682
417
683
273
1082
826
131
134
384
354
588
477
665
727
525
439
123
252
643
933
245
4
913
590
109
1093
268
850
806
227
677
845
748
128
883
347
90
394
893
697
716
174
648
172
290
440
392
1052
752
11
159
901
700
1089
502
6
506
623
302
360
786
742
229
744
168
138
359
839
673
323
915
111
1121
498
1057
408
133
241
743
373
547
657
1098
732
1011
1012
561
725
602
870
553
41
1154
1148
1104
426
636
1005
381
1017
1033
424
194
993
560
517
688
585
822
450
207
507
242
924
319
598
186
773
1049
59
283
324
526
274
55
161
9
98
1009
472
433
1053
238
329
572
841
411
246
549
489
143
224
792
929
978
1069
222
1129
86
578
889
183
638
952
932
1076
171
802
250
641
815
902
232
946
960
124
379
362
726
791
140
1013
911
625
832
328
33
971
96
733
94
1041
921
669
950
903
778
982
169
81
821
292
848
466
562
1022
237
1014
747
1140
269
1095
1141
1136
484
926
45
71
1000
267
304
878
26
1156
592
244
103
776
233
13
213
646
818
550
514
995
861
1116
741
825
795
337
930
1059
1164
446
474
356
580
824
559
1
987
201
1083
649
434
490
1044
809
231
296
959
656
620
679
473
853
529
442
1068
756
965
234
97
770
346
690
463
593
253
715
763
325
633
535
896
613
753
412
322
282
672
1168
651
503
545
1139
569
536
179
637
122
604
1112
612
719
554
873
298
694
255
193
69
925
355
105
398
728
909
496
1050
805
62
351
80
631
1077
519
1133
628
195
1019
1042
563
393
276
259
634
1021
702
68
668
1106
493
173
654
937
1147
906
574
899
414
956
284
1110
175
3
221
524
228
692
1061
115
334
662
1097
144
813
386
387
101
1037
820
1004
689
468
836
1158
783
1167
635
675
919
617
1075
458
263
121
107
295
866
166
934
591
803
1023
798
113
378
1081
303
772
82
691
857
871
527
141
922
730
47
985
1074
1102
852
710
785
516
936
961
1163
1145
372
754
775
309
777
522
50
344
1170
647
810
120
455
611
1126
804
709
555
492
655
1020
27
708
865
895
318
781
601
533
991
1100
443
196
321
454
1142
1046
707
353
1051
564
650
25
400
469
1118
87
480
32
701
382
275
990
1117
784
629
390
16
831
243
619
285
1066
65
704
1030
78
110
1176
790
403
513
441
731
1107
1131
1039
335
666
117
287
464
320
112
77
851
118
380
508
1111
765
260
1143
771
667
548
154
509
1157
93
72
266
147
289
779
407
828
868
470
89
800
966
735
415
556
1073
1114
1115
15
863
877
603
293
1016
262
1122
413
1151
223
999
339
595
364
56
84
758
1125
1078
703
737
198
530
187
979
583
456
977
834
538
858
890
967
63
475
357
998
1150
305
632
395
200
7
20
37
615
594
181
437
970
678
332
317
712
1018
271
749
581
75
980
308
445
674
881
167
288
916
297
949
1169
721
40
722
717
217
294
751
202
876
1096
807
1060
862
787
57
497
211
510
767
73
718
430
1146
1080
570
418
1166
768
608
951
1153
1028
236
416
880
579
534
816
278
60
1048
867
136
571
957
218
17
983
658
129
2
882
917
495
769
532
948
1034
827
764
680
38
197
79
215
676
504
892
782
210
1099
972
766
102
670
99
1138
557
1161
1127
1124
83
22
299
0
177
616
127
152
208
119
482
958
1137
596
257
139
811
1054
348
1132
192
156
812
1038
91
681
918
12
528
761
860
444
485
774
844
582
261
1162
640
760
35
165
1003
487
597
520
1035
713
927
872
188
1144
300
85
461
964
1119
1175
577
799
661
1087
135
453
58
838
336
830
645
452
589
28
885
975
551
843
874
51
367
565
422
185
745
789
24
740
808
486
923
488
1024
219
483
698
350
189
258
499
383
43
864
153
286
1123
333
388
95
994
280
1165
630
817
226
1007
1085
696
1135
363
568
614
1010
626
377
277
249
759
491
76
738
39
264
1062
576
54
1084
914
981
130
1043
746
540
875
907
404
432
427
660
457
988
854
1090
685
955
405
954
216
447
1058
757
331
996
157
310
833
505
1008
947
327
460
837
70
312
642
428
1152
518
606
108
34
829
587
1026
1029
935
920
306
66
928
1070
699
552
476
230
265
19
1040
137
254
796
92
206
687
671
859
1079
220
371
8
44
30
652
1006
600
370
281
146
1063
897
330
479
142
953
316
888
1065
14
18
884
1155
419
1113
256
644
835
48
369
163
164
1101
968
150
523
663
531
340
879
1031
801
986
1071
1128
912
942
67
1047
5
410
886
894
1172
481
402
279
421
793
29
575
541
969
1130
1149
898
116
1086
145
438
1036
396
148
270
840
599
199
511
170
891
125
358
301
425
723
739
814
184
326
900
910
1103
420
566
291
941
240
239
375
869
376
342
155
639
389
1045
573
1094
401
1088
705
478
586
1109
659
1173
313
406
212
653
345
126
1027
64
1108
114
31
797
451
88
940
607
100
501
706
1105
471
695
21
997
1055
543
931
494
849
467
546
42
272
1159
361
962
729
132
714
431
992
1174
693
436
235
343
1001
61
618
905
1092
842
711
664
1072
515
397
314
558
944
1171
191
973
720
49
365
904
621
46
1025
943
1032
104
512
584
539
151
819
225
435
823
846
23
762
162
1015
465
788
1120
622
1067
686
684
1160
74
1091
724
624
1064
938
462
247
945
847
209
