551
745
41
100
7
434
393
368
239
962
488
51
521
316
948
281
369
617
47
735
1094
4
440
937
791
976
910
595
63
172
694
559
242
429
640
1082
343
877
998
1057
122
767
627
743
1124
1076
467
1132
87
108
538
17
1054
411
15
1117
144
1045
1151
883
246
383
680
1099
1104
1075
161
977
19
43
219
1009
655
178
917
515
3
159
737
526
459
535
367
1163
602
823
403
599
722
2
1131
354
236
1063
885
302
1072
944
852
649
715
798
217
659
776
1023
634
705
277
12
645
341
956
311
1087
588
651
783
484
501
497
1088
870
831
918
573
849
1096
48
480
854
981
764
1157
949
773
1090
315
486
465
993
729
227
127
80
615
916
453
509
206
198
785
613
681
336
560
334
695
906
969
790
392
457
774
355
828
0
523
53
738
72
633
781
278
1095
50
107
184
669
264
657
518
839
209
210
570
566
156
374
400
720
822
1119
951
1069
59
365
921
1084
784
230
387
30
699
243
546
999
1176
524
1012
188
204
763
65
1068
271
22
119
95
876
584
395
530
824
131
9
157
1051
804
225
164
325
79
770
406
778
263
42
601
562
244
99
519
371
693
915
378
803
754
1138
1005
262
273
101
1016
57
891
27
299
661
226
1
479
889
525
407
666
788
759
985
1031
991
118
183
626
1093
1175
582
451
806
49
923
537
1111
1018
1161
454
625
1145
989
1055
830
384
106
913
143
799
331
706
579
1127
102
436
381
591
44
437
191
662
82
412
908
288
168
869
986
253
305
702
257
358
596
520
1074
503
643
727
363
914
379
1149
111
29
337
417
254
909
489
929
149
68
295
829
511
1107
40
189
820
309
1133
10
1060
109
959
563
1136
193
1152
547
786
1061
241
707
1080
1171
744
979
1092
557
269
474
648
446
130
502
672
930
995
163
192
182
881
234
160
1077
631
1144
642
988
867
20
420
90
574
1146
35
1100
833
527
571
933
1142
96
349
23
800
961
606
742
391
416
333
740
388
85
458
54
1109
402
214
709
860
621
593
797
450
853
397
668
133
757
1085
414
532
504
954
1062
710
81
471
428
1002
760
871
755
704
491
328
1034
1126
1089
879
931
807
769
540
496
456
1033
561
983
97
577
940
924
69
600
126
463
195
494
957
935
330
303
492
359
936
306
285
507
1150
762
200
1000
638
279
513
89
335
541
1010
320
522
950
352
419
205
585
607
975
1030
866
113
688
818
555
1048
190
752
939
1064
304
1040
964
1079
297
598
901
664
753
390
78
892
748
300
310
433
139
247
250
994
1050
653
493
401
64
984
145
815
422
344
836
569
38
1036
580
282
464
466
364
382
683
289
692
121
1148
1114
314
220
816
660
1141
259
481
404
793
845
922
34
779
842
768
482
438
635
782
233
418
652
967
444
1020
718
91
835
624
1035
448
1130
1167
134
968
658
270
353
644
1017
298
290
826
187
150
74
351
216
173
544
165
462
787
724
927
919
212
274
997
307
167
129
568
912
934
832
470
323
1105
1135
447
248
862
442
609
882
847
255
1052
605
766
366
370
18
751
1103
196
945
1059
45
174
686
147
780
750
925
697
677
612
66
578
115
639
1026
13
808
556
719
415
1139
185
510
558
1043
1120
73
435
1154
430
1028
1086
180
1164
1101
71
896
636
405
565
597
1113
733
844
873
222
534
856
972
60
736
741
674
286
670
505
235
531
947
717
819
207
231
592
875
941
614
202
347
375
1046
56
955
75
477
372
1038
622
840
136
409
1019
203
61
654
431
739
16
545
377
360
603
265
970
283
620
1110
221
841
894
141
721
229
153
679
858
62
792
93
1037
332
552
698
485
1170
550
676
952
313
795
495
339
960
1128
396
260
581
70
732
629
878
1123
423
373
326
146
268
223
801
228
123
86
746
424
31
117
616
319
125
32
1083
449
152
39
514
175
696
641
821
587
965
140
843
789
476
1025
857
1091
199
238
1165
487
218
256
1032
201
112
312
162
726
656
25
1118
687
992
348
92
1053
1098
6
427
245
812
1041
94
1027
1122
973
758
893
52
1177
490
258
874
5
887
342
280
275
586
155
665
920
33
398
690
542
1129
761
1008
1172
817
730
772
663
104
103
483
452
293
905
84
308
266
572
1081
583
506
461
240
473
324
850
37
684
1134
1001
982
731
327
208
426
469
26
148
1065
350
287
903
321
678
499
1166
1029
8
865
610
978
421
194
301
110
529
859
837
953
251
691
810
500
252
1066
1024
1070
512
987
899
932
1121
224
361
460
138
619
498
1049
158
177
478
88
926
36
276
589
114
728
105
549
1014
76
928
58
340
211
1056
646
863
1006
809
154
946
1168
671
886
553
394
825
346
712
1071
1003
1116
575
1011
888
703
794
814
432
618
445
734
700
900
439
632
650
508
576
408
1007
594
747
554
272
864
385
1042
413
1015
317
827
362
802
1022
1004
1097
83
1140
673
170
169
868
880
813
1158
468
472
1143
890
711
533
142
708
294
1108
846
179
296
539
898
996
98
380
611
1156
567
938
855
322
980
166
990
904
267
536
861
590
21
284
46
848
1125
1174
516
135
14
838
1039
895
1115
811
628
1078
771
902
171
215
55
356
176
608
357
291
1137
872
714
897
517
637
1044
475
716
1021
67
261
966
971
389
1058
77
765
1169
132
667
911
376
1013
543
181
775
723
701
963
338
1047
528
197
851
943
675
425
689
237
1106
292
756
410
1173
907
1073
884
1067
1147
1112
213
329
725
399
834
749
345
647
805
455
777
386
28
128
249
1162
124
1153
682
958
630
623
564
974
137
1155
318
1160
685
151
116
186
443
942
1102
713
796
604
24
232
120
548
1159
441
11
