308
965
222
631
961
885
31
987
951
668
1146
906
240
444
234
587
393
52
84
48
1042
500
692
1095
440
502
876
875
728
11
801
131
1034
276
435
1073
628
485
729
929
75
491
810
872
1030
1036
454
391
351
172
657
773
59
196
453
1100
60
149
791
1040
803
72
82
299
116
21
888
293
285
679
227
200
404
446
834
421
824
960
1120
104
271
1144
127
40
696
609
517
430
469
387
1087
708
1002
32
610
184
1020
479
278
589
153
89
98
605
316
520
720
1176
765
830
17
365
1039
808
14
1
1041
61
266
233
776
665
410
922
833
552
769
789
428
452
457
1162
255
287
324
841
581
895
674
1043
42
905
1074
545
357
228
893
1079
712
108
441
1142
54
1013
169
259
732
867
470
764
212
781
1152
934
746
1046
894
941
512
96
283
570
1086
989
19
186
843
582
142
564
957
725
1004
882
360
799
158
406
827
369
822
394
915
156
1145
927
540
1045
740
103
409
464
642
30
370
388
433
675
621
145
1109
619
637
401
471
251
161
163
1052
178
891
1107
798
250
541
279
655
429
1096
525
1161
836
614
111
123
575
793
577
826
427
630
813
990
962
531
416
928
643
914
971
49
213
199
445
913
232
993
672
364
243
329
1081
39
336
772
252
721
415
334
87
73
591
530
346
974
738
229
809
601
840
506
490
159
1124
722
144
1080
257
561
945
686
183
102
968
661
999
1089
1093
898
710
533
1011
65
507
724
1139
472
777
1031
1097
449
1168
282
788
41
146
543
1104
1137
923
434
220
762
209
361
1136
195
356
835
871
850
648
281
70
1115
46
856
1123
522
653
182
719
837
687
795
741
496
753
542
318
447
899
688
586
763
375
458
1149
37
1163
678
1016
304
396
998
604
983
1156
254
737
553
322
645
1116
62
362
202
563
1000
432
662
92
1164
996
425
897
825
99
314
5
1060
1025
889
958
443
66
585
1167
1049
651
63
371
979
238
1117
192
1051
726
521
79
684
210
389
693
113
2
1038
253
455
267
510
1085
109
107
1084
230
189
175
1021
616
947
269
842
1024
25
478
1017
815
820
492
368
1112
160
936
355
323
780
774
120
76
933
162
497
302
597
211
494
1177
551
1110
579
978
603
373
975
1173
775
509
912
408
505
226
341
562
547
727
214
930
1103
244
615
702
695
1127
565
1063
309
982
383
248
943
804
218
805
358
828
166
744
1165
785
206
698
274
1133
1064
38
147
174
185
907
407
476
1140
194
578
890
105
606
526
50
658
80
536
379
671
567
1047
475
380
796
807
223
756
442
177
691
504
176
873
555
938
1037
225
132
751
977
909
649
349
515
372
493
1151
78
954
534
130
811
749
559
650
904
180
571
339
377
790
386
91
984
179
411
10
69
320
654
858
1008
742
112
1154
141
973
114
296
154
301
1172
1007
44
1048
28
203
786
1150
709
330
437
484
787
262
646
902
258
883
392
436
205
405
624
165
319
378
477
300
783
680
634
988
1129
398
1069
367
399
901
874
716
310
306
714
1169
527
816
275
414
1082
303
572
944
976
595
832
198
590
83
1050
1099
164
201
528
1029
939
926
511
636
617
67
128
664
981
752
337
745
284
280
942
802
448
861
986
460
743
1075
122
1090
706
1158
755
1157
633
838
400
151
335
187
1015
1062
700
869
514
620
1018
663
659
997
288
215
29
1092
1019
249
652
596
846
1155
878
896
754
277
246
140
463
683
94
734
758
1114
483
580
503
1106
771
660
403
423
641
77
241
761
546
736
119
193
353
969
1076
759
516
1058
1113
167
859
473
344
204
707
350
1101
594
1023
461
748
1053
569
806
376
382
644
560
940
170
849
340
593
508
701
297
600
1054
307
948
607
868
994
666
347
216
670
402
18
903
22
1033
640
629
549
264
1009
817
1102
1125
12
342
291
1056
0
191
487
857
972
168
959
55
1166
970
34
574
524
779
173
1005
207
656
224
51
967
81
921
602
424
667
717
699
321
626
133
315
623
935
418
43
535
1061
188
924
985
1153
270
956
332
697
58
1098
466
768
538
612
955
757
438
689
1055
818
439
598
682
1026
556
1121
139
917
1105
920
124
925
1035
481
1006
15
735
1091
326
260
1070
1057
588
231
862
866
1032
397
1147
4
766
1001
100
1111
136
881
468
1174
23
910
343
884
635
93
197
1066
345
327
852
134
125
853
71
313
256
331
474
573
247
557
9
242
963
1003
845
848
778
115
1135
417
911
86
812
685
892
495
129
90
467
295
117
592
1171
952
489
88
908
118
844
576
739
611
305
1014
523
539
64
68
311
946
681
106
887
568
900
953
126
711
1077
348
1027
1134
713
1072
1065
33
613
1128
1175
690
181
138
715
932
747
821
317
171
995
27
74
157
263
800
782
632
294
35
7
298
519
450
312
638
625
829
488
352
137
618
831
513
465
797
426
583
1044
289
949
792
880
760
36
245
385
730
265
723
879
325
237
121
814
395
110
1012
819
366
733
886
937
16
950
1108
1083
135
566
221
558
639
918
47
152
532
462
705
8
980
290
1141
1067
482
718
333
26
1078
1132
20
863
456
839
148
584
1138
273
431
877
268
239
767
24
647
1028
150
694
548
217
85
13
919
155
459
916
731
53
1131
770
261
236
870
854
390
413
286
1170
338
794
864
363
1022
622
384
374
1143
1126
865
219
419
992
1088
750
501
855
677
57
1130
518
1119
1122
544
1118
1148
599
499
354
486
412
451
537
143
45
608
359
1068
991
97
420
966
550
480
529
1010
703
381
272
554
422
627
673
676
235
851
931
784
95
6
823
190
498
1094
3
860
1159
964
847
669
292
704
56
1059
101
208
328
1160
1071
