855
707
379
561
523
951
578
162
753
964
695
545
361
266
449
936
675
623
228
238
1165
832
110
864
983
42
49
1050
511
967
494
19
854
571
642
284
145
298
668
333
376
716
251
60
984
362
1173
703
1116
813
100
819
387
389
408
176
1059
1082
1158
344
423
54
1
1086
773
1135
895
37
375
1072
321
634
70
837
627
1131
364
191
349
841
24
693
1033
838
254
692
1160
786
368
906
657
219
618
40
590
203
253
1080
580
543
1129
127
1125
922
920
1030
812
118
938
745
730
21
711
294
859
371
194
468
795
198
738
574
654
646
1117
648
994
175
930
414
751
263
927
858
960
313
317
169
185
562
555
319
394
216
932
573
603
232
712
180
437
1094
80
1026
152
78
630
211
540
934
74
719
289
1137
392
803
720
350
1040
1069
223
568
781
200
1041
661
899
401
1145
323
639
140
928
1138
615
13
174
676
492
171
139
435
643
465
987
428
614
912
436
633
425
369
1022
359
833
1021
500
1175
741
2
148
395
569
1064
566
985
458
1106
7
391
224
382
477
593
255
814
354
697
791
76
57
547
53
292
750
1054
1017
89
421
713
1161
576
85
23
1052
865
896
265
830
1010
1081
762
210
902
682
121
743
679
1102
977
585
621
905
161
422
252
448
1098
108
166
1151
33
546
891
701
491
20
1162
346
579
299
472
1172
101
419
645
843
806
150
285
839
866
1149
513
999
153
407
141
1104
673
691
79
1000
81
1025
981
278
1074
962
329
973
961
969
680
231
214
165
312
307
322
793
339
457
1134
270
46
396
975
925
1090
665
61
1119
746
674
244
11
221
56
498
43
1133
1124
96
178
1174
768
948
341
796
330
1038
383
159
82
789
1083
1001
184
1078
315
116
591
366
1034
628
336
1071
772
822
771
978
958
733
438
1111
519
332
608
699
503
62
360
295
1122
304
326
729
136
995
631
87
823
869
1018
461
259
48
921
378
1060
308
897
550
950
1079
702
327
1053
424
275
193
58
480
168
102
256
112
242
447
1051
756
363
604
142
663
1011
685
553
942
784
965
857
1146
68
455
47
1067
799
283
243
372
883
453
416
667
1153
976
1061
944
340
664
75
41
715
935
980
1047
306
129
565
1075
544
463
986
996
151
681
402
302
1105
758
521
69
779
1136
714
206
337
535
432
800
892
542
655
808
649
1003
619
559
291
144
91
588
602
99
1029
410
16
844
1091
482
919
616
908
1121
267
72
488
1076
1097
752
735
1084
917
1007
4
1167
739
941
355
281
584
320
220
269
586
850
1056
953
516
640
662
534
1159
86
809
300
31
539
660
1176
22
6
400
835
904
164
479
257
446
199
239
143
1085
1005
1042
29
876
1103
785
651
155
537
154
442
52
343
988
671
245
968
826
1120
957
466
659
427
1154
549
192
377
483
120
694
870
926
258
1168
609
365
722
65
816
268
933
487
226
1113
992
570
613
486
943
45
190
972
708
1095
575
134
991
1073
955
1057
1148
28
780
989
1032
217
1027
527
182
1019
157
183
583
507
471
287
900
386
931
293
352
297
248
97
939
429
147
280
115
744
181
98
1143
385
262
998
412
63
945
792
229
464
787
636
910
862
761
740
606
742
77
1109
754
705
641
342
626
890
853
105
1128
732
635
404
878
600
158
484
563
1112
612
5
125
26
331
452
44
538
9
1150
51
860
179
1089
301
940
683
1048
499
357
126
1142
1177
1049
160
760
197
279
380
1100
444
517
476
632
783
834
672
1058
202
824
624
805
532
475
497
763
923
817
956
525
993
367
450
261
552
1043
828
485
1013
759
747
1035
879
717
510
390
123
718
847
286
473
528
489
874
119
411
209
946
241
1093
1068
650
748
595
10
149
310
403
1037
736
831
596
815
524
1127
637
93
188
607
882
840
467
420
706
877
240
515
889
493
709
1088
373
173
30
84
32
915
103
802
1107
963
1170
418
227
73
122
849
230
1132
909
512
207
688
755
318
893
520
884
557
470
678
358
236
611
1144
132
460
454
0
658
807
757
622
617
384
1139
901
778
625
235
95
59
827
370
398
39
1020
687
686
541
309
514
1155
233
522
1039
842
851
201
885
724
666
1077
399
138
577
551
916
1028
3
196
629
670
597
558
348
669
208
288
592
769
684
598
689
554
1066
1099
829
990
726
113
508
1115
303
1024
451
212
249
237
431
790
215
846
907
530
187
146
594
462
954
881
560
204
335
481
582
599
137
863
587
374
581
821
478
170
1140
495
131
1163
128
264
749
156
441
610
440
1126
1002
526
589
106
797
710
17
867
1008
290
501
92
970
880
502
690
50
109
677
572
397
189
564
347
767
88
1087
1108
766
1055
277
64
415
871
952
66
474
135
124
506
652
316
997
700
356
974
818
430
1118
439
434
728
647
653
406
804
1046
1015
177
274
213
83
94
393
1123
1171
770
601
505
567
353
1101
234
723
250
496
107
12
887
605
409
15
777
836
338
305
195
620
282
345
276
117
417
764
1063
868
1009
55
1065
872
1130
445
1031
35
737
776
14
34
734
381
1023
314
271
426
725
172
1044
811
1092
167
852
1036
443
1141
774
334
886
894
903
775
638
698
1110
490
325
1012
929
918
1096
133
1062
71
898
324
130
456
163
848
296
765
949
25
509
351
247
1006
966
861
1014
67
272
801
825
328
656
218
222
459
1169
982
548
529
1114
1157
556
1147
273
911
914
1156
782
205
959
856
873
90
947
913
433
388
1004
721
1070
845
788
971
798
727
114
810
405
186
1166
533
104
469
36
38
413
27
1045
794
504
820
225
924
518
1016
246
731
8
311
644
875
18
1164
888
536
937
111
704
1152
696
260
979
531
