44
153
3
28
162
48
88
52
121
43
125
22
29
80
113
62
60
12
133
168
111
130
98
157
122
81
42
116
169
82
45
79
103
104
34
163
149
186
50
129
134
118
15
25
141
56
0
93
181
170
68
178
166
101
105
61
51
95
137
146
26
40
152
102
21
63
58
32
16
64
38
77
173
36
47
139
73
23
143
14
179
128
164
6
76
39
145
87
53
140
20
84
46
19
10
99
160
65
49
86
180
72
142
11
5
147
127
97
110
85
165
13
18
55
4
78
124
187
71
117
1
132
8
108
70
174
9
185
57
75
109
35
177
41
59
107
94
167
138
33
7
106
114
131
112
27
175
151
176
66
115
155
100
74
120
69
183
144
54
148
24
171
96
90
159
123
2
184
37
158
89
83
154
119
182
67
161
30
150
135
172
156
91
31
126
17
136
92
