9
174
52
117
51
107
133
164
50
139
69
144
57
177
114
137
108
187
163
60
78
130
103
65
154
124
17
165
45
21
115
34
63
150
119
179
180
118
39
25
40
11
155
162
125
142
85
89
41
160
36
48
143
102
86
83
82
172
88
27
68
104
80
77
81
112
18
10
5
87
168
0
2
173
91
170
90
44
140
7
95
135
182
47
53
128
186
38
166
64
67
62
145
15
185
14
184
26
97
3
153
73
105
13
132
43
30
169
24
146
46
12
157
75
19
138
33
176
72
156
110
84
56
136
175
94
159
120
70
96
151
37
131
59
148
126
23
98
92
31
123
149
183
32
167
71
74
8
181
28
66
109
127
58
147
161
100
55
22
76
101
178
93
171
6
1
106
129
54
122
152
158
111
99
35
16
134
121
29
49
42
20
113
61
116
141
4
79
