110
85
61
42
41
76
22
62
2
37
81
140
173
86
148
149
56
36
154
16
167
114
183
130
144
111
182
80
47
118
24
4
63
66
44
171
52
20
72
164
135
165
18
28
95
25
109
40
180
14
34
141
159
65
138
9
84
21
17
23
29
90
145
46
155
112
153
43
82
151
124
129
98
157
184
131
27
54
136
107
35
67
70
89
7
88
146
3
6
71
161
32
33
132
133
128
96
125
113
126
12
139
50
87
178
177
122
10
75
78
39
59
152
150
168
185
79
170
181
58
119
5
156
69
93
123
115
74
97
186
60
64
8
57
53
174
83
73
158
94
11
172
31
143
121
48
117
101
15
0
134
51
175
137
68
91
105
176
160
169
179
116
92
38
26
187
45
163
127
19
103
1
166
147
120
104
162
142
13
102
100
106
30
77
99
108
55
49
