108
23
118
47
48
117
78
178
82
44
153
100
156
138
95
18
129
182
158
60
146
70
0
168
149
73
93
6
83
25
175
126
103
102
38
140
41
173
98
181
36
17
89
120
58
15
110
69
150
11
3
62
42
165
161
30
109
59
106
113
101
20
40
65
51
97
145
92
104
141
131
67
172
7
45
163
134
85
154
1
27
39
112
43
99
139
147
28
128
63
184
13
144
76
136
183
166
88
52
177
34
14
167
74
35
159
32
46
55
24
115
132
116
124
9
119
31
107
81
142
37
122
16
174
50
187
71
155
84
12
135
133
96
77
114
111
68
79
90
137
170
186
8
169
151
164
94
105
33
121
127
123
87
80
185
4
171
179
5
29
148
125
162
176
26
91
180
130
2
143
72
152
49
53
66
19
160
57
157
56
54
75
22
21
61
86
10
64
