10
43
4
170
73
162
84
144
7
1
26
70
8
17
143
72
130
60
32
146
102
55
163
24
27
34
89
76
187
112
181
145
127
40
53
156
149
148
171
99
42
125
79
173
97
61
179
31
166
67
92
131
117
98
30
75
49
161
106
164
111
153
45
167
78
91
46
165
69
183
168
147
14
180
82
96
83
186
15
159
50
174
154
80
101
35
36
59
136
120
20
29
41
108
114
88
158
22
100
87
151
93
56
57
71
110
176
3
51
129
139
39
134
124
74
115
0
157
21
169
2
81
65
52
119
37
138
47
160
54
141
104
68
178
11
44
105
16
33
28
86
113
77
122
19
109
62
135
18
5
152
94
38
64
9
58
85
118
182
137
90
140
107
150
6
185
142
121
132
23
95
48
63
12
155
25
116
177
184
66
172
133
128
126
13
103
175
123
