164
77
22
40
78
47
50
11
9
24
114
155
132
61
145
142
117
5
10
128
4
16
35
184
83
75
158
8
133
73
104
169
21
87
68
153
74
126
33
110
154
34
15
156
174
177
116
59
52
84
120
20
122
64
173
146
70
79
162
159
136
3
62
112
80
56
119
103
63
140
167
144
182
23
105
171
176
14
187
152
18
106
37
44
95
96
118
36
81
147
150
32
7
51
139
115
31
67
165
76
48
98
54
29
127
151
93
111
185
170
46
72
53
1
138
161
125
82
43
88
60
38
168
57
94
85
69
71
109
108
86
39
130
100
179
107
186
55
26
180
134
129
181
17
90
137
131
0
163
19
41
178
28
166
97
121
141
101
89
65
30
102
99
148
160
42
157
45
66
183
113
27
12
143
149
58
135
91
124
25
175
2
172
13
49
6
92
123
