106
186
102
75
30
132
42
169
47
177
60
176
133
43
16
152
179
155
5
113
38
26
129
52
59
172
70
159
154
15
71
78
29
3
131
142
94
28
104
86
121
119
21
174
160
99
77
56
138
184
157
18
91
135
68
126
64
89
80
167
93
151
95
0
84
22
73
117
122
41
180
127
116
165
24
100
65
40
98
115
13
2
153
90
171
23
170
140
128
109
147
148
54
88
14
63
187
83
58
33
108
96
105
37
123
50
125
178
69
156
4
66
53
137
20
8
149
101
145
163
12
46
185
162
32
168
1
118
134
45
62
175
31
173
9
11
139
72
158
146
49
130
103
61
107
182
136
25
35
36
124
19
85
112
7
44
57
97
144
110
76
10
81
51
87
150
114
181
34
143
79
48
17
166
141
67
55
161
74
111
27
183
164
82
120
6
92
39
