141
166
145
99
90
53
17
135
67
5
158
19
33
167
175
59
163
186
22
128
58
134
116
54
176
106
137
129
111
12
80
174
20
173
46
65
27
152
43
42
114
25
147
109
120
38
185
2
31
97
170
131
83
75
149
136
37
161
85
69
178
23
50
47
48
28
159
40
41
9
154
103
36
44
78
73
71
165
180
95
56
153
123
81
124
139
121
11
76
15
125
110
30
143
150
62
6
18
104
45
144
34
29
60
168
133
32
51
113
130
93
172
89
112
1
138
101
146
162
8
21
13
10
64
122
119
115
57
107
39
24
94
61
92
49
182
74
127
88
35
7
117
63
16
142
96
155
70
181
66
98
183
157
87
77
82
156
72
55
26
102
187
14
118
79
0
86
100
177
171
164
184
108
105
91
179
132
169
52
140
3
148
151
160
84
68
4
126
