138
100
137
156
99
27
98
80
143
77
93
147
169
87
20
144
118
180
67
32
134
18
69
50
74
60
47
3
179
21
1
8
142
183
113
130
185
115
9
63
34
39
153
0
164
61
170
133
48
23
186
117
152
145
41
176
121
25
44
79
62
112
13
161
10
56
174
92
35
124
22
165
181
125
178
97
151
4
89
158
126
102
129
78
139
182
184
37
167
111
108
127
171
136
28
106
120
76
24
148
2
11
150
132
131
66
163
140
12
26
122
107
68
53
31
52
5
58
166
141
14
173
116
103
15
42
105
40
16
146
96
101
29
172
73
71
33
154
159
75
90
84
175
72
38
83
59
36
51
6
86
82
110
162
45
123
57
177
17
70
88
19
64
94
104
155
114
49
95
91
168
43
157
160
135
65
119
109
81
7
187
149
30
55
128
46
54
85
