177
130
100
146
50
175
164
185
126
101
140
88
9
83
117
54
14
186
56
68
180
163
78
116
44
42
119
1
151
176
64
11
102
93
157
80
69
158
99
167
52
89
2
178
48
5
118
125
32
59
94
142
168
139
133
135
6
155
35
29
62
8
31
74
20
179
112
73
87
154
109
147
21
123
4
149
38
0
128
81
60
173
124
169
104
145
33
91
10
84
106
63
144
120
72
136
105
13
159
160
107
57
114
27
150
143
86
30
148
110
28
70
12
22
3
85
137
36
113
183
103
41
170
39
61
23
37
97
121
134
90
108
181
132
92
53
67
152
162
24
166
66
138
174
71
17
82
7
47
46
131
161
141
111
129
15
77
19
45
98
172
182
65
58
25
187
55
18
115
156
153
96
95
40
34
165
75
16
184
51
43
79
122
26
127
76
49
171
