3042
1472
173
3212
15
276
3100
2408
3086
1198
2226
1663
1646
3246
90
1535
3076
2870
3576
1518
2816
2018
176
2082
675
1250
1385
2967
2202
1562
715
2905
2815
817
1956
845
3204
3383
3434
529
3025
2998
430
255
2671
2626
2617
284
1097
613
1743
716
1228
3106
2515
1513
2648
1124
3166
3125
241
3157
1107
1791
197
92
98
1806
1334
1957
2345
1540
3313
2777
2491
164
192
2716
2597
2289
512
341
1327
831
3082
43
453
1001
1632
3504
1227
2373
1238
2074
1854
1719
65
1537
425
387
2913
3435
733
1159
3240
3135
631
1547
1125
2135
950
3226
61
3153
1809
3521
2547
3306
1148
2029
152
3559
3075
1396
1766
2220
967
1219
2535
1262
1167
1322
2735
811
141
1548
178
1795
2940
791
2338
488
370
2386
1970
2326
2241
1071
1876
2666
2718
2919
1827
3358
655
2582
1338
346
318
313
2966
2713
526
1985
838
2799
351
1630
3160
706
591
1918
2645
1369
3486
1484
2096
2955
126
3385
1595
1658
3182
3104
492
67
422
698
2755
83
1246
2737
444
155
2807
2531
1491
1004
2318
2800
1236
1423
3267
749
2157
2075
3562
760
955
443
1217
702
1260
1209
2543
21
3392
1469
3577
3342
2528
867
1005
815
3492
3320
2385
2274
1487
525
1442
1529
1261
1891
2738
1853
3174
495
1653
686
2201
881
2581
2743
3081
3176
3422
1973
1782
1972
3502
2088
746
3469
1709
2449
507
2920
3035
1233
1726
315
3266
3251
2591
1913
3095
597
2957
2674
1204
2380
2216
219
2984
1137
329
1571
2676
701
1263
1811
481
254
738
1079
111
3265
2115
293
2351
1994
3156
1735
1054
803
3473
2549
964
2901
424
1681
372
2883
3057
1949
3503
2459
1569
395
522
1490
1699
1393
2142
2801
2572
3322
1866
143
661
904
2580
2477
718
2709
3051
3379
1603
1058
2848
415
356
1916
2122
2278
1131
365
874
3022
818
693
736
2948
1623
240
1887
3311
3375
1613
1626
2847
2717
1864
2058
1366
3439
757
1915
515
3391
2423
3006
3460
2680
1925
1846
401
1965
511
442
2642
834
587
3532
2744
2123
1464
1820
1497
3118
2942
3015
3137
2844
1036
2120
2442
885
801
2283
782
1723
3036
637
2720
2899
2990
1982
856
1006
1184
2533
940
2411
3071
1052
2111
3372
3581
382
2174
1091
1717
2150
215
40
3070
1041
1206
905
1870
2930
1000
1677
2946
1845
467
1576
999
2548
3497
2965
3245
100
2042
1293
825
103
2239
990
769
2067
1588
1922
1738
2880
239
2140
1933
943
756
1
2136
2461
1533
2726
3061
235
238
3288
2119
1804
337
789
1003
1063
927
2097
1936
2887
2943
1105
1771
1582
2117
3214
50
1977
268
2742
323
487
1534
1989
1321
612
2401
1119
673
2478
3151
104
428
1275
2331
2102
1818
2232
2468
1292
116
1801
3536
665
1280
1011
381
271
936
878
163
429
1884
2217
3001
753
2752
1687
1088
1708
1893
641
282
2771
711
435
466
2586
629
1501
2944
2703
458
1732
2341
2222
2045
2785
2327
1880
184
3451
2402
2527
2093
1858
1881
1498
3458
2055
2405
2647
3377
3450
3144
2011
1103
1441
1256
754
1701
1296
568
786
1415
1502
1213
2393
120
62
390
997
2465
1685
209
1298
3016
2040
2654
3361
148
648
2824
2006
974
2895
12
3014
2729
316
2231
748
3494
925
2577
3046
411
2518
2328
680
1120
195
3418
3114
1043
2375
2884
2911
1064
1873
97
2675
3216
2276
437
2891
95
1126
1364
2230
2050
1482
11
2068
857
2421
709
2625
279
3338
461
1012
244
2378
2376
1777
1341
3069
2334
2724
1756
1029
168
3030
261
1343
1455
965
1290
1542
2778
2693
1814
1314
1951
3316
2025
1140
3339
3396
1817
2780
2284
2138
2570
2430
1578
2155
691
653
2454
1544
1729
1294
1821
1935
1096
573
1680
2368
2910
1223
2925
2262
3394
3089
1541
1027
787
1194
1229
325
1014
783
312
2745
2938
479
1981
3506
795
1401
3357
2199
2343
1382
3020
1132
2769
3252
3280
1557
914
311
3083
1625
2099
3078
1463
69
3113
465
88
1947
1060
3033
3570
3189
2792
1834
2295
3115
1609
968
3221
677
275
897
1421
2892
1727
549
218
2733
3235
625
2406
2469
685
2164
2305
523
2727
2137
1106
1528
707
846
899
3056
2270
368
1069
2503
949
3130
2249
322
2362
2909
2658
2496
2994
2818
2475
1336
3064
3247
3219
1046
2542
1888
3417
1339
2100
1047
1923
1910
1178
2971
1388
3472
2180
2171
3510
1130
1344
2162
719
1844
3324
3482
1347
922
1605
2350
2736
1695
919
335
2505
2000
3012
2076
2313
1061
1405
2609
2634
1186
2079
177
2565
114
1394
1074
1274
1010
31
2498
1722
2451
2159
207
1848
156
2731
306
632
1990
1424
193
2269
2962
2034
1672
1468
2560
2596
1383
2083
2795
3368
1898
1286
915
3407
2292
497
475
1983
2245
1715
267
202
3074
79
1451
521
3052
3132
1802
2529
3535
1086
623
1991
982
2712
2637
165
1734
871
175
109
3097
3215
2932
3409
2922
1474
2143
2043
1986
2682
1342
3480
2502
2813
2273
2974
901
1299
2843
1704
1033
518
2441
14
2254
954
2980
3560
248
561
3228
3578
3199
1164
615
3331
1586
2371
723
217
2861
1437
262
71
427
441
4
923
3146
339
808
1575
2419
2991
1499
3360
960
3443
1325
560
230
640
66
863
1606
1815
2056
1408
1797
1615
2536
150
2760
1270
1495
812
3415
3309
41
3050
2258
2420
1308
2914
2121
1177
2539
1315
1419
3211
3055
1803
1438
696
1024
547
1510
3456
1070
2215
160
840
229
1337
2812
1784
122
2681
894
3217
3485
1276
1116
2084
484
1584
3429
2080
2841
474
674
1971
1886
2804
555
2333
1899
2443
1152
1796
2593
2545
2983
1527
2754
859
1429
3241
1156
1065
298
212
272
1277
1062
2683
57
3330
2568
3
2324
564
3387
3500
2052
2746
2679
3187
472
2659
200
762
1265
3491
3169
2280
3574
1465
3350
3248
1200
2893
3193
1297
289
755
3373
2851
13
3547
842
1641
2612
2439
880
2194
1639
985
1927
2692
1730
1319
1998
3186
2867
2009
469
1657
1941
1066
2972
2594
2906
2701
2395
413
243
2831
1992
1596
363
609
3523
1652
2999
265
3376
1018
2900
91
3134
734
601
2550
1447
294
151
1914
496
392
1368
886
2763
1850
206
412
3515
256
2759
1245
2316
1092
592
1473
399
989
226
3363
2290
633
1078
2723
210
3365
2103
3414
3524
600
242
1938
2775
912
3045
983
3539
977
2985
775
60
2381
1320
1902
2766
1974
1075
1230
1633
1359
3238
416
3277
589
606
352
3583
627
2956
505
2764
1479
996
3541
1878
2458
1431
2342
657
3019
2916
190
2356
2501
546
483
774
266
1278
2474
2379
1403
1039
1736
2358
2562
3206
1751
2383
2933
1583
1559
1050
883
2708
2462
2941
348
645
531
216
3239
360
1955
2711
3234
1332
2151
455
3432
2116
1551
520
3374
643
3337
283
1281
2310
614
1903
3512
3009
2544
3005
975
1330
3126
2907
937
3359
1467
3244
128
1214
169
1420
1255
369
2470
1035
536
236
2037
1919
938
2404
330
3128
813
1610
973
3044
1750
3077
572
2869
3401
2553
1966
249
697
7
663
2382
2125
582
1705
2836
182
3445
1812
2282
1934
2504
1174
2054
2306
2898
3292
2228
3575
3402
349
3209
2627
2600
827
1488
2209
3017
1953
2605
3279
1456
3440
2337
1867
147
1628
3564
2636
2768
2931
2233
1744
132
1457
1678
1009
726
384
3184
1470
1361
2005
1611
3346
3487
2359
59
1788
2203
446
804
3499
1115
305
2954
1133
471
3003
2820
758
1492
1924
543
887
1519
3063
1008
501
1549
3305
3327
1648
1302
252
608
2299
2357
208
1742
681
375
2264
3428
320
196
108
2725
981
3408
3008
1285
570
2706
2981
1104
1257
2714
3092
2090
771
3080
2753
907
251
2833
3312
106
2259
2392
2660
3059
2133
1686
1193
2915
2319
1380
2144
3066
436
237
1655
1254
2485
2271
865
140
54
694
3378
3481
618
3356
129
3150
2001
1395
3323
819
1859
56
118
1101
2791
1500
3068
1581
2765
1781
1894
258
3328
3336
1082
1182
2020
2611
1849
3192
336
394
1851
3580
1099
3526
2166
139
3370
3142
1216
2008
1053
2022
1944
113
2969
1635
3442
367
1466
1660
2923
1799
761
509
1939
1412
932
2878
1189
2888
1871
700
233
1141
895
3555
2697
3222
3452
908
2806
1931
333
2670
2989
1753
2158
485
2112
3093
1995
2918
319
1612
1118
439
1480
1837
3099
345
747
1196
2846
1051
1142
931
1733
2575
1710
2466
220
3332
3461
537
2030
1904
2065
1590
1324
855
2573
2132
3162
2149
314
2039
18
1546
3424
930
1725
611
1367
934
1102
204
2554
2471
2152
849
566
624
1718
2398
2770
1404
3087
361
1594
1585
3552
3268
1445
1461
1235
2081
2829
583
1378
2641
438
3477
3542
879
2432
2840
310
489
1181
1622
504
3090
1129
2677
2036
1975
3354
1634
2200
1599
1565
1439
2130
377
2721
2561
3072
1048
2279
1692
1928
839
2607
110
1136
635
3471
16
331
2433
1279
820
3004
792
2173
995
3582
2019
2651
1232
2696
1247
107
1444
385
2073
1932
2556
1724
3301
2062
2321
2210
963
671
2141
1561
1090
393
1397
508
49
3094
3133
1883
3307
2673
1146
2690
574
1747
1976
2344
1264
678
2013
2238
89
2640
101
603
3164
3107
1373
1676
1049
2346
1689
3200
2699
3334
3170
2425
1258
1691
598
2793
1309
3308
70
3410
3478
1832
858
1486
902
3140
2251
2242
2453
3158
551
909
3225
440
3519
3173
1313
2447
2707
1697
1579
868
837
300
145
2266
25
2153
2500
3553
373
1114
1589
2748
250
3259
290
552
3549
652
1093
1493
979
1760
191
1496
2512
1737
1310
1847
3254
2440
626
672
1912
3168
2267
630
285
358
3537
576
3119
2410
688
3411
2016
3136
3285
1857
3112
1349
689
2450
2656
3295
1532
85
1819
2756
2599
2781
1301
3149
735
2148
3102
994
1331
659
2031
3430
586
1375
2124
64
793
502
1151
1558
2520
1017
179
3037
1407
620
3175
2424
1555
3366
1416
797
2526
3213
3067
770
1621
2298
1505
1979
2576
939
3558
1993
1165
3406
23
2995
2850
1807
596
767
2213
2762
2728
3498
1449
2964
2434
2493
2584
1109
2710
486
3565
2244
1191
3397
991
1094
605
3454
2814
3145
2091
3556
1026
3096
2192
1149
2622
3243
533
2525
3455
1649
807
3117
123
866
1694
449
2304
3123
1627
2182
1138
1503
3400
3161
2161
1907
3355
2367
2555
457
2532
2240
832
1282
2819
1786
2349
73
535
724
986
2805
2986
94
1896
2902
3404
581
2364
2776
924
3398
1252
2774
1446
2038
2632
334
1978
1422
628
1317
2101
3201
417
418
1153
1831
617
2456
354
1703
829
1843
579
493
2694
157
1489
540
2257
2467
2208
1283
1651
2912
2993
1636
969
3303
421
3369
3286
3348
3073
47
1960
722
3531
2853
1434
1567
3273
280
2486
1287
2407
750
3121
2317
788
3513
302
3165
1147
1295
1940
27
2256
877
1637
743
906
3299
2871
670
227
482
3395
3196
149
667
2234
3197
1430
2950
2128
1139
2608
34
127
1135
3177
1145
379
3294
1805
988
426
3231
3232
660
409
599
2361
3060
2845
1303
3276
1566
2569
1044
650
1134
739
464
2578
1929
2139
2904
2281
253
1345
1155
2783
2098
3154
1357
3229
2035
3511
3364
153
553
1999
1601
607
1755
729
2522
794
460
3444
397
1716
2657
2246
826
1350
2086
3390
3275
802
2689
3393
1038
776
2107
2134
3514
2127
3287
380
1856
1908
183
1890
1034
1352
2958
3326
1617
2894
3021
19
2348
903
2048
992
1597
918
1930
1289
2623
2838
2826
1515
2165
1253
1190
690
506
1175
321
1670
1754
2667
1197
1554
662
534
891
1273
2691
213
2630
2588
3034
3584
383
2917
1507
1761
2772
649
1377
944
2489
798
1792
2635
2480
24
2426
2908
1522
1226
1860
1022
2448
1244
2587
2583
2285
3319
3386
1112
3419
3413
971
1959
3569
3263
1016
2688
3310
1920
2494
3227
1162
2418
257
2275
1614
2015
3551
2177
1509
473
2255
3557
2354
2069
1143
1312
3416
920
3479
1839
3250
137
1025
2002
1348
2524
2175
1698
1840
1624
1810
3335
3304
2669
1187
588
578
1629
3098
1241
2196
737
3509
1300
1040
1080
2546
545
410
1354
1937
563
1906
2154
3029
2876
1203
3317
2722
3237
3572
1543
740
2579
610
898
135
1523
2113
532
3210
1772
679
167
2975
277
1967
2412
1222
463
2488
900
872
3568
1392
3433
172
9
299
1122
952
2147
2687
1085
1386
1631
2750
2104
1731
712
58
2903
3101
1020
1453
2534
406
55
3382
1852
1763
48
2978
703
161
2886
3155
386
821
1577
676
2051
2866
2685
1511
3011
32
1019
836
862
1089
3223
1808
433
2817
2400
1072
221
2339
295
1520
2959
1081
2004
2849
1942
231
17
2877
3110
2839
1172
1180
44
1895
154
28
3529
1987
910
2156
3203
2312
1720
889
2302
809
232
181
1798
186
3038
1163
1668
1037
2749
2499
3447
1494
2479
2169
1076
1773
2619
1514
784
2297
112
2996
1448
1877
3495
3353
1768
2145
39
554
170
1640
1381
20
3462
2347
980
2937
882
3163
876
3018
1440
2865
3024
3261
2517
499
557
2758
953
1702
1218
542
2053
948
1962
1711
2167
1813
2172
201
1305
1545
3544
1471
1249
2403
1521
1057
2010
1271
2329
1371
1683
1291
1073
1945
2197
1483
2017
3571
2858
342
3271
2649
1435
3208
1778
3260
3088
717
528
3585
2047
2003
1098
144
454
2105
1642
3297
656
3054
1900
1728
2508
2183
2567
2307
957
621
1185
1553
1855
2551
68
2185
3207
1150
2662
264
2363
3181
1829
1188
2436
1208
327
917
2495
2473
1095
1007
3258
407
2856
1157
1225
2874
3272
2757
2032
3179
3256
288
1307
2179
790
2509
3298
1667
2028
870
1176
2303
2603
3325
234
2288
3516
2702
3032
1602
1647
162
1240
1478
1202
3344
3195
222
1170
3000
752
245
805
1311
946
278
1192
2719
1400
933
2949
2811
1002
3002
1644
1682
3202
604
2988
1618
223
569
1021
764
1794
1607
2564
3242
72
3043
2830
326
651
916
2457
3470
2852
1869
2686
806
450
926
3573
3468
2934
3436
2514
1874
1835
638
2961
3475
2268
1645
2796
82
3554
3198
2482
1199
3183
3522
131
538
2
935
138
87
2460
1340
2979
3490
2014
2061
1224
2557
541
634
1524
3530
1374
3257
405
2881
2822
1215
1161
389
1083
3545
125
941
2828
2606
666
1739
544
2953
3185
1414
987
77
1269
3421
3333
3152
1173
1707
2198
1409
2110
3427
1964
559
548
745
105
1560
3220
3579
1056
2947
1696
571
3290
3253
875
1841
1690
33
1568
434
3371
2435
1059
517
2794
1619
942
3518
959
3380
480
2218
2170
2377
768
2872
498
500
174
1917
2370
1410
3501
1042
848
928
2782
2027
2464
2308
3483
1121
2315
3131
2490
3194
947
2951
1825
2224
1921
2506
1650
3120
3534
1432
2860
2263
2784
705
2519
3465
1284
1248
1355
1329
291
3180
2695
2247
2044
2497
2896
3362
864
3403
2747
692
580
2300
844
124
1775
1055
419
708
2265
158
2810
2389
3527
22
2438
3262
2243
2511
2396
2589
2655
732
781
1591
2598
888
3023
2311
2293
2049
2552
2229
3296
1032
1952
3484
527
984
2444
1304
1084
1538
1774
2730
2927
1169
1868
530
3289
2012
841
1028
869
2823
2705
1220
130
3351
1656
1068
2945
1643
1356
1675
3270
3255
1550
1570
833
664
1679
1391
594
3159
2663
3496
259
584
2207
1398
646
3141
3314
2195
2863
2399
1323
445
1417
2541
75
3283
2163
2369
1693
654
2235
1666
3420
2859
2089
2446
3463
2261
1365
1207
1740
1351
324
1563
494
1863
2026
281
297
403
3084
2211
1267
468
779
3224
1659
1476
2790
1620
1862
2277
3116
2786
2066
362
742
728
2620
63
514
1452
3538
117
225
1328
2204
970
1512
725
2176
958
731
830
2537
2897
710
3103
1767
1530
1268
3105
3548
961
1564
3384
642
1684
1108
3423
720
1411
2523
3367
2558
2431
1117
2740
2803
1787
263
187
2602
402
3249
3466
269
1897
400
3269
2360
1574
2309
1166
3028
2997
3399
2390
3039
1830
3048
2802
423
2071
913
2644
1370
2391
1988
2970
1015
1882
414
2063
539
2610
46
2041
1901
1552
3349
274
194
1243
2779
477
1638
2189
2936
2521
1406
2574
1460
246
308
2797
0
2188
3047
328
2604
273
3437
843
52
2973
2566
2413
800
835
2394
3027
3127
510
2108
2487
3040
1997
590
2181
2921
2330
3049
3143
658
2960
359
2808
823
2885
3520
2513
3230
2639
2415
287
1477
772
1433
1604
1379
2325
778
2131
851
2007
2287
2798
2939
2223
93
1237
2857
619
1179
3345
714
2109
2540
616
2613
1785
1031
451
2825
1212
639
1306
1242
556
3566
1762
3124
2855
86
2809
1833
1234
524
2618
2827
1450
2323
3147
3218
704
53
2077
3425
2788
459
2455
2741
636
993
396
516
452
1288
730
695
121
1333
3111
2178
2484
2427
1838
682
2668
828
1700
683
2059
3302
3528
2585
780
2628
2734
2615
766
1266
2616
1712
1765
1436
2882
1865
347
2057
1780
668
3412
2510
1789
1885
622
3488
1113
1030
3300
1948
1875
1210
2592
3467
2483
713
2751
966
1402
2492
2929
2387
727
1427
3172
2530
133
2272
3453
3517
8
816
1171
2168
1211
2372
2614
896
142
1358
1946
1077
1592
1531
1671
2715
2416
2982
2366
2335
2987
2445
503
2789
1828
3388
3546
353
1674
3108
2631
3489
921
3122
1376
2236
951
1100
462
647
203
1013
205
2476
420
2653
1842
2388
2935
1713
3389
309
1318
2033
2665
2094
247
29
5
304
850
1168
1836
998
408
799
78
3010
3543
1067
2832
1958
3563
2253
3550
2212
357
270
1823
1160
171
2926
1023
2700
136
3347
1205
1714
3041
741
890
2952
364
2296
3013
945
2072
3148
684
1757
763
2187
340
2225
3191
350
669
2590
3284
2191
1816
777
2146
2968
2064
2250
2340
2252
2322
2294
3405
759
1749
189
810
519
3190
1996
1399
1969
3129
26
2928
344
2661
224
1598
1748
1123
558
2516
260
2106
10
2834
1390
2248
2821
2652
1790
3493
2571
1239
2078
214
1418
1525
1892
2384
1572
3315
562
2624
491
1608
822
2221
2214
814
303
115
744
292
81
30
2559
824
1911
3291
307
366
1389
2633
1454
2873
1154
3282
2336
2481
1758
3438
1669
1387
2773
2286
1779
2095
2890
2977
3321
593
847
1580
976
721
2732
1485
198
1688
3441
2118
1872
1335
146
490
378
2463
2374
2070
1221
1413
1759
1673
1984
765
1793
1665
2643
6
376
854
567
884
159
1824
1526
3476
3065
2021
3062
1481
2664
1362
296
2868
852
585
978
2320
3464
1662
1968
3381
3474
1889
3340
3567
45
2864
2353
2563
2023
1195
2190
3457
1661
1516
2301
595
1556
1664
911
35
1475
2352
2355
699
343
2126
644
1183
2397
1459
2507
1769
211
550
2638
2672
3448
391
3274
1506
1963
2184
3426
565
1573
2314
388
3343
2452
84
180
166
2854
470
2219
2186
1045
1822
1721
2160
513
1905
1259
2365
1783
2024
199
3278
1593
286
3341
2698
2092
1950
796
2472
1741
1746
3561
3007
3318
1458
3171
1745
1363
3449
1600
38
338
3188
1360
3026
3293
3139
2060
2767
119
861
3233
3281
3079
1110
2650
3459
2332
1587
1272
1539
3264
1764
1144
2409
1861
3053
2646
1346
2862
456
785
2538
1800
2787
1980
3178
1426
1326
1443
1251
2835
1770
42
2414
1954
2678
3540
2621
80
134
1372
2842
2087
332
1316
478
1111
3031
2417
1752
1517
962
3167
577
1127
773
3085
2193
892
99
929
751
2085
1087
2684
575
1826
1776
2992
96
301
3505
2428
2889
2761
1909
2875
3329
956
2429
2879
3352
355
317
398
36
2260
1428
2206
2237
51
1231
432
3205
873
2422
1504
2601
860
1961
2291
374
74
3058
102
1353
447
1158
853
448
3138
3508
2205
1128
2629
185
76
2739
2976
1462
3507
2114
2963
1879
1508
1536
3091
972
3446
687
2704
1616
602
3109
2437
2924
1706
2129
431
404
1201
1943
3525
1654
188
371
893
228
1425
2046
2837
3431
1384
3533
1926
2595
37
3236
476
2227
