2289
4712
4182
1722
5341
1514
5224
4363
1438
5402
4052
3123
5254
2854
3742
4552
4298
488
1516
4568
85
3297
3331
88
5152
2257
5106
3642
1079
896
479
4260
223
5029
4857
3484
4682
4859
1361
3569
2960
3634
4754
5006
2918
2068
4908
917
2607
4924
2762
2208
1386
4527
3366
139
3546
1500
1684
5386
4459
5019
2927
3792
4135
4102
934
654
4534
1578
4490
852
1255
1784
2169
3461
2953
5287
4408
2024
539
3385
1773
3426
5296
4964
1420
5302
4144
3180
129
3147
1794
2666
5059
3682
964
2991
971
5218
2113
3773
3408
59
1103
947
1409
2461
5030
2323
3198
3710
931
4906
3012
2465
2544
1901
1052
3263
3432
1863
199
3905
4463
1331
1168
4538
4142
3690
1898
82
1565
2206
4184
2403
2592
912
825
3701
19
1965
1660
4507
3206
4557
4785
791
1934
2402
3537
762
1180
1216
5288
1836
4176
3287
1765
1033
1412
3573
3913
4830
1659
160
414
5176
4307
1821
73
2100
2850
3727
2602
340
670
567
5000
2679
2361
3969
5344
2758
4286
1529
4306
1427
3308
3165
3512
523
3481
3440
1705
4976
153
402
2553
5180
2920
368
3145
5264
3932
3663
217
1772
4195
249
3730
1956
649
5017
1537
774
2690
4844
3059
4031
824
4006
4062
942
4950
681
3019
112
2765
4105
2250
4100
4923
2455
2961
1393
4383
2897
2527
3105
5184
2636
4151
5412
3828
1823
810
5314
4983
587
3043
1196
4763
2456
1396
4206
3977
1300
2793
3143
1807
4125
4610
1418
1817
4055
2422
2691
2946
2997
1459
5146
5221
3565
1574
5274
2177
4932
1009
4294
3161
1881
5307
688
43
4235
4403
3955
2590
1803
4917
3392
4013
1433
1466
1391
3245
1443
1925
552
2330
4999
3903
2121
1701
2834
4886
965
5286
2815
26
3275
1880
4434
228
2327
169
3242
1245
3442
2686
3722
5258
579
1469
3574
4232
4881
3500
4480
119
4649
2365
4445
1917
2413
140
2244
1191
1899
4398
3213
161
744
4717
501
2407
471
696
300
1744
384
5060
2482
3397
1783
1609
4318
2370
2114
635
179
5248
4073
5395
2784
1380
2952
4704
4570
2913
792
3865
5233
3886
2468
4753
659
2251
4498
2724
4455
3553
3024
1630
2873
528
1253
2045
1801
4565
2906
1170
2994
2842
4724
2405
3202
2996
3339
3289
4512
2382
983
575
1532
1163
2831
1108
1834
4124
3375
2742
4587
1517
873
4116
117
4509
1975
831
406
3814
3233
116
1543
393
3148
4518
3467
4454
2780
788
2572
2077
34
554
4097
4737
954
4339
739
2698
4201
4639
3892
3592
1518
3689
2259
2426
464
2375
1038
1317
1252
5261
3615
4045
2209
936
2776
1789
2178
3157
1933
1140
2255
5046
491
251
2772
4803
4944
3211
2477
4595
2561
513
604
1566
1093
924
4581
3067
3497
3647
2063
4841
5182
10
4447
4703
350
3731
3752
1247
2530
1292
2899
1286
3834
343
1907
2105
2988
143
2373
1871
2968
871
4732
39
4281
4759
578
1815
4216
1610
4779
2829
3666
3295
804
109
638
3938
268
1887
2959
3562
2826
4331
4873
2191
4885
1926
4648
2362
5112
999
364
1450
1138
4256
652
1455
4115
3035
5331
2637
1283
536
2737
170
4342
4660
3524
3517
2838
1370
835
3527
4699
2253
3238
4163
2141
1260
1896
4146
4368
5376
1465
5166
1726
2746
1628
2299
557
858
2957
865
5399
5269
2386
5266
4513
466
4420
3075
4162
4823
4502
3354
4832
3053
565
3186
1667
815
4352
722
42
3670
3061
1379
3706
2752
2003
2409
4172
2312
3597
1231
910
1298
3040
3684
4580
4500
2909
3228
1423
4022
2624
2547
2853
1579
4492
846
2541
2350
1261
4258
1727
2789
4193
48
3115
4036
3547
2119
2823
2037
372
4571
280
1503
68
1229
1710
1759
996
2459
1149
2792
2855
705
5051
5401
1051
2376
3772
163
4355
2932
3237
2446
1493
1903
3529
1654
2894
5177
1338
4200
3526
2900
2730
663
4094
1748
3688
3431
4209
261
1430
1809
2325
4069
313
1693
3318
439
2896
2416
1030
141
3326
1551
4588
1979
4427
4059
2161
5275
3906
790
225
1850
1234
3889
4297
1249
2317
3292
2533
781
3718
3550
2603
4426
4177
4641
1822
3294
1049
2199
3570
1115
1985
1874
1627
3477
1889
2168
1472
4530
4665
4845
2214
3631
3986
526
793
4819
1006
137
208
1555
1189
3280
1613
4519
4826
2215
1095
2326
1251
5066
3357
2170
4468
4931
3175
1799
4994
591
4634
3649
1614
2567
4388
592
3468
1129
741
5160
3020
1329
3705
1755
1625
4708
4192
3860
366
1666
70
2715
4548
79
1725
4208
4295
3172
665
4694
3241
4225
3419
5173
2755
2864
4761
2517
1868
5055
2685
3284
1535
1916
5360
132
2301
2797
4253
4966
5148
1059
2034
283
3662
3110
1174
4899
1906
263
3253
1225
205
562
2868
1968
997
5038
4536
4960
5330
2249
4564
221
1877
3963
5072
1491
3151
428
238
3158
2279
3360
4941
2071
4995
2557
498
298
2334
3076
2427
1065
2524
66
462
2341
608
5268
1746
5304
4892
935
1631
5291
3187
1474
2420
4793
3304
3622
987
4096
613
3944
2526
4111
1592
4082
4132
3438
3013
1756
2166
783
5217
108
4411
589
135
4348
4989
1478
1620
2548
2029
1980
5101
3047
5349
3322
3858
2231
2160
5256
4647
3240
1435
3370
2721
3811
961
54
1728
2658
2672
3418
3928
2400
1683
4405
96
3281
5417
4736
2319
3508
778
3888
1663
2205
3283
4869
3409
4575
3079
222
4771
478
2813
3919
985
2008
1262
4139
2626
3073
510
1181
469
2321
3616
3170
3580
3750
2130
3672
3735
4262
480
1733
626
2354
5383
4185
2786
2305
1117
1371
1282
5153
1774
2433
5167
1679
4197
3399
2598
226
2388
4074
2138
4810
158
1988
3923
504
699
166
5016
240
2872
901
3586
360
832
1367
271
2466
2044
4905
4597
3585
445
4691
2729
2560
4014
2236
4738
1150
4784
2387
2270
5325
3897
53
84
3032
2760
3099
3853
2498
2944
3230
2787
4219
4441
3469
4956
3997
3843
15
4515
2258
4360
1611
1732
431
243
5237
200
2020
3842
521
2192
2743
4272
2931
2987
3976
3193
4075
4861
720
4897
2845
4816
1461
1311
4371
3384
1944
3009
795
1113
1458
2392
2682
4628
3563
1946
3591
2083
667
1692
2232
2049
3702
1082
3458
4415
3984
1860
1990
4239
1939
5195
2566
4949
5014
1770
3312
4251
5394
4051
1844
1097
3345
1967
5208
4603
1235
3625
3141
5114
3681
3650
1040
1647
134
2751
351
1330
5428
3557
3352
684
3221
3707
691
446
2313
1718
2210
4021
2775
77
4166
1682
5365
1995
2406
3050
411
651
1424
1373
3183
2688
1509
4556
1546
3306
4553
3457
3219
3439
2398
4134
5104
308
1070
553
1449
4290
2801
2004
3324
5076
1852
3437
4796
1522
3726
5120
1824
4267
1839
1838
4811
701
1107
2483
1894
586
5255
3327
3951
2101
1843
3403
1426
5306
1259
2115
3149
1694
856
131
359
1076
2710
4350
1622
842
2719
4922
138
441
3708
159
449
607
3823
21
1130
4706
1501
122
3875
2425
1538
4247
4624
1293
3639
3344
4555
2217
4153
1805
4805
4280
1492
4725
4636
3414
4106
5003
2542
3160
4078
1786
4473
3382
1893
4362
677
4164
3807
3456
2107
2246
1414
5238
3445
1528
2081
949
4344
1062
4499
1429
4550
1304
2892
3269
3769
3443
3335
5420
4325
2134
2556
2575
678
1175
3658
3675
482
2489
3753
566
3131
763
4431
3210
4962
3441
5202
1819
2408
5332
2833
5061
605
3596
3896
4007
747
2723
4625
4741
2806
5357
3398
4692
3416
1695
83
1337
2570
3078
4607
2153
154
881
3846
551
1199
3485
2497
2622
4448
2606
2149
2521
1294
757
2467
485
4770
2035
694
4681
4946
452
2291
3506
3293
5028
1037
5130
3520
2915
886
630
5205
3317
2652
219
329
4213
1131
1341
314
3795
799
4211
3224
2904
3271
5315
2522
337
4767
5171
1374
880
3108
3413
4678
897
5413
5251
1584
311
1000
1984
2844
2040
3510
1100
4321
2689
4085
3866
328
2671
3028
4084
2447
1672
5409
1368
2187
4846
828
3539
114
282
4491
1897
4465
2411
874
5156
3798
975
1548
5371
1202
4804
4010
5040
2228
769
3072
1549
1302
2865
5271
5137
2736
5367
1241
4862
5071
2315
4585
4319
5253
1316
1826
1788
3536
55
5229
4605
5267
1348
197
2795
3368
2768
545
4472
7
4680
4029
5356
1758
3488
1128
2947
2989
1507
2511
2193
198
5239
1272
5358
903
1134
2646
1729
3609
4840
3207
3361
2091
353
516
3465
759
4915
708
1508
646
509
5149
3775
4945
3808
3507
4252
3041
777
4674
1680
1676
3150
3194
4853
3422
1745
4077
5263
1436
588
2965
4
2933
3081
103
2571
1992
2664
2848
5418
923
4822
2264
3827
1876
3764
3915
3532
2441
3203
745
4828
4181
4521
1419
2013
2597
1827
4938
4864
3402
998
4293
3968
940
3055
909
1090
3671
1747
2435
4381
4467
4218
370
184
1017
1445
1213
976
5092
3641
2694
4088
3022
706
826
4436
3518
577
2142
2771
1489
4522
2099
4071
3825
3433
5095
2222
660
194
5423
813
281
1403
4482
4537
396
5345
389
44
4598
3243
603
2523
3273
1696
17
1087
550
5069
3353
2655
3998
859
2494
1083
3839
4154
749
5346
382
2846
4984
102
2320
2945
876
2484
1165
1536
1089
2401
432
2754
2088
3835
4070
4874
1263
4379
2684
4108
4027
493
2038
3102
2463
148
5419
1796
363
1172
5429
4188
3809
2285
721
1561
1044
2573
1119
1615
3916
718
2983
4150
5322
425
2372
2805
1186
3683
3575
4317
4035
3118
2450
475
1673
1598
4452
1828
3127
1289
3144
3820
2599
5272
4764
563
5375
4969
1116
2582
3489
2645
2929
4972
5405
4772
674
5427
2966
259
1242
1499
5075
746
887
2140
1365
4970
1608
2644
743
957
598
543
3244
3250
4397
5363
2565
2596
2472
4496
4951
5110
1105
977
2227
3023
1125
1738
4688
1792
830
3687
1096
5289
1254
768
3949
1375
1810
80
4300
3152
3251
1542
943
3475
4056
28
2675
321
5093
724
754
1845
4791
2993
3657
3296
3771
3159
1382
58
1511
3111
1099
2702
4497
3694
4968
1969
5262
172
1193
1389
1563
4778
4446
3703
5115
4679
5138
3679
5155
1029
5368
1626
1468
3806
938
2958
3576
3836
2263
245
4377
1448
3490
2112
4204
5079
4090
3514
1847
3155
5192
3197
4066
3387
3709
3950
1632
3420
1173
3797
3256
3845
4954
1488
4661
4087
187
3869
16
4593
427
1678
4991
3756
2921
995
2882
941
1857
4228
4677
4528
916
4143
4672
424
573
2200
2229
2165
847
3815
1342
3068
3847
833
4329
2884
3629
944
4130
1178
3030
929
2180
2352
3128
2254
3404
733
3826
4690
2135
1665
3265
969
1405
5105
2538
3130
5297
5012
4119
4731
5305
4287
4545
601
2528
2707
2005
2756
1236
3894
1769
3632
5398
4148
3640
3956
5396
1481
1392
1832
2830
1185
1156
4255
4757
2280
3302
4303
1856
1911
1961
1649
4098
711
3428
1655
1520
4918
2358
707
171
3541
247
203
797
3246
4376
1664
3267
4721
2661
5353
4656
1681
4504
3134
2410
457
5200
3678
2964
3227
3025
1416
2363
4338
4214
2492
5310
1378
5212
4483
2986
1351
544
4888
4160
525
1359
1094
5390
3188
2151
91
1356
4159
3530
51
850
1073
3531
784
3351
877
2343
1209
5085
1521
1800
4079
1395
4265
657
3359
4359
3129
1910
4651
4609
776
2437
1002
740
3540
1790
4768
2139
3498
4643
3909
3589
3911
1390
2314
4578
1201
5246
1719
5109
3595
4421
1861
1526
497
4903
3104
5151
1411
1159
3862
95
1102
4554
1183
1662
2316
1575
3248
35
5338
2012
811
2641
2364
3139
668
230
5190
4541
2061
3103
4469
2457
5074
405
2198
2537
2
5041
1019
945
386
5277
5124
676
3920
1045
2336
1674
3630
3929
3991
827
2643
5010
4250
5300
1928
2979
3964
1198
700
1539
81
1250
3064
4837
3783
4590
5421
2640
4900
4895
1139
519
4464
3985
421
1369
2155
5102
4249
4975
1999
4065
3466
2683
524
3599
4477
3044
1929
2885
1760
1428
4012
5077
5186
60
2074
2939
3209
1320
100
4998
4034
918
1480
2654
342
489
4284
2395
1531
1571
3960
323
2785
687
4619
5098
1808
4053
734
1778
4466
435
254
3549
1333
1152
2342
2849
3965
4563
4979
4289
2462
561
3715
5082
2335
4965
2333
5385
1349
861
2474
4384
4510
920
2097
2311
3967
3179
3535
555
2499
3819
1437
3714
404
4676
362
1878
3548
5174
549
4236
3480
2712
4083
4663
3003
2798
2464
3091
4542
2269
1215
5044
742
4046
845
2963
4589
5165
522
2025
3388
118
5086
4875
136
2381
3407
121
3077
379
3523
1142
585
5128
115
5042
1963
2348
2451
2627
3851
1310
1460
1950
4243
4025
2546
927
4613
4322
1641
904
1886
2016
2324
863
3282
3065
2609
1309
531
416
3999
984
698
4194
3990
617
1908
4017
4456
440
4733
1987
4755
1307
2502
1583
4488
3767
4089
3336
4395
1585
216
4747
1523
892
2886
3154
960
392
1446
4959
4128
4019
6
4916
908
4494
2866
1398
3278
4217
2033
3924
2014
2076
299
5316
3300
1930
1644
5021
948
1709
5008
4866
4925
620
2293
3429
3479
3736
4121
1323
2102
3665
13
4543
2985
3844
1188
468
1237
1650
3680
173
5022
3868
4264
3192
502
1036
5294
256
3114
926
5169
1594
1734
4304
74
4579
3893
3788
4577
5216
993
4710
5094
4378
1462
1515
2073
4433
195
2062
345
1127
3424
4039
474
3173
5194
1593
3646
4525
3899
2378
5350
89
1533
3515
4140
3093
3121
4028
3513
4493
4829
2998
775
3859
779
816
3751
5048
1200
1936
5232
1568
3971
911
4410
3793
1496
2126
2469
3133
1697
3648
2520
2875
3782
614
3729
2046
1669
599
3364
1761
2591
4419
634
1457
3015
992
397
594
3993
3031
3765
2184
4202
5283
2171
2714
3176
4231
1208
4794
3063
3653
4877
5270
5242
2272
1776
4432
3759
3904
1147
1712
22
288
5278
571
2529
4396
4745
258
2095
541
453
1498
1137
4774
3462
3231
3191
3266
1016
5118
4328
1989
2318
2648
2577
800
3401
2783
1015
2767
1301
3555
4443
5158
4766
1404
4855
5084
5231
2260
4487
69
5063
2359
3743
1291
2345
2445
2175
1970
4470
101
2905
2117
794
5141
4503
2452
1914
3374
4215
3262
3140
950
2819
2488
2438
756
1591
1166
1912
3330
5001
2181
610
4485
2278
3164
3978
2070
1960
305
348
5049
458
349
3855
3822
3867
1993
168
3411
714
5333
339
3218
1642
1602
3804
127
4958
2859
2663
90
2486
5204
4584
270
4358
4657
905
4517
1212
2687
633
1919
2109
726
1008
180
409
215
4909
4418
495
1806
248
3605
4675
1055
2670
3755
1720
3737
1222
426
1158
3018
2747
4366
5197
682
2218
5161
5313
41
2371
849
1226
4879
4226
1278
4953
2822
3372
3624
508
583
2703
4072
1640
104
3071
2576
4700
1328
3057
568
1981
4524
5400
3499
4591
264
1112
214
2525
1920
4308
3784
3983
2633
1562
2956
324
2007
4974
3234
1240
4117
67
1840
3878
2353
4715
820
4004
5078
3719
5407
2883
1957
3651
1763
906
3126
1657
4048
61
2656
2397
4719
2580
1892
234
2001
3056
3491
628
3989
2384
4988
3794
4324
1952
3522
2110
1308
3217
2174
2735
499
4780
1013
1383
422
1399
2449
3738
1397
4539
4489
1545
900
5047
3319
4191
703
2303
5295
2093
647
3516
5150
2977
1890
423
3608
1698
4904
1937
988
1141
2241
772
3348
643
3829
2593
5342
3594
3561
3791
4471
2487
4574
1735
3459
1035
4787
3941
868
185
4650
4161
1285
3315
2777
4981
5175
4361
3410
3222
331
2505
5380
4389
1207
4451
4652
2094
1056
932
1221
1617
4720
5388
4334
4977
5143
3781
3189
569
5147
4523
2308
4948
4907
1883
5198
673
893
3483
4506
4798
276
532
3085
378
486
1534
970
4802
3528
1675
1873
4547
4749
2791
3873
2021
213
2862
1909
1775
3097
4684
307
1530
951
4996
4928
2796
2601
1938
4067
3654
1767
5309
1018
2213
2310
133
1606
330
1959
2374
1194
751
2948
3774
5389
3887
3699
1599
3000
4190
1377
3006
2914
1143
3290
1547
2501
2031
327
4898
286
5351
111
5364
990
4370
1487
5397
4702
98
204
640
165
590
1702
5005
5123
4526
1882
1206
4437
2660
4990
1434
4821
1479
5087
1913
3005
2124
1900
3260
1336
4673
4023
3914
3369
1385
3460
1077
37
4186
4670
174
853
4278
3434
2807
3181
4439
2185
2940
2087
629
4600
3854
2284
823
3107
266
5247
1161
3362
3088
1955
4851
5355
4167
3837
2182
5178
3216
5379
2949
4212
2092
4315
1314
1114
5236
4354
4586
748
4484
854
2809
5362
4210
5039
2495
3617
3720
4572
3962
1280
227
2415
3288
3347
2235
71
2247
2911
546
3583
3092
3305
1086
4335
4168
3356
5011
4986
3389
3638
4880
2919
3258
4750
4220
4157
3602
2086
4789
2916
2018
2891
3937
257
3501
3824
1421
3954
2473
1148
5230
5290
770
2069
4312
3505
2562
1335
1394
1974
2043
1160
5252
1279
3732
472
371
4407
4569
4775
3328
4934
5122
2518
4091
2211
1075
2800
4311
235
4808
202
4842
2136
3166
4026
2569
3636
3660
3716
1171
1986
3872
3033
3474
1588
4118
2506
1154
4104
2503
1306
2858
3511
5203
819
1467
4337
2835
2065
3621
4746
4001
3340
5056
1275
3833
2701
533
4985
4086
246
991
2230
3879
867
3921
3790
1811
4273
1440
5052
3259
461
527
3970
3453
1058
4549
1027
2172
1587
4820
1781
2394
4205
786
1182
5033
1326
3494
3538
518
902
2399
2202
4952
789
1947
4365
4910
4870
2428
980
728
5168
4424
334
253
5127
2039
3934
3496
1945
4615
1464
3917
4978
1768
875
2431
1355
2195
465
1022
4269
4868
2934
3884
1447
4057
401
767
3270
4529
4076
344
5179
4782
3255
3700
2366
3471
2651
2245
3779
2889
3142
1401
1439
4050
834
4374
175
4127
1001
1869
3200
895
3430
3249
2876
2480
5131
3861
3757
2605
4037
1923
1031
2360
2010
3717
2233
1740
4748
3645
2036
5188
1164
1187
1281
4149
1513
2332
4940
4229
5282
3095
4561
1484
1135
2510
898
4299
3069
4889
611
1110
879
4546
2515
5426
5062
4155
4620
1406
2300
1931
2072
1652
2385
1691
2047
1853
3551
1256
3195
2295
4632
4246
2629
2733
436
144
4742
1081
3789
4413
5308
5020
2351
1257
2943
5211
648
46
4685
2969
4520
2132
4618
5260
3261
3349
1324
529
4933
1905
695
2531
1670
709
2728
4740
1635
3673
1340
1366
738
4695
1687
14
4101
380
3972
4129
3877
3463
530
4758
653
1581
1837
1034
365
821
4722
2898
5311
3444
1347
1951
2550
3026
2042
3058
4505
1264
4442
4357
2727
3803
5129
2508
1787
3871
3014
1798
4276
5370
398
3556
3135
65
4943
2423
3451
4937
1866
3704
1179
3427
4068
341
3196
989
1023
3153
4310
1872
394
4207
1046
3933
3405
2337
2808
4005
3581
3394
593
27
4997
761
4776
2928
933
3163
4982
4689
2212
658
4727
2711
2079
817
1964
4277
3
4980
4729
5410
4136
5024
3239
4054
2196
2995
2766
1932
1109
3435
2404
4428
2514
3285
3264
3943
582
2639
1312
201
3343
4347
3011
2903
5170
686
4409
679
2720
3337
1706
1248
3016
4399
2732
2981
347
4601
1124
1332
891
3400
2167
1485
1204
3852
2057
1699
3739
5023
3299
2286
4242
4614
375
3763
731
5027
3564
4002
914
3386
1219
5299
3365
506
857
3492
5404
3174
4926
2532
1345
4599
1766
3182
3235
505
2907
5414
419
250
972
4532
838
162
2631
3785
3880
4592
241
1069
4812
4372
448
5002
3272
4872
1453
1126
2125
2649
3220
2288
3010
1841
4009
1870
4279
966
1586
1605
442
4475
5425
5354
4921
4666
1618
211
4305
2383
4655
3713
155
4016
1012
3086
5369
1327
2064
4198
0
4730
4911
3801
218
921
1714
285
3070
1133
376
1054
2955
2700
3168
1028
662
4683
3257
2604
2471
3637
1954
4438
5321
1616
4092
3614
4042
2668
4813
3381
2610
5157
2536
5113
4752
2980
595
3588
4175
3495
4559
4040
3052
3800
5318
4705
5298
3623
1497
346
5227
93
1313
4891
5320
4713
403
4576
4081
3559
3436
291
8
3677
1949
4629
2657
1167
1619
5317
3042
4876
1315
1277
4890
3544
3208
3992
4734
3084
2331
1510
2881
3363
1362
511
625
1567
3697
3692
1176
612
190
2574
2444
1287
157
2887
1658
2950
2759
3277
1482
4453
1305
4259
437
3136
3464
4582
4814
806
3974
4711
390
3046
2802
5222
2673
4227
3212
3778
188
2973
3816
1343
574
2424
3667
4788
1576
4644
3849
3626
2635
492
152
454
4831
130
1505
1762
2978
4373
5053
1795
5199
4781
907
3864
4440
680
4165
1707
2564
1415
4285
2032
4495
808
2513
2902
4919
210
1524
2962
4486
3395
2619
3721
1346
3728
1891
2984
4871
309
1297
2588
1953
145
4152
1582
444
2744
547
9
3350
5228
4030
4646
1265
31
632
287
3074
4375
624
2298
3307
5206
4261
4018
3124
5187
2355
1080
619
1519
3449
1829
1855
1085
5025
4801
312
2116
765
1047
3225
2075
5125
894
4120
275
5334
417
1318
4178
2203
3669
735
4296
2971
191
1270
3112
812
2667
4170
2748
1388
5154
4728
1749
2697
1638
4707
1813
2774
4664
5050
715
4003
766
3116
4514
1067
4604
2857
3543
3199
3038
5145
3659
1151
4583
1848
2820
1267
40
4240
5214
3754
3371
3900
1363
4743
3766
2265
1162
476
3627
335
5366
3286
2027
5408
4330
2082
5111
4425
1376
4847
4263
2396
3988
3958
2709
2481
229
4041
5068
2922
2910
2790
5359
4560
3094
963
3652
326
183
209
5301
3001
2478
3232
2970
297
3393
2739
5189
4739
2908
2976
2148
3376
3874
5377
418
3927
29
4920
2491
1504
2059
3966
322
958
447
4930
2379
20
5335
113
753
755
4551
63
3162
3838
86
433
332
717
1442
3274
4858
5219
2827
4833
919
2923
2613
3881
4723
244
412
4257
843
4369
882
2895
5065
3367
3087
4230
4901
2578
2860
5207
2699
5337
517
514
4481
2266
1238
5037
962
2442
1690
2329
1190
2084
1757
4238
156
771
3066
2267
4992
1793
841
1387
2669
2225
5009
512
3236
1741
3503
1284
3276
4406
3799
1021
192
1502
260
4914
4103
5303
5244
1104
410
3926
255
2066
3895
1723
2030
2625
3329
2718
408
2015
2967
4662
333
2261
3840
52
2194
2877
3185
2118
4760
1417
3908
4283
801
899
2276
3973
2096
2749
2054
167
3027
3747
2810
356
2019
3472
181
1184
538
2493
2642
4501
1220
3930
2938
2338
3939
4882
4626
3606
3901
4449
967
182
4145
5119
1106
3912
4726
3907
2340
4254
2579
4697
559
818
4790
124
1091
4336
5015
1569
5384
2925
4183
1197
1072
50
3452
2539
4271
1994
385
729
4011
3323
3590
2290
2262
2583
3470
231
4292
2878
1715
36
4961
1155
3039
2558
1239
4221
3089
1210
1157
5097
5378
57
3448
2726
750
4189
2496
5406
3377
4314
5103
2595
3060
302
982
5240
3818
3321
2653
3122
922
869
2863
3454
196
2851
5226
764
1601
542
2296
1603
377
407
4245
1825
1246
1319
2147
18
785
2869
2811
2281
399
316
1653
3417
2678
4633
1918
3812
4291
3048
306
537
3425
2650
4107
3156
1624
5117
5319
273
3600
656
2226
1101
4268
147
1364
176
1413
5132
443
23
2176
1296
1005
2252
477
716
1713
1205
5243
690
5250
3582
25
1060
1865
1867
1600
1590
206
1092
3587
3607
2516
1223
4000
4064
149
2856
864
1486
3940
3117
2638
4248
3661
1940
2623
2617
1971
3882
78
4385
1700
5018
4824
4630
2753
2048
3883
1057
3332
1111
782
627
2173
4848
75
3723
4971
2127
2708
106
1123
3320
232
2183
4044
1637
4596
4133
2460
1288
4109
5382
5327
1764
3947
1688
2137
5100
623
4867
265
3493
2812
5234
1785
2412
4658
5163
3691
4825
2757
1230
5135
655
3080
3045
1816
2026
723
2717
2990
4122
520
2540
151
3552
4099
2017
829
4241
1063
4809
1334
4147
2615
2611
367
4511
2163
3712
3776
2954
2368
4392
3316
4141
4912
803
3770
5257
5387
4612
3571
2912
56
5133
5392
2002
496
4180
5139
4635
2103
2936
5422
383
1512
4430
4963
3619
338
3821
3959
4171
301
490
415
4751
1639
2414
310
1146
97
1043
4479
584
2023
4854
3113
1717
5323
3029
2157
4913
1553
470
5220
839
622
2051
1451
239
3291
2277
4744
4341
3406
3455
4460
5183
4902
4756
4817
1804
3036
4038
1098
4653
4957
2750
2052
693
3226
92
1564
2621
463
664
5036
3007
451
3787
4621
3486
1818
4701
689
809
3994
3215
207
1862
3125
4400
4606
3396
3137
5067
1550
3201
303
4567
1039
5201
1544
3037
2271
2369
1353
1020
2123
2204
3008
5007
3098
1651
5058
123
3390
1088
5213
5140
1025
2778
1477
2628
2417
3610
730
973
5159
2067
4544
2585
2089
292
1797
4806
1751
4856
3931
1541
4622
3946
5339
4158
242
3857
38
318
2695
1634
4516
4669
2677
2485
851
2692
639
2600
1410
4435
978
4893
1471
4631
5191
939
2713
4270
798
450
3674
4394
2781
3885
1432
4616
2058
883
2824
1299
272
1791
1268
4316
3303
1050
262
3777
2490
3509
2429
5416
3205
540
1177
534
277
164
3229
3566
560
2237
697
4047
737
1483
3138
4714
1927
889
2439
150
4061
4783
2154
33
3521
3848
3334
2519
2647
2216
3633
3184
3476
3948
1557
4429
3805
381
2814
1144
4939
2761
2696
3698
12
1224
1753
1661
4640
3601
4346
2741
467
1935
4110
269
822
3760
1597
3936
3980
2770
3733
4301
5393
4402
2421
1303
837
1400
1274
336
1243
805
1068
2803
1879
1276
1721
5089
802
5280
3346
5343
1812
1830
3341
2357
3635
2223
2391
1978
1948
3049
296
2238
4818
4786
99
2861
3696
47
2586
814
2274
49
120
1589
4562
1972
5336
456
5381
4032
4320
387
5083
2659
3504
4693
438
2706
4795
4838
4332
1577
4792
2009
3762
4367
4237
5091
2430
5265
252
1556
2221
4896
2186
2000
5223
5273
3996
4112
1833
1064
1452
2022
3310
1704
3333
5259
354
4326
1904
1122
3017
2680
4843
2275
848
2328
1024
3856
3519
645
4049
2821
193
1648
692
796
2880
1211
4417
3975
2041
128
1851
683
2512
644
1048
2418
420
2616
4313
1820
937
2847
2356
3178
1273
3542
1244
890
3982
358
1858
3487
2630
2870
4698
4807
2197
1525
3711
773
4718
5292
1078
3558
930
3358
4138
1218
4474
1646
1689
2306
2722
2535
2554
1061
5374
3450
2475
361
1118
2454
2322
4333
3101
105
5162
4535
2608
4387
535
641
5193
3254
4450
600
1266
2779
631
3902
5196
1731
4696
4973
1402
3725
994
4461
5225
1
1982
278
1888
1032
1290
1456
4457
1780
5185
1042
3898
304
5043
2839
4835
1358
2436
702
3132
320
712
1192
3749
294
5035
725
1686
5285
576
4156
3090
1996
2349
4179
274
5026
602
855
1074
3957
1066
4063
2549
4196
4611
885
2207
928
3379
704
3223
2917
760
2745
2507
3415
2982
719
2837
4391
4659
1214
4380
2589
866
3412
1743
4302
429
3002
3478
4765
3355
3313
460
3279
1739
3942
758
3831
2006
388
3584
2941
2434
860
2145
2818
1136
2867
5347
3473
4222
317
3995
606
2060
1685
87
4173
3314
2085
915
4382
2888
4274
1372
3268
11
4414
4645
2893
284
4478
5424
32
1633
4777
840
3119
233
3979
2248
1271
1552
2634
5235
3612
1921
2158
1554
3106
481
5032
2432
3204
1570
3746
615
2143
732
3695
1004
2220
4353
3423
5107
2581
3380
3611
1802
2773
4508
2782
220
4878
4863
946
1621
2268
2292
4668
2584
290
4540
3734
2164
483
3083
1007
4356
1849
4936
2816
2304
1604
459
2443
3935
1407
736
4967
3598
1120
293
4687
3603
2367
2551
4627
2243
5136
2930
3568
1269
1973
3613
4927
3664
3100
1771
2632
2239
295
2256
4642
24
4638
2050
5215
1711
618
2156
2470
3952
2568
1915
5004
3740
1736
1943
666
3120
1724
4015
4043
1730
3247
4401
2992
5284
4594
3169
2104
1737
5348
2080
1941
4199
3863
3177
1580
5073
5281
2716
2559
2297
5099
3850
1408
4462
4799
1444
325
2676
4390
4800
1558
1636
1360
2890
4667
2852
1232
3832
4850
4773
2090
1754
5121
5096
4769
2975
4444
430
5070
3554
3447
4223
2705
5090
1506
2999
1831
1708
2453
3618
2832
4476
953
956
4126
4458
1041
76
374
4947
580
1977
212
5088
2339
2552
3190
2612
2309
4942
2509
4716
4836
556
4671
1645
1344
4558
2901
2440
1473
30
4883
4266
2287
780
237
5172
1352
1422
1145
3021
1475
2788
2144
787
107
2133
5329
62
3910
636
2120
5134
3890
888
4573
2078
2108
5391
4275
4224
2448
3579
4993
4533
570
685
4351
1003
621
355
3953
4849
2056
2681
3062
1703
507
5164
1752
1490
2794
3780
3578
5080
4608
186
3748
3301
3593
125
1854
3876
1470
5326
4412
3446
1595
5361
4884
2563
1998
3891
3676
3668
2769
3644
4887
2665
3987
3034
484
1885
1922
4654
1958
3761
1607
2843
5249
1431
671
2618
2731
1084
2128
5293
4416
2282
3620
3810
2055
675
1976
4852
3171
2662
5
3146
4058
503
3051
4169
2871
5054
2189
4020
3342
3961
2131
3744
4602
487
2294
5403
3870
1325
3745
5064
5045
126
1011
2122
2693
3577
672
5144
3686
4935
2926
3082
1010
413
2951
4137
3054
2799
558
844
236
1859
4834
4929
1233
4033
373
4762
319
1321
3167
1354
1560
2146
1846
4422
5411
4343
2840
4174
3325
2738
872
2302
1026
5241
5142
3724
2924
3918
4735
1997
752
2817
1612
862
4987
4131
661
2389
4340
637
1425
4637
5108
2543
1169
913
3786
2704
4080
3802
2804
2098
3685
710
2053
1596
1842
5116
1381
4839
3482
2725
1991
3214
2937
4865
3311
357
1777
5031
3758
2620
515
4894
3922
1572
5126
1258
3693
4623
1014
3298
2377
1494
224
4815
1643
3813
1742
986
352
2479
2458
2974
2674
669
391
870
94
3338
2150
455
979
4282
1339
1132
1527
2534
3383
952
1750
5352
2240
1227
3533
548
2555
4364
2219
3004
400
5324
4123
110
434
4709
1350
4093
1495
3656
5372
5245
2307
3421
968
4060
3643
1053
2028
5013
500
2224
3817
5328
2393
4827
2347
142
4008
5279
1071
4288
3560
3309
3096
1668
267
4860
2111
1384
4203
3572
5057
1295
3796
45
2162
2380
3830
2587
4095
1983
1814
1656
1559
3545
4234
1228
4349
4345
2419
4955
5312
2242
2011
2841
5181
395
2188
4187
4024
3109
836
473
4393
5373
3945
3981
4404
5034
2764
5415
2106
2734
2201
2390
1716
1357
2476
1671
1782
177
609
2942
2972
1476
564
727
5210
289
2344
1540
2935
2159
279
2273
616
3925
3768
4233
4566
2614
3655
2152
1895
4309
5340
2836
1121
3567
925
1966
4244
713
959
4386
974
64
581
1463
3604
5081
2545
2129
2879
3378
2346
315
1962
807
1779
1153
146
4114
4797
955
4686
2283
2234
1195
2825
981
1203
189
3373
178
369
1884
2190
1902
642
4617
4327
4423
3252
3534
1322
2874
4323
596
884
2828
4531
2594
3741
3525
72
878
597
1864
3628
494
1835
1629
572
2504
5209
1217
2740
1441
3841
1677
4113
1924
1875
1454
3502
1623
1942
3391
2763
5276
2179
650
1573
2500
