3235
2861
2175
3037
1525
3035
1702
2398
2366
2826
2637
244
1146
1251
2216
1915
2083
1097
2012
1088
1696
1148
984
2244
2046
212
739
975
3080
3170
1312
3185
1508
3073
2487
870
1333
3114
2884
1559
2375
2579
2545
2231
1852
1307
2237
2512
2823
2150
1780
2484
1734
2337
2082
1603
2653
2345
240
1945
2793
1112
3055
810
3281
379
75
1551
3124
704
1878
1582
342
1286
3177
2414
1753
2750
164
2809
2980
2077
2946
1457
2102
2830
2446
1472
152
1888
1887
2528
1220
751
1150
1970
2233
968
2988
3259
517
481
2295
119
611
1272
2674
1320
2033
2313
2405
1095
1539
2116
623
1547
787
1577
3192
2105
2997
341
743
649
2200
3196
2728
506
846
1584
1186
2889
3111
1689
283
1245
223
608
3229
3161
626
1440
407
1662
296
1393
634
1593
3109
1243
1564
284
953
2276
365
1822
1491
2999
335
877
2618
1325
1388
313
2458
2128
796
1892
1611
1430
1764
2454
988
1784
849
2114
2130
526
1667
3000
305
2853
3024
613
599
798
633
2842
2100
2970
2006
2766
2657
316
279
874
3013
2289
566
854
3188
1621
1072
1772
3118
1797
2497
1284
1526
38
947
2716
2360
2928
2456
2930
1952
1953
2734
2935
2583
89
2341
1881
2425
166
961
1213
2718
2177
2491
254
1556
1594
471
3097
2310
187
723
1890
2595
359
1381
2973
2547
2886
1407
509
1817
2189
3150
2865
1079
2045
1235
4
1922
820
1029
2186
1543
3028
1357
3002
3153
2565
3049
1167
3258
2799
149
238
1342
2683
872
1997
577
495
1897
1182
2569
2010
116
2110
801
2260
1599
2377
1275
151
1820
1054
2212
2929
1108
3265
176
268
3071
1949
2036
533
3201
272
650
1324
2209
1211
1109
219
1166
1649
1568
1842
144
3165
1253
2661
1512
1470
1869
2996
2269
2680
1979
2428
1789
1850
2805
1914
2148
3104
582
2084
390
3180
2056
368
1807
497
2290
1927
2731
795
637
2120
894
492
1988
3074
1498
2292
1903
737
2277
1326
3017
1202
1602
195
1017
3189
1889
1454
632
2839
668
1287
1052
2443
1785
2803
606
3152
643
2149
2630
965
2141
2571
133
1896
1736
2240
1598
392
3023
2582
1911
236
2981
3245
2875
115
2846
2902
2262
2185
1176
441
1149
1909
3171
1085
1105
3081
638
3038
1064
1033
766
2733
2995
2133
2539
1604
2901
725
3018
208
962
80
162
1203
1707
457
1553
147
3053
2968
460
1950
2406
1313
2436
2559
1745
2636
1532
3247
576
554
1296
548
126
2631
1441
363
140
791
550
764
1237
969
2361
1675
507
646
954
1459
153
297
1749
2004
1913
1444
1147
670
2055
3076
2135
3242
1217
1998
1460
29
1885
2048
2943
2594
1469
669
2915
1405
1566
264
2894
174
770
674
1793
1104
817
2486
581
2019
1298
565
746
2113
246
3200
1141
1613
386
714
2338
225
1754
2003
101
1763
2978
552
1436
2444
805
1338
216
1259
2080
1669
1349
333
3066
2399
1089
2261
2650
2841
1751
66
2515
1956
1174
2700
1069
2481
2143
1765
406
1735
198
2722
3175
835
1759
1380
3199
761
3121
467
2517
1981
2563
2058
470
1800
2248
2685
2124
2137
1729
97
3271
685
1883
2061
1254
1404
1273
2897
2730
997
2250
2818
2227
998
1671
861
315
191
2145
34
442
2300
2617
989
780
1462
2752
172
2021
629
2479
2681
196
1015
3254
1489
2074
421
134
1873
2652
3233
735
3250
1060
2280
1876
1755
630
25
2994
693
1983
1415
2415
1719
747
1894
2771
3222
158
2495
2206
1838
844
1306
2321
3206
1450
2735
2965
84
1919
1067
2785
2011
1884
2744
2427
1760
1610
781
3113
2034
3056
2937
1303
569
1527
1335
1657
2828
1297
2309
2817
2510
2008
1012
1769
1078
2919
2955
2463
680
2387
2802
184
944
2057
389
586
3279
2327
2552
1661
772
946
1537
1451
1408
970
3047
2125
420
1397
3108
177
1695
361
2044
3090
2358
1606
2447
215
206
324
6
2178
2893
559
2335
1501
3240
2243
221
2527
477
2833
2708
3144
1637
878
2173
2215
651
1406
823
2502
964
242
1815
2268
1978
3209
1129
1767
141
2285
2016
3048
414
1056
1359
489
1063
3050
2819
3098
413
1232
939
2438
337
1019
1212
3061
1788
842
2270
2252
1292
1576
1744
99
2588
2791
987
3274
64
644
2169
2860
1098
1931
1420
2464
1260
1958
578
803
508
2679
2348
2546
479
3234
1497
2640
1516
100
3218
1976
2322
1365
2813
2913
1668
1115
2880
701
1592
959
1829
2308
1159
456
863
1595
2334
2035
2613
476
273
125
1071
2622
665
1372
1205
1350
249
3125
1727
2788
1194
418
2119
52
991
13
2600
2063
2054
3266
2278
2712
1742
227
150
1005
1301
334
2961
952
2596
86
1756
3116
2917
465
1138
446
448
2599
3082
2393
44
827
2460
1541
229
107
1877
2544
2409
433
2667
496
1382
839
909
2000
192
1461
855
2297
2662
848
1352
490
899
482
2812
744
3275
2359
1215
1934
2780
1120
949
2286
1752
2171
1262
1285
2761
3009
2985
804
884
585
2247
155
912
1486
1132
1170
1074
54
734
955
159
3046
472
3130
890
2769
1524
963
391
1011
1113
1684
1219
2220
775
3030
9
579
2201
194
2687
2091
1265
800
302
1855
1241
210
2533
1777
2810
357
1198
2855
2620
377
2804
2372
1632
2675
1826
505
1872
1059
1847
2312
1865
2710
1162
163
2768
425
2511
252
1571
1664
1899
207
557
1334
263
309
2864
2094
3079
2757
1535
1517
1473
561
2434
3063
1832
1928
1266
3004
2283
1031
2441
145
3136
1308
2938
1622
1496
2987
2204
920
2127
2748
2660
2686
2906
2790
494
2043
79
1841
695
2370
510
2789
1117
3142
893
462
2863
2732
2155
1673
1859
937
873
3057
1058
1834
2898
1291
3182
1726
1814
428
1402
1697
1629
2442
755
3227
1081
3225
1419
383
707
2435
1332
696
2959
1447
2796
2369
853
2814
783
1725
2574
2470
1658
713
193
1728
2699
2439
2198
621
3261
1068
2567
1986
603
1443
270
2952
1478
1575
1164
266
2755
2023
1399
1880
659
1507
1821
2279
233
3149
2847
3262
3147
3138
1686
865
740
31
687
534
2147
2572
3172
1856
2020
26
1179
2067
2468
1674
2684
601
396
328
3228
398
2440
931
503
2514
2028
1437
1775
2099
1021
156
1133
275
2229
3251
1168
2072
2452
2519
1654
570
2459
677
583
1125
2213
1906
3184
2806
2104
1677
2711
1679
655
2717
258
2984
1773
2665
1984
92
1552
705
898
1987
2923
1356
3127
2386
2086
2329
3270
2524
866
636
3174
2478
806
483
2364
3027
1712
1926
573
1341
1948
288
2535
310
3010
2568
1014
2088
2777
1937
1962
498
1921
2537
879
1858
2378
2772
1991
2354
1944
2410
2709
514
875
138
1041
435
774
689
1448
540
1980
65
1007
1848
3137
203
2509
2304
129
1431
1190
397
3267
616
2324
2763
645
1456
1412
3065
291
2998
3243
1053
1514
1263
83
2520
1605
3058
549
1038
1046
753
1366
1161
250
2739
2339
2469
1282
2608
1204
589
2245
600
1197
528
384
2964
85
2352
2621
95
635
999
1403
1863
87
410
615
3221
1808
2039
2922
519
2774
339
2246
2760
2281
1650
779
2018
1747
167
2876
593
2025
2465
692
2840
7
1646
1796
1050
2123
1229
3207
675
1271
299
813
30
2413
1116
891
1484
916
2251
1947
930
1816
563
2850
922
574
415
1968
3151
344
2190
281
2351
1226
2963
1502
2391
3088
1134
625
1918
2881
2706
1240
1758
2402
2900
2895
1464
171
3110
2070
851
1608
450
2849
289
1184
2726
1973
2698
782
350
1330
437
1851
995
1165
2916
1746
1740
2230
349
2682
2097
1812
3117
1040
3264
3100
1713
321
1802
2725
1636
2868
1030
1550
914
72
2482
104
793
1396
1680
280
201
1389
2092
1874
2203
2947
3021
388
179
3204
2672
2936
919
1563
2912
2932
2346
1655
69
2910
2455
1035
3256
2649
2353
2499
2801
2513
2108
1917
709
598
2688
702
897
1392
2532
1853
2494
2027
154
833
1311
794
760
232
2144
1770
3014
545
2966
660
1601
605
1209
1234
1490
2534
2138
3257
2890
1705
1946
2614
2797
142
427
2490
139
63
3051
3129
345
2462
826
2432
2001
1299
2642
1786
1511
48
1345
3217
1024
478
2374
1394
1151
3143
1305
2318
3148
809
304
902
1479
1615
694
3040
1607
1570
3044
117
109
461
2315
2888
366
1096
1363
3255
1579
869
146
911
132
1895
1216
2891
1627
664
2191
19
3093
1344
2258
98
1032
1358
2041
381
1295
2644
888
731
1619
2671
591
2811
1177
906
1169
3168
1626
358
1804
1640
1813
2696
2112
1827
2362
2695
1188
1588
387
2139
3237
2627
439
2232
3190
789
1690
1546
2422
1418
1083
1907
2506
765
530
1656
1062
2448
1061
1347
2926
1387
356
1119
2317
2181
1028
1536
628
924
295
2933
2658
1916
1648
1504
3230
2821
453
2
2291
2449
679
2948
745
2605
0
558
2775
1383
493
2326
784
748
691
889
3241
1803
1044
2834
1505
2202
2526
1353
2859
2474
612
1390
2870
102
1965
367
1039
2430
2931
2005
2634
2224
271
1481
3181
3173
2136
990
1421
2259
444
1099
935
135
639
466
933
732
3003
3068
756
2629
1153
2958
1376
2851
2616
1037
597
2017
340
3223
423
3220
521
885
2522
2562
1513
880
2167
1560
3069
2210
763
2871
1694
2824
2071
2762
1008
2743
2531
3159
1242
1738
298
1327
123
3280
121
1554
928
1143
1086
88
1617
2843
183
1467
841
1257
360
220
2767
572
1474
338
1957
1316
2656
2560
24
815
39
485
862
3019
2837
3075
1057
14
2976
1425
1509
2325
1645
2014
2333
710
2879
2607
762
2476
2643
1741
904
2302
1379
2786
3183
3095
1644
2214
2282
538
2678
2940
3131
217
3041
2492
2911
1121
940
1631
1111
1940
2238
2299
1018
2040
1939
588
3211
2666
205
3033
1795
2564
539
542
967
1045
1321
2489
1836
2273
1434
260
3094
2161
1222
1781
1778
1522
1137
293
1722
2424
62
1210
2347
239
458
983
1750
2350
218
2701
667
3007
972
594
847
619
678
1128
1849
1468
2575
2373
627
2670
1868
1704
93
78
3070
3202
525
235
58
3064
2288
1840
2773
647
2591
1233
917
1562
1757
2007
653
2132
312
1910
1246
1837
352
148
2068
1323
2009
2205
234
2845
2873
2576
3238
2848
720
2887
3083
2561
2548
3120
409
1200
1252
2272
1590
2320
106
1624
1455
2852
551
1155
1515
1494
663
2051
2573
1373
161
2152
703
3236
3102
287
1003
641
1924
807
1127
3078
2558
742
2541
1708
2038
2090
347
1670
662
1790
1001
301
821
1004
385
2550
2525
2394
2633
1806
1471
1157
819
1506
2703
1731
269
1999
1309
256
1281
2344
2983
2294
1860
982
1867
715
2194
1006
2103
1732
2015
945
3269
1540
1935
1574
837
1354
1103
786
1102
322
2271
1158
1400
1819
2624
274
1452
484
2740
654
1424
974
840
2158
431
1368
2816
708
323
1416
2002
197
1339
41
3268
468
1618
1638
1521
1329
2407
2704
2556
2404
3034
2529
1118
726
22
3060
3263
2389
2195
683
108
2146
199
74
2723
1093
2677
867
2858
2882
1319
1503
3001
2597
1122
1346
724
213
2140
1520
2746
2267
1825
3022
2694
1682
3178
2566
43
1488
1142
2639
2170
2638
2403
1466
1955
790
1932
1094
3101
1995
46
1480
856
1066
2417
1300
738
2655
1724
1034
2331
1110
2953
2059
2115
2296
3135
1009
3085
1739
2379
1280
2844
1544
137
1199
267
2759
595
1977
2380
1982
590
1360
355
858
2467
1578
1898
1905
3016
2719
67
1230
754
2382
408
1964
1975
2720
1737
103
2421
681
2196
303
516
2993
1180
1854
1500
520
1891
986
682
2332
2211
2142
527
656
778
2949
2411
2445
330
2794
882
927
799
2578
2131
2540
3195
1136
3112
452
1036
1886
2395
165
1172
2838
2977
776
3091
996
3012
1026
231
1100
2601
2062
2878
2416
326
202
3272
2453
1163
2365
1531
1013
90
2954
3105
1698
1805
690
3029
2160
1996
55
1685
28
1585
529
3
1992
843
562
948
1908
2778
750
1565
1435
1994
2388
2401
2673
143
543
1377
1609
2815
18
2736
2122
3042
2256
380
255
1051
2944
1718
2383
459
1010
3032
686
426
2586
1364
2697
3092
602
1833
257
1140
2418
1555
2187
596
971
2956
120
1993
716
2298
1678
749
2702
2831
1875
2065
2236
2516
910
3187
631
1414
978
259
1709
2555
1782
200
2974
3179
364
2253
892
3244
2738
2221
1355
1538
951
1681
2157
1583
1766
376
1049
868
2742
3096
3214
2343
859
2266
3260
2664
1107
430
729
2885
1846
1591
943
1831
2626
454
592
834
47
214
1458
2293
2507
2979
262
228
2615
1567
1293
173
1794
1130
2934
512
375
1258
2883
2498
2715
2920
3099
617
1173
8
2477
2827
2877
2829
2075
2301
1830
1433
2536
1612
2042
2093
2521
222
1351
1087
2903
1533
1075
27
3054
901
956
553
2381
825
2255
2174
966
1206
1688
1828
2500
3205
1716
1160
1929
1023
2052
3089
370
424
15
130
1145
17
1250
1223
3273
886
802
1487
797
2037
3186
2659
3036
1385
2376
721
524
2156
276
624
860
571
671
2869
2239
1042
1185
1676
2866
610
1823
42
112
1401
21
2257
2117
3119
1633
1768
2836
378
1317
60
541
2992
1080
1135
1082
395
311
248
2737
1647
1573
1047
1625
3163
1700
230
1659
1801
1070
32
1277
2918
185
412
488
1616
556
2064
1900
2367
443
2207
1432
658
245
2872
1879
2126
3155
1960
1283
2030
1717
918
2193
697
401
3087
2770
1798
265
35
3154
124
1124
688
2226
1721
1557
640
1304
2305
2078
1288
50
2029
1362
2603
1247
3231
1843
2606
373
698
2747
1930
532
2518
759
2580
1558
2182
1518
251
294
1839
372
1510
1139
1495
2972
491
2437
3039
1861
1463
2164
2222
2581
950
3084
2604
1384
2473
2385
2962
2488
3253
2013
2570
1370
973
1328
1701
2153
2590
1022
2784
308
1178
2420
3198
1331
547
926
2184
2496
1131
2874
2316
2307
960
1762
2714
771
2553
2349
788
419
1620
2691
400
2031
1642
522
752
1864
1073
768
3169
1844
3107
1923
2066
3067
1971
2287
3133
2899
1270
2168
2745
531
1348
932
2183
354
1020
182
160
57
3277
286
2593
2982
2584
475
122
2991
1569
2825
188
977
568
648
3212
992
2087
61
2787
757
2646
1439
2134
277
469
16
2429
1371
1076
332
2336
722
2612
3194
178
1181
336
1340
1048
56
1244
438
77
382
445
2163
70
876
1580
2798
609
1025
741
1549
2832
175
736
555
1417
307
1336
1665
2905
1214
1963
3077
2396
1959
717
2610
3197
1942
1
2431
3176
2942
511
1101
37
1310
896
1152
2249
204
53
1322
957
2109
94
1683
2945
1191
3215
1279
871
2501
2451
1027
1623
3158
2355
2892
864
314
1748
2764
429
1289
2371
96
905
3208
1208
1269
2111
2668
958
241
2073
1090
2986
2197
1809
2319
706
285
3006
1706
2651
2079
2284
2022
1264
1475
1866
1951
900
1343
3224
1189
1483
808
1653
661
2690
981
1391
2689
976
2795
908
728
474
792
684
979
2542
1156
168
1743
1954
1016
253
2118
1710
824
2765
2721
2754
463
2857
2776
2397
1361
1144
1925
3122
1337
1985
1901
881
1256
1920
836
2275
2154
2551
993
2669
938
1893
2081
1315
2400
449
857
237
3157
544
170
1294
1810
1857
2223
718
1720
2330
127
371
136
3164
773
157
224
2927
2234
320
2950
2314
1255
2032
346
1587
473
1065
73
1375
1572
1238
1267
2356
620
1228
711
767
2753
730
2493
502
464
51
2340
2921
3239
536
91
2328
1423
71
2554
1207
1628
923
1446
2457
2101
1596
2609
1776
318
700
1703
921
831
985
1410
1175
2632
1902
575
537
845
1693
733
1974
2625
1409
306
2480
1453
727
980
486
828
2121
1589
811
618
3126
2426
282
1449
3106
2960
1941
422
3252
936
1530
1274
1791
2357
2792
2225
2807
243
290
3103
1967
2390
2557
2941
11
114
3226
369
1398
1691
3134
3062
2908
580
1699
2384
2151
1318
1476
348
2024
934
652
1084
913
1249
1799
2598
1485
1224
329
440
2047
3248
2820
351
113
1225
2635
327
2925
2412
2485
1187
190
994
1904
3167
942
325
2782
2098
895
2219
1236
2619
3139
2676
546
3276
2180
1278
672
23
3072
3145
1936
278
500
1092
642
2692
317
45
2188
564
2907
1792
1818
657
186
2989
2179
518
1378
2053
587
604
2783
1523
523
1666
1586
403
1990
1154
2896
1268
2705
118
20
1711
2461
49
2471
1442
2303
2645
1193
1787
1123
1972
1989
719
2693
2342
915
3005
907
1687
131
1043
1871
2971
1171
189
2433
1201
1933
487
712
2089
2311
2592
1534
2218
1428
432
1692
818
1634
1221
504
3015
416
3219
1302
3249
2663
535
300
417
2166
2060
1660
852
105
2648
3052
343
128
1529
2069
822
169
2549
68
3146
3193
1961
1581
2466
1835
1465
676
399
81
3031
404
1077
411
1290
3045
3123
2951
1643
2095
584
3025
1196
2408
353
2751
3008
3132
567
2647
2729
2050
374
1438
1774
1314
2049
1426
2602
2969
2106
1429
1183
1714
2508
2475
2217
499
1811
2707
247
2623
447
1231
10
1091
2228
1374
82
2654
110
3191
2472
3232
3278
211
2856
1938
3086
1548
2368
1055
2076
2975
1761
2779
1943
2967
394
2867
2628
2274
1411
2265
1367
1614
1482
2800
3011
3162
2504
1969
3210
2306
2192
812
405
769
362
209
2585
2392
2862
1561
887
2538
2835
402
829
434
319
2822
2758
758
785
2587
2176
3141
1733
1635
3216
941
1545
2611
2939
2096
2924
2781
2749
40
850
2909
2254
1723
2641
1386
2741
1824
331
2263
436
3166
2990
3020
3246
2589
2543
1000
1639
3043
5
1672
1369
292
1652
622
2159
2505
1499
1492
36
12
501
1493
3026
2419
1651
3059
2264
181
1912
699
1862
480
2756
2483
1445
2854
2530
33
2957
1783
2423
1395
1261
2323
226
1730
929
673
3203
1195
59
2162
2085
3213
455
513
1779
1218
830
3140
2450
515
111
1477
1114
777
2914
2208
2165
2242
1641
2172
76
180
1413
451
1597
1192
607
614
832
1002
2107
2199
560
393
1966
903
1248
1528
1771
2523
838
925
2363
261
814
2904
1106
1845
3156
3160
2727
1276
1126
1422
1227
883
816
2713
3128
1427
2808
2129
2235
1882
2241
1542
666
2577
2724
1630
3115
1239
1715
1600
2503
2026
1663
1870
1519
