1186
1105
588
1931
70
1106
1356
1697
1084
1340
2494
2576
1074
1039
3307
1731
2831
1469
2317
2679
3062
2088
1728
736
2235
2985
3503
477
2850
2981
3254
957
2877
2143
1804
2833
2315
2863
3501
812
1386
627
1187
3481
2961
7
2267
2038
1974
410
2706
1104
2674
1691
449
2359
3489
2128
1714
1818
1427
2080
2913
2982
207
1282
2231
2802
2639
2855
609
2948
1725
109
186
659
2542
643
3140
1565
1403
577
2671
968
260
1696
2040
2009
231
154
1204
2125
2917
3185
161
1622
321
2485
1678
2559
1937
3068
1791
2950
3323
3252
1076
2017
2824
3349
1571
348
2780
2866
1686
1002
2607
2455
1928
1478
909
2846
2745
2765
1866
198
3082
1063
2502
2375
992
1407
636
1249
3018
539
1849
3479
1354
1173
2651
2429
2726
3240
684
2394
3379
1988
3207
2055
2442
2602
3141
680
2431
2835
3211
2025
2580
2024
2830
106
303
854
1763
1300
3127
3388
553
3098
1346
298
1049
1830
852
864
876
3202
2523
2958
2176
807
2742
155
1163
590
845
3012
2251
2964
749
2727
3315
1306
433
2282
1447
2082
2889
669
1729
1590
593
1177
2169
1051
264
1365
3261
3335
1653
388
3345
2448
616
1301
2133
1534
2942
849
2968
1517
2633
1272
2785
1167
1708
545
265
2624
2875
368
2270
3010
1868
2045
859
1773
960
1619
2860
2926
1331
68
2612
2372
1314
2075
1156
2378
692
488
3182
2006
1313
1408
1009
38
644
2506
2041
209
3318
1236
910
406
978
570
2224
3036
746
2882
1875
2518
1332
399
990
1904
3449
2306
2332
1001
271
1328
2206
2969
2276
1335
2097
1521
2266
3535
1743
2353
2811
808
79
3451
2828
1567
2940
760
2611
2509
418
686
2489
3145
1388
1527
2290
3092
3248
3453
1718
1129
2167
2031
2062
438
3445
1587
734
108
2354
501
839
55
1237
420
1030
2558
3518
3333
3208
1493
3103
3215
689
2565
89
1744
1512
2979
1339
48
370
1161
2155
1298
2126
3190
3471
307
2581
3227
3401
1548
1626
2109
383
1495
2279
530
2093
1284
2760
2692
445
777
3292
3324
1998
2735
1053
2229
380
1066
1808
3151
2687
665
2959
823
1343
2166
1268
747
1146
903
2428
814
1069
3296
387
1466
2709
1662
1267
2204
403
2698
413
130
2461
579
2648
2644
1020
1552
3110
2187
798
2056
1940
2562
2885
1021
1836
853
285
329
780
1414
3031
1276
730
2232
1504
1721
24
1942
2758
1916
1162
1522
1941
2185
1411
792
2177
2324
677
3526
550
2883
1379
1223
815
441
217
2213
1215
1594
667
2618
3223
2199
1050
1568
1610
49
3058
2874
2970
514
2259
1258
2774
1889
3366
3228
3436
3440
1698
2553
1019
281
2326
709
929
3268
1170
2037
2778
1270
1536
1635
685
296
597
1320
1781
2068
509
1503
1880
3360
906
2756
2657
1672
3475
2450
2410
2517
901
946
2343
1165
86
202
3229
2536
1673
225
189
1136
924
3124
1304
1737
607
1987
2476
3540
184
3155
46
3272
2905
1607
1133
2401
291
762
2540
337
2725
172
3435
895
2912
948
1593
1077
3122
2146
3249
168
2733
2380
2716
1799
3034
2036
112
561
250
2998
1429
3495
595
2531
3383
2327
3441
1456
3444
308
1042
3214
1891
2852
2310
1489
2999
499
645
3402
788
1943
3538
2880
1562
405
608
2018
1833
672
1054
1596
394
1806
3523
3044
2904
774
2388
3505
2842
870
2907
838
2230
3169
652
3350
36
1905
2729
1920
928
2599
1540
2546
3336
3340
3438
1539
3536
998
2901
1973
1311
2311
2881
3287
2997
2352
3432
3393
836
1765
1210
907
642
965
358
268
1180
1087
2818
1869
339
1618
395
2873
2714
1103
140
2675
1303
3200
1440
1689
43
454
3107
199
401
916
1280
3367
3403
2122
2813
1446
2755
393
326
728
1847
1360
3347
2632
1038
439
1444
128
2899
3264
2073
279
554
270
3135
706
222
3196
99
743
3156
1358
1448
3161
633
419
2171
587
922
1529
2233
440
1573
2309
1086
1308
1853
71
3361
2274
3467
1127
2165
1046
2861
524
2273
2510
2237
312
537
3392
284
2435
3265
1584
721
3179
2496
1990
940
1007
1879
2492
1719
2535
2839
3057
142
2387
2153
461
3311
1344
258
2340
3221
1999
1288
319
2887
3372
2226
821
2219
400
241
786
2364
868
3485
2683
3498
819
3209
498
2148
1650
2299
3213
3427
1543
1068
740
2659
2793
1741
1750
2988
738
1824
230
2369
2637
2053
1224
1420
2932
2800
1652
305
21
333
127
619
3045
1083
137
2035
1870
2033
2050
233
1428
3105
1860
1828
1575
1036
1048
2662
640
2707
3059
3457
567
767
2158
1873
34
3131
1703
334
585
1184
516
104
520
58
2189
2836
1434
1302
757
3380
2603
549
701
462
2150
2026
3224
2104
915
3040
2591
776
1324
511
2817
2681
2806
718
1608
1976
111
521
893
2466
2090
2318
3043
157
3171
2776
2650
867
1604
2571
1345
267
1062
1457
1217
1017
460
1595
2381
1350
2795
1022
2081
2767
3283
1121
1012
752
2567
1182
251
2938
1044
2487
1871
262
353
3189
982
2511
3002
1533
411
1779
3183
724
223
3006
3524
2508
1555
2110
3377
216
1796
2163
3129
1126
3027
3412
3143
939
1934
356
1810
1263
771
1780
3517
2061
2766
2419
894
1549
1911
1113
2211
1809
22
1709
2207
3047
204
1158
1240
947
1893
3236
1078
283
3390
683
47
115
1609
1599
2872
754
3055
3267
2405
3120
425
3320
293
3497
2225
1065
3493
2157
2096
1433
2973
3357
630
2257
884
2162
1525
2200
3118
1790
2791
3074
2027
1621
583
846
1960
1862
717
170
377
1661
2438
1271
269
1232
2816
622
9
2573
805
1844
576
682
3187
2
783
2203
3382
2139
2301
1108
1485
1468
2086
2792
98
3343
1751
2801
1641
2240
355
980
1665
3011
2384
3056
935
507
2723
1715
175
2962
2294
2095
2042
1683
2955
3356
2357
1190
3192
1749
800
1483
2302
802
2805
1770
543
2837
1154
1463
2920
1535
492
2453
213
1200
84
2749
729
1564
2482
1895
871
235
1643
3325
3281
1442
3039
335
3004
2400
2734
3346
228
617
3537
273
563
2308
681
316
1419
3005
2363
828
3000
3176
385
1235
1636
146
2653
2297
1913
2685
1454
1439
363
1822
173
3069
3369
2992
0
2936
2825
934
2413
2655
1995
3494
239
658
197
1035
1256
3297
855
1963
1081
2782
2512
1094
2498
2325
114
2934
2216
769
1859
31
1305
2890
755
2464
2312
2583
3168
322
1139
149
3234
1192
1802
949
1487
2810
1172
2334
2856
1874
2048
620
3123
1723
3370
744
722
2406
1321
880
2724
2330
479
1947
3455
2209
2091
1476
1745
2609
236
2891
1854
196
3510
1841
546
1576
886
1307
2446
3279
2107
787
678
3139
3028
1929
1784
2752
2415
1208
1970
993
1273
1734
2779
1405
2572
2094
3400
254
651
1912
3314
698
2568
1692
1364
2515
66
1209
897
614
2921
1016
2194
954
2759
354
1092
2722
1925
389
3025
3291
3149
1759
346
3405
1064
1257
3381
489
15
2414
3080
560
3534
421
1032
1367
301
159
856
1481
3293
192
1211
59
2915
2541
3472
2268
139
2548
813
508
1948
2247
3277
1617
147
648
2533
3029
668
2245
256
1826
2505
3319
2393
3017
2456
100
2154
1817
78
3212
277
87
82
628
3468
2951
2930
2720
2768
1375
1556
858
3285
1026
1218
2574
2613
1839
2004
1260
1029
1289
1422
1923
1966
3271
3164
2983
2044
2554
896
458
2516
2390
540
1545
2769
963
315
3144
2437
610
615
1623
2346
2708
1795
3460
1735
2649
1206
428
2689
1441
75
1831
1464
2417
3413
2586
1954
1000
2191
3076
2021
504
885
3302
796
414
3001
996
116
452
1938
708
3303
2594
1861
1558
2665
252
566
484
1815
482
2212
790
1956
3525
1418
453
2092
3348
1024
5
2360
1477
3022
1679
3359
2892
2840
446
2728
888
3203
1803
3486
2680
842
2937
447
2804
541
243
3508
2182
1366
206
2832
2812
1326
2504
165
2172
1762
3376
469
1327
2909
1245
2465
1415
2105
211
1752
2876
360
1174
2368
2084
2218
162
1807
2329
2972
2978
1684
1359
463
2589
1758
2244
2645
158
611
26
2283
304
3502
121
1638
1262
518
1842
2670
1666
959
1297
2362
261
102
138
2320
2023
3295
2058
1730
2272
94
3251
2462
700
310
2145
862
2376
972
3094
2331
1950
3178
785
2762
1894
74
1372
101
2263
1637
1296
1138
942
1688
3443
1972
3511
257
2989
3476
1782
1968
883
3521
1034
605
1992
1134
1794
3274
2338
1945
704
1883
2750
62
362
1402
1629
1214
999
1349
1486
2666
1330
1816
2322
1416
3220
2845
2941
3423
1471
1205
750
634
300
3024
3256
41
3446
2223
3541
2458
1983
3304
1067
2808
2990
1247
3338
97
3253
1151
1147
1979
562
3301
2214
1819
1373
1526
2647
552
2993
2002
1532
2615
739
653
1834
328
1169
1980
3072
2519
1658
3165
635
1919
985
713
1230
1579
673
953
3509
2254
523
2743
2772
478
2051
2239
661
723
3284
1455
801
2399
3093
1013
56
218
145
1018
2412
153
2333
2867
2316
1528
1499
2995
2841
1981
3086
2079
2291
2799
3235
970
2278
1322
2524
1149
2144
2957
2604
586
3458
748
3088
1368
898
3014
1580
2385
657
2557
2528
1732
2495
1507
2183
1877
2527
2003
134
3206
118
1654
427
534
2916
2561
2619
1506
2777
1505
135
3121
758
2949
3422
1515
290
2430
1473
3137
1915
2271
2398
2192
2258
2386
1537
1909
1220
1279
538
1274
1789
3197
3061
2071
3414
656
1865
908
1577
1592
2197
2746
2159
1848
2764
1852
2358
2640
10
902
556
1179
1664
899
2667
3238
850
200
966
1294
188
1977
2859
1
3099
1201
274
246
3516
564
1413
1059
2076
1445
3217
2307
1651
840
1316
2323
726
2822
311
2264
881
1500
2625
3385
143
1993
1085
674
3415
887
3167
2588
2335
2064
1183
3175
827
2592
2477
705
557
1699
1056
3363
2493
983
1776
580
1164
23
2221
892
1143
2123
2579
415
3016
1119
1248
3416
1520
1572
1423
1011
582
2597
1277
1530
3174
1588
2117
2770
13
825
742
921
51
2149
1148
2284
3490
1401
3109
3417
1383
1766
1041
2060
1395
2015
2030
2596
988
2803
365
475
625
2069
2696
2478
3266
1189
450
527
3353
2277
3046
2425
2441
93
193
2186
3527
1057
2407
1338
3019
272
1872
2241
2919
487
1843
1755
1756
103
3226
3158
1597
18
1101
1570
2403
2910
1142
641
3299
3288
1615
837
2834
2205
848
1625
803
379
2151
3290
1554
702
1820
1777
3112
1775
2275
2555
430
646
3409
2614
417
1897
2215
1574
240
1145
3114
1319
2672
253
2654
3529
596
1675
1443
229
843
869
1631
2551
3051
3298
1393
1124
817
3431
1168
92
688
1887
2371
716
1281
2677
2526
117
3351
1181
2980
1089
2862
559
2931
1107
2382
28
1449
2694
1716
2773
513
2704
2083
529
391
2077
3386
3488
3387
226
259
1864
3246
2585
1569
2066
1450
2098
1585
422
2180
480
60
1840
2488
1122
938
2459
1614
3101
2328
1361
3054
3150
1285
519
2682
1690
1488
2265
1150
1516
1055
1510
568
3232
1918
735
2927
795
1241
766
2347
2011
575
1754
2598
2967
2005
3225
19
201
2560
2289
2469
169
3083
3216
2894
343
3160
2748
2063
1432
784
1097
1037
3384
2423
732
1936
133
1612
2661
2356
2152
344
227
1994
1884
2544
33
3111
1898
171
1885
2623
3404
3064
1630
2925
745
2288
2635
829
3532
2491
1014
2848
2454
1006
1663
2627
866
2652
1370
1967
3060
1073
969
707
1229
3477
770
2374
1244
1538
423
313
2087
2014
2715
437
782
1369
1648
2684
1482
1858
1425
2174
3326
875
2147
1677
2943
3180
2895
3344
2102
1704
2610
3041
2869
276
491
2129
833
1312
2483
3087
2120
2669
3250
3231
1406
989
1657
50
3115
3078
369
925
208
3009
3478
2170
3243
3035
1152
2474
436
3454
2678
136
2404
2022
2878
2250
1921
40
857
1472
483
1125
426
2179
3433
1902
2313
3410
1693
945
407
1989
967
956
2578
294
357
1234
1624
1582
1123
182
1409
2693
844
12
2001
1746
913
2451
2336
3484
941
2918
1293
2135
3322
1881
2444
1646
647
756
183
2201
806
3269
971
2547
2059
1160
2436
338
2820
1376
2711
510
3531
497
2008
69
676
1166
3474
3426
574
1695
434
238
2939
3013
1292
404
244
3371
3070
73
600
95
1430
670
879
2072
2621
3273
1896
468
1901
381
3420
280
81
144
2345
61
1458
2168
3085
1109
2112
1176
292
753
3245
2342
3136
3073
2945
2595
1238
3286
987
861
2713
3117
2844
2977
1659
309
166
3177
1933
384
3492
3186
6
931
2195
465
515
3199
2788
1685
715
2564
2472
376
2426
799
2439
3259
1647
2814
991
1553
72
3378
2503
2963
1295
1632
187
3172
789
1015
2556
1907
3030
1498
2085
3506
176
1823
1213
1325
3342
1159
485
3418
3470
2705
67
119
2228
3461
2383
3466
2702
2929
1850
141
3473
662
2893
1265
2789
2884
2119
2408
2975
2690
664
1846
847
1261
775
1720
606
2798
2847
2379
275
2886
1336
1355
3480
951
3153
39
2449
3262
1061
1670
2617
2737
3491
1197
2173
2447
398
536
2196
1384
1965
2740
663
1783
3278
486
2608
2242
2253
920
2601
1199
1452
191
2507
1767
2016
374
2965
1426
2366
2923
1890
2534
203
1832
2047
129
2100
3447
3313
2522
2550
1910
3419
1196
1435
865
797
3033
1739
632
3067
1431
3255
324
952
873
378
1243
506
455
122
495
323
2248
719
317
1392
1090
1953
1882
472
2298
601
180
2902
3328
1603
113
578
763
2753
83
2563
1514
2124
974
2947
2784
1702
336
830
1496
1070
779
542
1058
1216
349
621
2156
125
2141
2710
3500
822
1462
456
416
1378
3191
2577
3071
185
2738
1198
1649
1100
2532
3306
16
1079
3132
2566
1633
2497
2261
1278
3456
1387
3003
443
132
2629
905
791
695
2043
761
3430
712
1400
1226
53
263
194
27
3053
2757
2475
2234
1117
1991
1385
457
927
1616
1491
3063
3084
637
1906
2118
741
826
3097
1480
890
382
1878
2057
3104
1949
152
2249
2351
589
1394
2481
2039
164
1255
2946
1985
2391
703
2427
832
2418
2078
720
2184
1821
1811
3090
2590
2348
624
2908
32
91
396
2460
237
1611
1194
2658
1814
464
3007
1769
1459
471
1876
3519
1341
359
1342
2643
1899
44
366
3138
2034
3375
3396
2870
2246
958
961
2479
2956
2952
88
2452
2636
2676
500
2161
3065
1219
522
1111
594
2787
2499
1581
2473
1398
2730
3142
2142
2695
1490
2457
2857
490
2809
1518
1337
984
794
2790
891
1239
572
2361
245
444
623
2871
731
3130
364
1374
493
1348
3496
612
2569
1003
242
3091
424
1886
2108
212
2575
2370
3050
397
603
1541
3148
1128
1628
2137
1845
3429
1253
2341
1115
3329
429
3037
1334
1640
1546
3305
581
25
1502
675
1333
1787
1005
1786
1453
1563
1460
851
535
2646
1102
3108
584
1130
3411
3406
2712
3515
1010
1329
573
3049
3280
816
2663
1557
1961
1193
768
1031
964
889
2178
1676
1362
195
2543
1513
1353
2775
1178
2911
3334
2287
2691
1155
950
3452
2175
234
3294
3188
2256
3162
3439
526
431
2319
3358
2020
3395
1566
412
3113
773
2422
85
2796
781
1669
181
474
2121
3163
2463
1132
30
3157
3364
1606
2181
592
2440
2286
2843
361
3126
727
1660
1509
1645
110
551
2933
96
2897
3394
2416
3015
1707
900
772
1389
1927
247
2582
1771
2164
2106
3244
148
1188
2138
2397
1687
2826
1315
3483
2660
3421
327
3309
2630
2628
494
3337
131
1613
2217
2783
1519
1461
1801
1924
3355
124
1195
496
3032
2584
2190
2935
2697
2896
694
2480
2984
451
1417
1404
3128
714
1559
679
1141
2851
613
3542
1639
937
2321
1299
2054
163
63
1620
1935
3181
2433
2721
2922
1351
1851
1837
1600
1589
408
3048
2389
804
1827
287
2099
571
1252
45
1131
1088
3096
1701
1250
340
3317
2305
1710
409
1674
1157
1550
1856
1800
3339
1713
375
1202
604
631
1424
3482
1738
1027
3201
219
1396
2622
2903
1644
919
2396
2028
811
1951
1091
442
3066
3428
3463
973
1952
2736
2545
1098
3020
3512
2593
3276
2815
877
3424
1813
160
2605
350
1259
1805
3257
1040
2606
2490
3330
3247
1914
3159
997
3154
2255
390
834
1228
1082
1888
299
2471
1120
912
3204
1093
3391
835
167
1494
3146
2928
214
2296
2953
1225
1969
1726
1033
911
2420
224
3147
2718
1377
2966
3462
2074
3530
2751
1892
1191
3332
2409
2634
1747
1742
962
882
2238
1740
2295
533
332
1371
2111
2688
1681
2858
2700
3374
1544
1137
2136
1982
2530
2538
872
955
35
302
1812
3095
1144
1352
3448
1052
1578
470
2641
531
1560
2269
2188
76
3528
481
3052
151
2377
1004
2445
57
3487
3352
1479
1095
2879
2280
751
1798
1926
1175
351
793
352
2007
330
1231
1680
1825
2829
1939
3464
923
1318
2754
841
325
2513
824
512
2699
3434
687
2065
2794
1028
1975
904
1207
1996
976
2468
177
1508
1118
1793
1768
2854
1135
2501
178
266
1838
1772
1286
1757
1008
1547
3133
943
2202
1242
2303
565
1357
1908
3100
1492
1605
655
286
1733
2339
1381
17
3184
282
2747
1962
3194
2786
860
2520
697
917
1955
29
1140
3170
1110
1957
210
2300
1917
288
1287
432
2638
371
569
1116
517
1474
2900
764
1753
3522
1437
107
2285
2537
3
2819
3023
2367
3442
2898
3513
54
220
759
1785
2717
660
2960
347
3237
3106
3310
863
2849
2198
1959
4
1291
473
1583
2821
248
120
2046
2827
2314
2402
2797
1978
699
1233
2019
544
126
2853
2906
2484
654
2631
3308
2865
602
1465
3173
528
2115
2114
591
1642
1761
1722
2134
1667
318
3520
1946
1497
1317
215
1266
1501
1542
2732
2470
1363
1251
1436
3241
1112
1863
1634
874
3021
1438
1096
123
3545
2986
2664
341
977
2864
693
2132
1410
914
3365
249
1724
1760
3038
598
3152
3119
1511
1668
2222
2701
2029
3368
3327
1694
2337
1153
1867
65
2991
3218
3499
831
1711
2719
1986
3300
2392
532
2344
2570
944
1835
1712
3270
2411
3539
1523
2140
2395
3408
2838
555
3399
725
818
2349
1706
3166
1391
190
3341
2552
2944
150
1778
3389
2587
2032
2443
3233
1551
221
1047
64
2781
1903
1025
3077
1451
297
547
3193
3397
2000
3543
1099
1080
3321
2771
1627
1071
8
1971
402
2668
1171
345
1857
52
1421
2868
2193
2974
2243
2260
1792
105
331
3239
926
2763
2924
3504
435
1227
933
2486
1072
3079
1601
77
2432
711
3507
995
2656
2089
3289
3230
3210
3102
930
820
2539
1484
3198
2113
3312
3465
2101
2262
3116
1774
1060
639
778
90
1380
1984
2210
2529
2642
3081
3407
2741
2686
878
2703
1222
2103
503
649
459
2525
1185
1964
3316
2424
1788
205
3469
1561
3263
1323
2116
2673
2130
638
1254
502
1283
367
1900
2914
295
2521
1475
3544
11
1246
2761
320
2160
2823
37
3042
1531
232
2049
448
1748
1736
671
810
3258
3331
1671
932
737
156
1309
994
1310
2208
1221
3026
342
2500
918
2252
1932
289
3089
1264
691
1269
1930
1705
1700
3260
3362
306
2739
558
2355
2010
42
3282
2971
2620
2067
392
629
3533
2421
1997
650
3008
314
1655
3354
1023
1598
3075
1290
548
690
255
1855
2236
3398
1275
2304
476
3222
466
3275
174
1397
3437
979
505
2365
2600
2281
179
666
1412
2467
3425
1922
1470
3459
2807
386
2976
1114
1382
936
373
2052
2549
2013
372
278
2434
3134
2731
2220
1944
765
2744
1958
2012
2994
696
1682
986
1586
3373
1045
3205
1203
2996
1717
1212
981
2070
2954
1656
2888
1390
1347
2293
1764
80
2616
467
3450
2514
525
3125
2131
1399
2227
2292
1467
2350
1829
618
626
3219
2987
809
1797
2127
3195
1075
1727
20
710
733
2626
3514
599
1524
3242
975
2373
14
1591
1043
1602
