2124
1885
3252
2262
919
1442
2574
4970
3136
2309
330
4590
5414
3199
3242
1449
4919
1223
5304
4797
2627
2455
930
2723
188
2441
3624
1489
1098
2536
4845
2379
5074
4853
2739
4185
4500
1343
2609
222
4814
2360
3944
3068
2670
159
2617
921
3324
4964
3273
3419
794
1305
1105
1152
3913
3302
4368
537
1439
2285
3499
131
3455
5224
4042
1862
1617
1423
363
532
5424
3376
4619
207
3085
4657
4554
4123
41
2465
4722
3732
4629
3013
1540
204
3015
500
5191
2907
471
240
1607
4978
2950
618
3923
4231
625
3239
2606
1083
1612
575
1369
1793
1971
623
1126
1995
4824
3768
5281
3138
505
2586
668
1408
4521
666
3326
1592
3743
3658
3394
5185
2816
4638
4302
485
1814
3864
1319
5171
5181
2073
958
4496
1520
3005
2782
2000
5287
3026
2219
5238
3230
4001
2585
2404
1993
2636
2802
1660
1591
726
5370
1966
2287
430
3401
3531
867
4904
4127
1642
997
1085
414
2656
4248
3054
2325
517
4037
3693
3835
5342
791
74
3505
5135
1065
4349
5265
717
4622
1133
2888
1807
4848
4938
3816
3151
2364
4226
3636
46
2640
5334
1329
3348
2176
4613
4434
563
1713
3849
3689
2576
1623
4667
994
2940
3988
127
750
5187
5251
2432
672
934
4243
1385
3018
4659
1362
3677
2862
546
5359
888
3145
1844
3533
1541
4950
4744
232
4279
2038
157
1977
1443
2970
4665
5300
1788
2568
1609
2987
1564
1943
3476
2422
85
1655
2624
1583
1756
5212
2931
5203
4145
5285
5134
2793
2710
2183
4596
1758
3924
3898
1970
3776
3790
4353
398
1488
3451
1627
4864
988
2027
3039
687
2918
2162
2688
1056
2013
3780
4206
1487
4650
4436
3299
4047
3629
4875
4017
906
1572
1524
3552
2459
4542
571
5302
1996
1921
731
1959
213
3890
146
4091
3388
4695
830
4733
3471
1003
5072
891
1588
1888
869
4545
1851
452
4917
3022
3118
3210
1025
1252
3238
940
5198
2645
1270
5256
1075
1729
3811
696
5376
1914
1477
1340
3354
2942
2107
2193
2004
4067
528
2865
3602
4328
1171
2022
4331
3398
2182
2239
3581
171
4745
2678
140
2125
1013
2163
158
2490
5122
812
56
1574
1087
3611
881
581
2993
3162
342
472
479
4679
2222
2752
3139
3818
20
418
1063
1533
2813
3344
5182
407
4962
4392
2781
3984
2105
4777
2435
2452
445
4979
4713
3660
61
817
651
970
3523
2980
396
3735
69
1668
5223
1367
3098
1205
3626
2957
4225
4036
193
594
3307
2151
2516
960
5266
4878
2140
2046
282
3949
4502
2889
1903
4994
3695
3297
665
437
1453
362
163
2991
373
77
3381
1697
424
4825
3793
19
2165
3109
3681
825
2188
3529
4068
3298
2673
2149
3113
4423
2470
3477
1595
3941
778
1433
3169
1955
326
1424
4678
2571
4004
4763
2302
4716
683
587
1417
3828
2206
394
588
1149
3096
2622
1508
4766
3400
164
4565
1071
2971
4646
1813
2373
58
3781
4322
644
2221
4922
2414
2614
3337
2388
1950
831
1877
787
932
5390
1576
796
2546
3467
335
2451
1100
483
913
5411
3672
4445
3588
2343
4664
5420
3076
1279
2892
4112
3817
4924
3929
1447
3997
334
3648
4446
2646
793
2689
916
5288
1272
3815
762
346
1597
4212
3225
3769
343
2216
352
904
5422
3613
1989
1472
14
3762
3805
3614
3843
1509
4705
2558
3100
2059
5269
5109
5009
5001
1974
2726
1812
1053
2551
5159
2002
605
3093
2203
1066
2111
1024
2924
1543
3115
5348
922
1553
1473
2488
4859
5136
4477
4903
1198
1440
3186
2277
3880
123
2108
273
729
0
3077
5164
4359
3758
4195
4925
2590
2829
1020
4489
1398
1129
5179
646
5415
3247
3340
3701
2662
170
2048
5232
4912
525
1561
4472
5320
4939
4949
2303
4861
7
1042
3986
977
5344
3884
910
1118
3322
4084
1454
2799
3628
4007
2544
2464
2909
759
1999
530
2420
1546
249
3744
3623
889
621
1032
209
413
3168
4408
1286
4257
3316
143
1640
595
3733
4108
1348
576
4289
3757
2297
4764
2487
4571
3355
5299
4169
1691
3683
4395
2416
1733
2056
4161
4286
1871
5101
474
4241
866
2306
3306
3947
1953
4908
54
384
3263
4630
411
1907
2717
4356
4966
936
5169
4620
2580
2346
1770
393
441
4988
3327
113
1820
1794
2072
2511
3084
2577
650
1857
4681
484
2392
1683
4520
2587
1182
3501
2356
2157
2936
1414
75
1074
2481
5400
3391
1985
2245
5262
5316
533
5249
153
267
2777
300
2613
356
872
896
2981
4114
4549
3630
4296
4131
808
303
3195
2109
4088
863
1944
3601
210
2542
1503
1632
3339
3558
4043
5263
1160
995
4345
409
4103
3972
5217
5003
3856
675
291
1990
1667
4662
1357
4576
3423
599
3619
2068
670
5236
3858
3704
1159
1051
3194
39
1045
177
97
4943
408
3205
86
3262
3066
3710
5404
1239
2825
4604
2524
2529
3742
2075
4418
1900
34
3726
3222
4162
4012
2363
518
2255
886
3428
4981
4164
4458
1786
1322
4668
2190
5273
4992
1119
2603
3566
1029
2938
4993
3679
4288
4892
1934
903
1742
2295
2208
4156
3094
4031
3042
4102
3004
738
3882
3071
4459
751
4250
1097
5283
1036
603
3616
1530
5395
421
1621
3277
196
3379
3734
1268
907
1600
285
4018
1378
4546
3047
2979
1711
2033
2104
2901
3048
2547
3129
1259
4930
1710
4990
4569
3165
2355
2049
1923
4147
2997
280
5369
1618
4671
3243
617
1384
861
1273
2186
168
237
5165
1706
5090
4433
682
4052
3992
724
511
65
3813
3749
1514
4115
4953
1397
3948
4955
5089
4090
4321
2746
950
3747
2821
45
4723
1372
1740
3080
3089
1823
4381
463
1216
1007
2996
3773
4742
3807
5282
1155
2594
5152
3173
2249
1773
2492
1695
189
464
5023
938
1960
2641
1526
1749
4058
3276
3075
1575
3968
1603
2848
354
4372
1480
4704
4793
4380
5258
4132
4585
2870
3797
4862
5021
4835
4544
987
1458
3296
1584
1628
551
4443
258
2749
147
494
1033
2194
2476
975
5006
4822
1086
4247
1294
4256
1972
2198
219
4562
1973
1581
3189
2005
3249
3114
431
2378
3517
4758
4056
4448
3731
5123
2671
2366
2345
1166
3871
4315
432
1181
547
3838
850
3166
1381
1674
3883
333
5071
3435
5222
1909
3760
1545
1124
2561
1460
3741
944
4232
3311
3685
657
2643
4467
1030
3049
718
3185
235
4888
4601
3422
2112
679
4761
2761
2391
3640
2094
5221
2572
1987
3259
3763
520
1405
1090
1375
2173
2170
2338
3618
5319
3730
1295
1897
4363
5219
2288
3916
4926
1884
1323
5103
1461
4217
4106
1248
803
5151
3560
4798
799
2946
4136
1394
3702
1310
1332
1459
4413
382
3827
1653
2178
5186
659
3421
5036
3651
3486
616
5357
107
2548
790
497
1431
3921
4849
2600
3641
3424
3928
4172
4642
697
5260
3519
5126
1619
550
1227
3539
4249
3756
4386
2271
120
5156
2786
1142
2899
4673
2129
3198
5409
2539
513
4530
3332
3034
2088
5335
1339
4560
3366
2866
40
5002
1647
3891
4357
119
1377
4235
3609
480
1639
1213
544
2300
2764
1919
5073
1116
221
4220
504
1089
2721
2928
612
4404
716
5255
142
604
4149
489
1496
2387
3121
4559
1131
29
3460
3137
3824
4365
5149
378
301
3946
2682
4038
1682
4886
3228
2555
1555
84
4625
1730
4000
3345
4187
773
2289
5017
4178
770
1611
2224
4583
1947
3918
3161
3359
779
611
2437
429
1316
4906
4041
2267
3153
2254
633
3293
4139
526
3727
3132
2575
1980
1635
4092
272
3445
3989
890
1430
569
1512
3669
22
1154
4045
4790
3771
390
2983
1073
4262
3396
2001
52
3463
2728
4686
851
3496
2817
2767
4393
3707
1240
2692
1629
1482
3673
3218
1838
481
3102
1929
1614
4863
3671
2579
4244
529
2929
5402
2815
3666
2851
5048
101
1961
4567
1069
5114
81
2138
3123
4611
2479
1125
1421
1467
5298
2790
3459
3798
5295
304
4014
1046
3633
959
2712
2463
4015
3713
810
3157
2661
2744
4684
3787
3557
4746
4133
1997
1882
1266
1094
3844
566
323
4807
2977
4347
4326
329
5115
5293
3779
2137
844
3387
387
2329
4336
5193
4246
1722
1228
2522
3321
5127
3570
1702
53
1926
2035
3019
3589
3785
3105
1801
3691
1249
556
836
190
1344
3133
1476
412
3232
4730
1148
887
3962
420
2952
3417
2765
3284
1485
584
3909
3436
4202
1170
5117
3092
148
2126
1194
2774
4707
2984
473
4488
515
1707
4921
104
1183
2383
735
3889
5227
495
2797
929
4154
4438
3045
4785
4379
4492
1478
4196
4915
963
776
1874
5050
3171
457
4634
1493
2482
3353
2954
894
403
2042
3605
5349
44
3466
5066
2664
2321
2058
4595
3058
2875
3484
3604
3829
3587
4204
3253
3899
2074
3722
2908
1834
4721
1525
2196
2017
3598
169
4518
4579
813
3444
805
710
4254
3860
2372
4107
78
4872
4355
5399
241
5360
538
1941
274
2123
28
3361
2256
1157
401
2212
4100
4493
262
1854
4682
2534
317
114
1875
2934
5355
4340
902
1804
1734
2500
2448
1515
3822
1264
1784
4138
3513
3475
883
341
2716
2235
5279
5373
4511
2507
4318
4803
2914
4805
5173
3795
620
55
2592
3209
2933
5351
772
1906
1519
619
2483
3738
4188
1715
4556
4884
5030
5347
33
311
1497
2439
2034
4253
5077
3595
2008
4507
2260
4588
5144
2653
2160
2687
775
4557
3719
4592
814
4024
4974
4308
1593
2020
109
141
4175
30
2967
3254
3902
1924
5241
4717
876
4375
499
60
769
3870
918
4153
4823
3312
3930
2361
868
5113
5225
1150
3654
2787
4794
1841
5338
2098
3069
4317
248
2867
5381
3931
2736
5235
4137
5259
4755
1964
3915
4005
1843
5098
4282
3267
746
3099
1389
685
5060
1113
4400
1283
900
1566
877
755
2858
2868
3761
1829
4752
4183
1659
310
1353
662
320
841
2172
4481
2357
3765
3442
1531
2122
2269
4101
2788
10
4757
4564
5010
873
602
3904
4388
331
5426
3472
4956
2532
3861
1744
3024
1331
347
138
13
2478
2735
1401
2286
1954
2537
4494
711
1856
3406
5204
2152
2337
4259
2257
4150
4009
2145
2155
187
2415
2581
733
51
3439
4314
3574
492
3774
4471
3608
1693
3257
574
3796
981
5425
3081
4444
2354
4280
3493
1247
4893
965
1312
985
5124
2589
3724
1582
2012
1278
4263
71
3535
874
2900
4407
1577
5350
3464
552
948
1550
3012
1809
17
1643
3305
4348
4218
5162
1726
5038
5407
314
419
1719
3382
5311
4887
2066
2654
3799
2951
4295
4120
5053
4933
5332
4935
4898
1358
1363
4932
124
5046
4466
3002
2833
2509
1796
5199
2642
3275
1832
2402
2639
1714
4985
3372
1937
788
3680
2110
2409
816
992
197
83
3405
4062
3356
3718
1521
4327
917
1114
4159
1005
4476
156
87
3544
1303
2118
1663
1451
1015
4669
4275
4157
227
5039
2958
3055
4871
2265
295
4083
2601
4854
3454
110
2185
4975
856
628
557
4165
1994
1370
1965
1738
4059
4440
3872
3404
2763
4292
654
3323
4778
3303
2442
4896
4121
357
4177
2922
1918
1186
5035
5013
527
3592
461
4504
2261
3963
2729
2079
2573
4789
4517
720
1136
2533
3831
3548
845
2882
1285
1211
1680
3245
2016
5247
2142
4654
2808
1828
2467
2828
1224
837
1649
4048
4510
4644
640
4787
3144
2411
3659
572
2041
2298
2591
1689
2953
521
2733
3441
2263
3803
3668
4857
3676
3840
821
3951
3584
1648
366
2732
4751
3863
2753
1326
245
4325
2419
1072
4236
1137
2730
1031
4534
3011
4760
216
1200
4729
1402
176
3028
570
819
560
667
3573
5068
2389
4096
923
5011
4358
1425
3126
3375
358
1306
5305
3839
3848
3728
1736
2760
3106
2814
2101
2412
4819
4724
826
2396
4073
3196
1196
3515
608
2805
3190
598
686
2694
2427
1679
4360
3576
3208
1728
180
3901
3892
982
4023
4126
4756
1383
4049
4540
321
1034
592
368
4550
3051
833
4624
1662
3507
4808
5065
4593
4538
145
5371
2264
3122
4689
5358
1413
3001
1847
92
12
5000
789
3772
5200
1580
4516
3282
5170
3036
4874
969
2497
2211
2675
2014
4410
1905
4338
2236
1204
2745
3525
1747
4268
3182
3736
3364
4902
253
1130
502
1243
3543
3715
3070
1552
2505
725
4260
3236
5201
1598
3910
3804
1881
3112
3832
1304
1165
4128
3814
4691
3030
3402
5252
2502
1782
236
4531
693
5325
2527
3233
1147
2394
3074
4737
5410
2701
875
1620
4973
1755
3627
1625
1141
152
1265
3753
4726
1608
243
2044
2860
3201
3362
2413
4303
933
954
2070
18
1849
694
184
111
2136
1403
4866
3678
486
4581
2504
4806
5112
4608
1731
582
1444
4525
3938
5401
4449
899
1748
1495
2941
2699
2181
3599
3119
4916
3688
3
4272
269
460
2973
1772
1630
2453
880
4582
2119
1427
3582
3940
4284
2863
4982
2284
1811
3498
1019
4954
677
3176
4656
2711
784
3041
1296
1759
2139
2823
3694
1001
450
48
2310
4387
2526
3961
5322
4734
3072
1652
3197
1299
4940
3497
3029
1222
2854
2792
4594
2207
1289
361
4577
5261
201
4914
1651
4529
2230
5155
4563
1605
1162
1641
747
591
5245
2317
2052
674
4411
2324
5343
1861
2543
203
2293
3446
4452
1982
5167
4865
2174
1047
2628
739
1883
2246
1502
2562
2937
3184
1218
853
4572
4599
5380
5366
2320
2959
265
631
1035
562
3369
1775
3038
1735
3413
5040
1837
4
3607
4706
3227
3610
1127
3450
859
4431
1928
2023
5331
2713
25
3425
1236
3594
3007
4759
703
2352
4384
3869
5248
1830
388
586
5142
117
2029
3935
1290
1238
1613
395
4584
4441
5374
622
2431
5020
641
4193
5239
3073
3097
1221
1983
4335
4833
663
4772
4140
3766
752
108
2367
2567
5315
135
4931
3950
3430
5220
186
3149
275
516
4941
2097
96
3907
5264
3043
2268
2988
4963
3065
4623
191
523
4135
1658
1457
3644
1350
3621
5429
2906
2491
607
3125
4300
2220
3350
5384
4837
1429
1156
5175
2545
3437
2737
1911
2893
4901
130
635
4071
2700
4868
2266
4647
583
2842
3646
705
2903
3893
2849
4397
4277
2930
3183
3926
2519
3985
2209
284
671
4895
1760
1158
3159
1587
4240
2659
1219
4201
4271
3110
2147
2920
1311
3945
962
3937
4475
4184
2318
1510
1208
2559
1704
4425
4113
3221
3415
2644
3888
3981
2382
338
5423
1361
4143
1469
4211
3906
2695
3453
2243
4791
3062
2076
4464
1324
3235
2276
4828
3420
3806
400
3304
1927
3141
1799
2475
4484
2884
5356
2204
1701
2969
2631
2480
1717
2050
1958
1180
4640
4497
3571
3711
4499
2647
4735
116
5244
1092
2486
3410
4287
3346
2750
1333
3032
3905
4811
2742
2305
1475
3894
4155
2850
4720
1263
688
263
949
276
32
5153
1638
3315
1000
4732
3248
1946
2982
1167
2738
3500
3876
2779
466
578
4152
217
642
1718
3712
179
835
3290
4741
1863
154
5059
722
4765
5063
4512
1416
5412
1870
1287
5045
4265
4468
3714
721
1349
4929
2638
2374
349
1314
3542
3971
1307
64
2872
2612
1217
4738
250
1836
3328
305
736
4415
3562
4465
4946
1637
4753
1191
4460
2025
3580
4889
2375
3033
5274
4429
2964
1859
2806
1666
2440
5237
4016
4907
3393
1675
2446
3457
2605
4528
968
5174
4341
3545
555
2460
1313
2978
79
3025
3896
1817
5306
676
1446
279
5327
1853
1068
1040
3000
3213
2063
239
2065
5093
1654
2769
3386
4769
126
4474
1365
4739
5271
953
1054
1415
3347
1244
3264
4693
4899
3530
2676
2238
313
4063
4643
3465
4406
1237
5208
2368
2919
4098
4142
386
1193
5082
1895
1681
1745
1846
2336
3859
1821
3107
5043
1599
3156
1646
4702
756
4987
3662
5408
3853
4194
639
3617
2727
2218
3300
3862
1687
2161
1984
5032
1342
2518
4146
259
3720
2179
136
488
1678
264
5317
1908
4385
2917
1673
1948
364
2649
5196
2784
2447
1656
1470
2344
3349
2180
2039
4412
1256
3801
3969
4051
230
2831
507
322
3837
3546
2102
5290
2444
5019
173
2795
4034
509
1111
2698
26
655
4688
1466
1464
5052
4830
1330
4498
4821
2141
2891
5286
2015
3927
935
5004
223
2299
4273
3661
4574
2089
3995
5386
3737
38
3494
2426
1523
2217
2278
1791
4238
4767
3270
4055
31
5163
4173
797
293
5076
4378
4690
3214
1351
1060
2629
4641
5211
1558
3142
1940
2809
4840
4053
1250
1419
3287
1716
807
4479
15
1258
3561
4021
3698
375
5095
496
5110
4330
261
2326
1388
2932
129
2668
2495
4995
3922
3965
4261
4366
5192
858
4718
1866
3452
4343
846
613
957
1892
2995
1044
4297
309
2754
2430
4947
1284
2871
3217
767
3234
4274
5215
2616
1579
3064
2913
1364
723
1532
3193
3770
2515
3567
4820
2393
4838
2259
1209
2696
3294
3819
3140
5292
5132
2517
3251
4505
4957
4858
2762
589
1585
1121
4311
3416
3485
21
3721
283
2201
5166
3964
3083
1229
399
3825
5147
3390
1769
2319
501
4285
4897
834
2706
5243
4977
2040
1199
3215
1059
4168
3037
3432
4144
3982
3516
3512
2512
5207
2251
4373
68
2531
2634
4633
5146
732
3488
4818
4799
1624
162
4727
98
4918
3216
4210
3101
3789
800
2720
1257
3269
3911
2377
4506
427
2210
1146
3879
4267
2789
175
447
3449
155
4002
1873
3802
3241
4208
3847
4029
684
3631
4754
5383
4881
4714
4795
3885
2169
3188
3237
2060
1761
5188
2312
4740
3729
3063
3061
381
2775
4219
5276
3206
4969
2187
2604
1021
3647
712
1373
5190
4463
5160
3612
4450
2315
3461
5184
5210
3342
1260
727
3095
2333
2948
4170
4266
1578
1197
2588
4125
5088
561
765
785
1318
2103
3117
2915
2496
1938
781
2175
5057
4991
2556
316
2650
1360
4958
1957
4064
4234
443
3226
3295
2705
801
3440
391
879
1902
4860
3564
380
1557
5346
1309
4636
5051
2663
1500
3443
2843
2844
5026
4675
2651
2540
1184
4223
2258
4209
1835
884
1963
5326
1498
4750
4299
2349
2677
5205
1774
4382
4276
195
3040
2708
1936
2134
3431
4905
5307
4181
4813
4346
369
4561
2618
3325
4189
3903
1787
4337
2093
1920
1233
585
3585
5194
1366
95
698
1956
4621
5218
689
1392
554
514
1220
4371
1703
4976
2080
4118
1536
122
2690
3407
730
4439
4842
1700
5148
2214
4519
80
798
2811
5391
2885
786
1115
748
1448
609
1797
2724
172
4470
4046
5118
1568
2947
286
1187
2499
2153
2061
1602
37
2886
630
4880
339
3875
911
601
4816
4876
4773
2610
1880
4603
200
691
3556
1537
404
2824
4855
2472
2772
2273
4551
4637
3292
4079
1212
3244
3130
3809
4207
4224
5213
2751
4093
3877
2462
3767
2837
1355
743
4509
3318
2395
1241
1099
3301
4960
5361
3699
3697
3538
3506
2660
1792
915
24
344
815
4495
4768
1080
4936
3164
681
1418
2812
1776
534
1622
4836
4780
4575
5083
2030
4097
1317
3953
2433
218
1122
1732
1677
2835
2410
2514
11
3977
1140
2926
2783
1563
4539
708
289
961
2167
2704
1708
62
1428
1753
893
2563
5323
4850
4674
2043
2158
4606
1661
634
966
3380
446
1002
3373
4176
1868
3128
2148
4776
3983
2655
2506
4578
1887
35
4804
5202
1522
643
1426
439
2722
2773
3160
4687
5168
3755
3352
3286
468
2630
1586
4628
3925
1945
205
2945
4617
2881
2747
4010
4141
4615
1352
1685
3447
4568
318
3056
3392
1872
1128
993
2399
2818
2748
3116
1368
1359
3181
3632
332
2081
1865
1850
5014
425
2956
1325
1912
4044
4909
359
2077
434
1254
1143
1479
2334
4869
5367
4087
1981
1163
1819
3665
2619
3331
976
5387
2438
1754
2365
4911
1490
4455
3967
4072
2803
3705
2986
3878
4069
2887
4698
2998
5406
3526
5396
3111
4661
5044
150
838
2847
4060
3152
1096
1507
4032
306
4645
491
257
531
2864
2283
167
8
1802
1079
4503
3338
1261
455
2304
2131
4486
4398
4535
2401
82
1967
3800
242
5070
5161
4920
229
1988
2911
1549
3692
3426
740
3250
2242
1596
2132
757
3725
1845
160
2583
458
3006
1277
2362
1468
3146
4163
246
4602
3865
1014
4057
2011
1858
2535
843
3103
2766
2096
1168
3716
5037
4680
990
4313
270
2740
3653
1684
3895
2159
2018
4632
3521
795
2725
849
715
477
4942
2582
174
3511
100
3565
4683
372
4514
4959
4867
1190
4587
2801
2620
2417
3179
4882
42
416
3943
3082
2405
2508
1785
478
4264
1893
1492
4586
3841
4462
2407
2975
2625
4305
4478
5388
2471
1547
2718
5267
132
4167
1567
3271
5189
1860
3620
2099
192
5078
1410
1135
2458
3555
1692
2758
3855
5308
2436
3751
3886
3520
3265
1041
4442
93
3224
2494
3309
5405
1022
780
2113
3261
2
848
2755
1107
4307
3920
3625
312
1387
1406
1338
2084
2322
1816
1422
2525
4998
1016
1486
728
3509
1879
4028
225
3281
4616
3897
4543
1356
971
4151
704
2683
3177
43
2146
2697
660
1347
914
1432
1590
2434
737
1671
2280
1009
3708
1790
415
3395
3023
4421
3974
4781
4782
1463
1037
1335
292
5015
2768
3942
964
2510
822
2292
4129
1529
678
294
1808
3010
4597
4003
1337
350
1018
1301
5416
897
94
2128
3175
2832
3823
536
337
978
1842
4456
2474
2092
3845
1110
541
1518
741
1650
4390
444
2384
4182
5329
1723
3846
2477
4269
2229
4422
465
5379
3090
3723
1172
829
761
4171
3329
459
2270
3783
2106
3438
4945
2549
1315
1232
4426
4490
1245
212
4258
4179
2852
5100
1078
5099
1539
2428
1672
2253
4230
5180
4008
63
842
943
3999
5121
3655
1665
2538
2051
3397
4701
182
139
440
4508
4660
4301
1117
4130
3873
909
4900
2703
2390
3674
453
2296
542
4609
1548
2985
1048
5120
1604
1057
4329
3717
4105
493
3939
1712
3996
106
991
2461
3622
5385
2904
3268
3258
1818
4709
811
3211
4306
482
3777
2554
802
4186
3371
1631
1727
4676
2637
5228
4251
3549
1077
1207
2279
4086
4191
422
3740
1102
137
714
3528
2927
4323
3483
1777
4612
2608
4304
4485
2327
952
2199
1601
5291
1
67
319
3495
2335
3203
1795
4783
426
2024
760
1867
4403
4762
3508
5312
1017
4095
3642
2449
1434
4846
183
1234
4290
4417
669
3583
4792
1346
2776
860
2031
5061
2135
818
2989
524
3021
600
4986
3998
4826
766
4369
4999
367
680
5229
57
4174
3821
2062
1062
2976
2876
308
5195
4951
1188
1916
3597
1709
125
3966
2896
2669
700
1076
912
2308
2702
336
3638
1441
5419
1657
3615
908
3067
519
2520
3469
2314
2994
5270
1764
4035
475
1082
1214
5133
1164
1840
1690
1765
4394
1390
2091
4229
4190
2232
3759
4122
3782
967
1308
3524
2117
4968
701
699
1101
3746
3174
1061
3794
3377
3593
2902
4033
2083
3709
1435
4025
4011
4239
3657
2877
870
5183
5337
3514
3596
2250
4815
3489
4316
5018
1108
1095
3433
979
4708
4952
1739
4747
178
402
2810
4333
1269
5330
1768
615
5027
928
1644
3603
4319
3932
4558
1822
296
2332
4134
4841
1420
3150
134
2054
2667
4524
1437
564
3696
695
4166
2633
3016
5177
1767
251
105
1008
6
942
2686
4843
5362
1235
4694
3148
1010
5289
3212
2386
559
3980
1067
543
4061
5119
862
637
2707
3788
4222
1935
2648
1810
2657
2323
4077
2944
3088
2197
234
4074
3637
5340
2883
3131
4770
3330
3363
1161
3035
1320
5125
1930
2853
5067
579
4827
2069
3079
558
1979
998
3409
2652
4227
820
3934
2281
5140
5176
4414
1826
5314
4374
768
3852
340
5022
3378
1456
3670
2856
324
1084
4298
535
436
351
1827
1195
2961
1302
1226
734
1345
809
512
2191
4320
5394
1298
4089
4473
1626
224
4278
4242
3970
4788
1382
3979
2741
1616
3952
3667
5403
3008
661
2566
4362
5012
1932
1445
4391
72
2560
2962
1699
3663
4040
1004
2053
1280
1724
99
103
3490
2960
1551
3360
5081
4731
5389
2836
5275
972
4160
1686
2949
629
827
2972
288
4310
2205
2804
3020
4424
1798
2150
4614
5284
2841
5278
3563
4026
3053
4389
379
2341
4639
823
3255
360
3481
5231
91
3578
4948
1050
1281
1562
3834
1669
3104
1328
3510
1513
1889
233
4457
2371
3786
3370
1998
1831
2845
3283
2840
1462
924
5310
4771
449
4255
5382
3917
1780
1743
1242
5296
1175
1049
2010
1499
3579
3993
792
4923
2685
3754
2184
3690
405
89
254
4965
1474
3687
573
1800
2154
1376
5172
1055
4913
4030
397
783
5130
3341
847
647
3124
451
476
3374
290
593
1104
522
5049
4402
1891
713
133
2943
3223
4589
1215
5341
3172
1291
980
2311
2770
2067
3764
2294
4677
1450
580
4070
2223
2423
1300
3684
1594
88
2418
2055
4342
3606
376
4685
4703
1556
2839
2874
3456
2071
1436
3385
1144
3351
5393
5178
128
4743
5246
3256
1176
549
4710
1781
2085
4851
4775
5092
1504
4801
4696
4552
5005
5029
4110
4432
3170
3163
1949
2834
3554
5054
1931
3060
5301
1179
181
4885
5417
1986
3308
648
4309
5007
4214
645
4085
161
1297
973
2468
4483
5055
2225
47
1396
5230
4635
3473
4228
3278
3550
5254
454
745
3120
3978
2557
1806
1763
3050
4480
4877
1516
2759
1876
1696
4649
1535
2593
4482
2800
4809
2202
4383
1255
417
1371
3908
4420
4419
1481
895
1852
4344
3143
3458
1404
1341
3994
2177
4700
2674
1962
5
4237
383
2301
2347
2493
112
5206
3643
4548
806
2114
1839
4405
4066
1491
1803
5025
442
4367
2859
508
5096
4453
1606
5086
1534
2743
4537
706
2916
1694
638
315
3600
2244
3031
4856
925
1751
597
5105
503
2006
1538
1292
652
1527
1890
3900
707
206
1058
4039
4972
5154
1288
36
3017
624
4712
2313
3448
2791
1771
864
1177
1544
2827
1109
3288
3087
3541
4111
2939
753
4270
1670
656
4967
4427
4666
1569
1230
3480
4944
5303
5091
1789
1173
4332
1825
4997
4652
5397
2398
1334
758
3559
4844
271
423
3568
5137
1864
5339
3280
719
3207
1494
4158
2036
4536
2955
1185
2192
2403
4566
4774
1400
567
3314
742
2935
90
3158
2898
2408
2082
3231
5145
1910
49
3954
266
3887
2734
307
2348
2353
2691
1869
2189
4570
2228
165
898
4802
4736
374
2923
1484
199
3343
553
4294
1589
3412
1231
73
3975
4831
4409
2796
2340
2565
5309
2553
2498
3154
1505
1151
4213
297
3313
4454
3639
3411
1506
1904
4672
852
1123
4461
2469
3200
5280
2963
3990
2195
2456
3959
1894
649
4281
1452
1178
1969
4627
3572
2602
438
4377
4312
144
3383
1139
510
50
702
2307
4339
1391
9
596
1274
5106
1026
1815
627
328
614
66
4779
2672
763
3955
5016
4715
215
2807
4364
2019
1276
3365
3537
5034
4054
2564
2007
2009
626
1833
2521
4396
840
4124
5131
5226
4890
1896
2045
2424
824
2873
5253
277
4600
1201
3429
1088
5158
3474
565
1752
5069
5080
3857
4022
5042
946
2237
3752
2226
3745
4555
1374
1633
5104
1750
287
3590
2794
2635
4487
2757
2826
302
1293
5368
2968
1253
2342
3739
2144
4200
1106
70
406
268
5421
4050
2569
490
3850
2666
1746
1501
2820
4197
198
27
1393
3389
2598
2291
709
23
956
2351
4020
2272
1407
4019
5094
151
2857
1210
3820
878
4692
1762
1676
754
1145
4215
4078
3682
2709
256
1386
3108
3586
3649
3750
3399
4198
632
2596
2684
2719
4416
4252
4580
2100
2912
3266
2626
3191
2156
5079
3808
1899
370
4203
220
3652
3291
3957
5058
3518
2714
1645
2130
5418
3192
5363
4834
2855
5102
4515
1560
3914
4027
4148
4065
1336
2397
1412
298
2231
4354
2861
2457
3434
4598
1886
1282
3532
3575
1064
989
4670
4891
5413
2910
4728
3792
3367
1091
327
1006
4883
5392
2164
4812
636
2143
255
4451
4119
764
5336
1275
3414
974
5352
3078
2528
3591
2021
1321
1517
231
4894
749
4989
1913
3285
3246
2894
1615
4233
905
2330
1267
4610
1688
2057
1705
1411
5141
5324
2425
1189
1952
986
1483
5214
2400
3569
5234
4352
3086
3748
999
4324
777
4013
3052
392
3320
920
1153
355
3503
4205
4216
1471
4631
1120
939
4351
3204
2830
3260
3479
2282
5268
1951
854
2513
2599
4199
804
5250
2450
2328
2570
945
3357
467
4082
2227
4104
2771
5108
2489
1824
1225
3778
4697
3219
1192
1778
1132
3664
3403
5087
865
1465
2047
2731
4553
3044
941
462
2380
3960
610
3810
2921
1565
3502
3180
4937
771
2166
1438
3854
4099
3976
984
2578
3059
5085
194
3470
931
4663
5143
5353
4748
2381
4961
3057
202
5084
1012
2078
16
435
5139
577
832
3178
3936
3279
1915
1855
5294
1081
3333
4971
653
4437
2445
4983
2756
166
4532
3310
3956
5428
4428
983
2846
3462
2798
1992
2121
3358
4513
2241
2632
1028
3014
2621
4655
4334
2822
1968
5047
744
4527
2473
4469
5116
3842
1093
428
926
185
244
3874
927
2350
5354
3334
371
1011
2879
5062
5138
2274
4810
4523
3317
2429
4180
1134
1721
2086
5107
2358
1571
118
1991
3009
4435
3656
4116
4283
1027
4447
4117
892
2693
4430
1720
4648
3384
5257
2484
2252
3336
1741
3635
2213
3836
2032
4786
5364
673
1528
2992
1327
1779
1038
5056
325
5372
2905
1939
4852
4651
2215
3650
4749
348
1271
4817
410
5240
1737
2275
2120
1409
2785
5378
4910
4541
5097
2316
3851
76
951
3027
2331
3335
1542
1103
839
3958
2248
3881
3220
469
2597
664
149
2240
2890
1399
2552
5233
1203
2037
3418
345
281
2064
955
4094
3289
448
1380
433
2369
4547
5333
3482
4076
3912
4832
3240
211
3826
5111
1725
5277
2523
2974
937
545
3487
3427
2623
3706
385
2370
5064
690
2443
2133
1766
3229
1573
1634
2421
365
5345
568
3135
4934
2681
3274
947
1455
1039
5075
4075
278
252
2171
590
2087
782
4719
5024
2780
59
5128
4370
4109
102
1664
1112
2339
1878
2607
1698
3830
3868
2115
2290
3046
1511
4006
247
3812
3867
1379
4928
121
4984
4501
4080
3091
2838
2965
2595
226
3368
470
1917
3547
4607
5272
692
3833
2819
3991
5297
4626
2501
2466
2028
2665
456
353
1251
3987
3973
4839
1757
1023
2715
2541
2359
2233
1636
5150
1933
2247
260
3202
1138
228
506
2679
2895
1848
4399
3167
2116
3147
3791
3551
4658
4376
3700
208
3775
2385
5157
238
2095
1898
2550
996
857
2880
2778
2658
2897
498
4081
3491
2376
4245
4873
2127
3866
774
3784
2003
2406
3504
1783
2611
1805
2200
4192
5398
3492
871
548
1202
2503
3319
2454
5129
2878
540
1395
5375
2925
4784
1043
2966
4361
4618
3675
2584
3527
299
1570
3408
1262
1354
3634
855
3577
3534
5008
4996
3272
5041
4291
5197
828
5321
5209
5242
1976
3645
2090
487
4653
901
3540
5427
214
5328
5033
5377
2168
4573
4491
4829
115
2485
5216
3468
1206
3919
4350
1559
4711
4221
5028
5365
5318
389
4605
3522
1975
1554
606
1174
4293
882
4533
1942
2026
3933
3127
4526
3003
1901
4847
2615
1169
2999
885
4927
1070
1925
539
4522
3478
1978
3686
658
3134
2869
1246
3536
377
2680
4800
1052
4879
5313
4725
2530
3187
3155
3703
4980
1922
4591
2990
4401
4699
4796
1610
5031
4870
2234
3553
