3226
2336
3316
2281
875
3539
250
636
1576
3356
2051
1173
1711
1423
3018
3330
1203
1193
2018
2447
3230
2264
538
669
473
1111
2642
3444
2163
1043
1059
1484
355
1560
3306
3537
1842
847
812
1280
2981
820
1828
1106
230
1551
502
2013
1680
2384
1881
171
814
2946
3126
2138
2744
1728
367
1769
2237
2513
620
1407
1404
2799
2468
1820
284
2617
3026
2208
1366
3467
1853
1655
1362
2573
2598
187
2438
1686
2896
337
2765
3031
3362
1791
3191
2957
1055
1391
912
964
2349
2358
853
2153
1108
561
1266
942
1738
322
998
1848
2751
3529
1787
1063
1371
2272
2070
622
159
3170
325
889
568
3471
3308
2196
1045
96
1552
3368
2542
204
3124
1209
2144
2731
3313
1252
774
12
1126
2818
1205
3500
1773
2512
1995
64
513
865
1040
2213
1001
3542
2895
3176
3274
85
2292
2088
619
2069
2856
63
1550
2207
1781
15
81
1257
186
705
1568
1826
338
3432
2824
3180
408
575
2664
3402
3165
1648
976
1918
617
907
2404
1632
3003
2452
1434
314
1920
3042
2738
3475
2546
1673
848
855
2800
1086
485
368
2619
2473
3404
2009
341
2804
372
2235
335
2501
1554
2096
2938
2934
897
1939
1656
477
296
1155
3161
1473
300
1245
2215
3531
2364
1113
1646
3
1432
3302
1131
1503
77
2759
200
530
2543
1630
3486
411
363
1569
2109
1624
1417
2143
1616
242
553
2892
652
2987
1341
3261
2326
399
62
2255
1596
3281
453
3403
1167
638
1896
2570
3286
2641
969
221
632
2328
109
3518
2308
1618
330
475
2314
908
2391
1509
1747
2954
3275
1338
807
2476
239
48
783
864
1755
14
215
680
333
2469
2654
3350
1289
3151
2795
715
2857
1983
1957
2772
2279
2704
1041
3456
65
1046
3507
829
1600
683
724
459
989
194
456
1765
2480
1588
2060
1360
2967
2100
2750
3235
504
100
3154
1553
359
3059
3115
3019
707
2975
1973
265
2914
257
1843
1302
35
2672
3082
2154
344
670
3173
3412
3485
995
3532
1097
1179
1335
105
2067
500
1510
2393
3355
2201
2007
2286
567
2848
1865
2667
3193
1979
1668
3497
806
949
252
2518
3399
2729
2571
241
1790
2613
1148
1742
3152
3307
303
1986
236
866
3035
763
1246
1748
3177
115
1972
771
3222
1414
2881
219
1075
1998
1890
3522
3357
953
2608
2781
1750
3503
3383
2936
287
1333
1185
426
2963
2424
2808
2500
3309
2773
2139
742
2193
3000
3465
948
2317
1485
3211
3204
1543
3004
3040
169
2973
2236
837
1940
915
3012
2532
2555
1649
725
1536
3081
3252
2666
1145
2721
2722
1876
1282
3273
1277
2442
2952
1353
3439
156
2850
461
2753
1751
3150
1446
2517
155
2839
266
2302
3153
2225
1258
3327
3136
640
2606
3382
543
1582
3098
2845
2190
120
660
2058
1578
2057
2177
682
896
1234
195
1528
1851
2466
610
3435
218
1556
484
3088
3295
1968
1923
2127
2160
2185
1472
1901
3023
1956
3145
2790
1254
1887
3138
576
258
2533
3336
22
830
3260
2479
75
614
3463
2867
878
3378
3300
2397
299
2162
752
3002
1276
931
686
2522
202
501
143
2740
2253
1670
721
3142
1002
3007
210
1690
678
1073
2092
2164
1061
1350
2128
841
905
2014
747
2547
1988
1518
1201
2777
304
3163
280
621
2994
3240
1743
1529
1013
1777
1408
2632
1380
960
3489
1076
80
1268
1139
1279
316
3062
2592
452
3372
1871
1834
1120
880
275
3089
2621
3461
3178
2638
1476
3132
2640
113
2525
163
2737
1619
132
19
2846
165
1589
2930
2346
3436
2252
2932
2006
3072
977
2333
1020
795
2503
1538
1603
1410
2425
394
2021
2851
2205
3534
58
1508
3528
665
521
2730
390
292
993
1340
3301
1200
1213
1098
1964
3333
3338
175
3117
2831
549
3445
391
1074
2414
3366
741
1545
1692
3422
3201
909
2912
1945
3427
1818
1104
2478
1164
320
2675
3342
2785
2296
2970
1069
1835
30
3208
3008
1593
127
3314
1909
710
2293
1841
2289
2325
2137
1368
769
2169
49
2900
1122
427
278
1746
1604
3071
460
3143
2505
1078
1242
945
138
1762
2853
768
2079
1577
3011
1253
2622
1088
3092
533
1933
2390
1184
2062
1469
1857
3337
3371
2996
1119
185
3236
1845
2415
1000
583
235
1640
3451
2886
2042
1042
3524
160
177
1082
71
825
1152
33
448
2229
628
2101
3050
2903
833
326
1863
2548
3418
1908
2198
2254
2754
2323
3166
849
2564
3376
584
2484
1094
397
358
637
2383
418
1030
3526
395
695
2287
1759
3245
2380
227
263
712
2093
51
2489
3457
3464
3227
3509
2510
716
2423
1811
3264
294
1557
1521
2742
834
1674
2337
2015
2802
3111
2403
1779
2964
2625
1505
839
1679
1694
3186
1390
2720
3139
2209
1623
2463
804
3521
2036
87
2635
123
3174
2204
3110
2273
3320
3159
2710
1726
413
784
59
2637
3066
1488
1297
2752
3164
318
1880
3238
384
3395
2392
1597
135
2806
1014
3112
312
1453
3162
2687
1794
1852
32
1070
2707
2040
2736
1137
1357
709
1830
3442
1782
122
498
2509
570
3277
3102
3377
764
2530
1704
1450
1808
1824
3209
1829
2925
3185
2519
97
3440
629
1399
2381
2724
563
1263
1598
727
532
1439
2168
2504
1189
1601
2181
1262
2495
2299
2962
952
1447
2969
1312
2085
988
941
975
1317
251
1610
110
3224
1561
1436
2764
3254
2482
2147
309
599
1799
3016
1697
3487
1132
3190
1507
2890
3131
1867
3292
339
2609
2645
406
2402
3334
213
1701
2657
3499
1292
1087
1273
1760
1181
3127
616
987
3076
1641
1500
1970
2897
44
1188
694
2497
2734
2807
1990
3426
985
3359
1146
249
2239
671
1171
1225
858
927
234
102
515
3510
1819
2983
3527
482
867
2379
3405
3032
2409
3545
476
1872
3014
3270
1613
3375
1457
1160
1644
1346
1159
3276
3090
1733
3484
869
1387
2408
862
1239
1681
2029
2999
489
317
2227
2189
2958
3315
1874
556
735
2098
377
238
2931
2787
1455
2338
440
1047
3091
1275
693
843
2268
1689
2099
1910
2494
346
2
3419
420
1460
3027
2440
2852
1332
718
2470
2107
2599
1374
468
2844
3390
478
1162
2374
2786
2567
984
3207
3013
2427
3289
815
2034
2990
3038
3169
2612
246
2078
2915
3182
3519
1402
3318
1342
1607
657
2108
2305
2937
770
3266
2748
1805
2603
2382
429
98
2841
417
701
3416
2105
17
1006
1405
528
2653
61
918
547
1418
2063
36
1395
2122
2917
1650
2113
2809
1281
3268
3388
1997
434
1530
1231
1559
1858
3125
564
1575
2780
1314
1700
746
1084
2387
276
45
2385
860
46
1718
1187
2121
539
125
2507
2024
777
2749
3095
3297
1458
255
2451
3135
589
1583
428
779
762
288
887
1642
2877
1204
1737
592
2965
1572
1429
1463
512
1764
3506
1144
2488
228
653
1617
400
2464
973
1223
1724
3482
1688
932
3197
1783
2243
401
1666
2123
1763
3045
196
79
2868
2792
398
872
1753
3194
488
117
1564
2037
1735
2084
1761
1403
643
2072
1336
2887
2960
2702
1044
1228
1897
816
253
90
2472
1803
548
751
999
2471
1284
1050
247
2467
954
1101
2527
1051
2065
2216
2586
534
1244
1496
1855
2647
2776
142
765
982
1962
405
3130
1515
2130
1698
1850
2311
1339
2026
2300
828
3530
2709
3466
2614
2779
2879
2046
1190
2411
479
86
1062
911
3469
2267
3449
1306
2933
856
3517
3543
2587
800
2585
2558
410
523
3446
1066
1169
2259
2321
67
1566
137
37
2711
957
2909
2118
1741
2626
2285
1573
2238
2713
1913
581
2174
3073
1334
1579
286
1511
1658
1943
3459
2032
631
2898
1788
2580
2882
374
699
1379
3087
207
1695
1827
542
877
565
2536
890
2726
1922
2685
1261
728
2924
2596
2997
1862
1163
2693
2257
2157
197
40
821
2727
1272
2355
1492
1149
2312
1775
2251
2192
540
323
2595
3048
493
2822
1089
2696
786
1373
3535
664
940
1710
2456
3536
379
1229
1980
2891
1083
1699
2866
1631
38
3423
1483
3311
654
1981
380
1157
1197
1479
267
1182
2027
2345
2966
2939
3474
1147
203
775
172
3335
3480
623
659
274
1264
3401
2033
3107
1176
3069
1758
3495
2515
2861
82
1902
811
1675
789
844
3068
2923
2492
1031
1963
2544
2698
726
1130
922
2529
308
1291
1721
1625
2991
2129
1406
1221
1237
3511
1884
2674
211
917
692
2212
1889
1537
2265
2791
2120
433
2035
729
307
1321
2873
375
901
3241
1012
2431
0
801
2481
1587
846
1645
298
1636
2986
645
3493
921
2980
3272
992
2943
216
1832
1900
2652
506
50
1265
1037
1238
817
1831
609
2855
3237
3420
2992
2282
1585
3340
161
1166
178
2199
717
2104
431
618
3195
425
3009
1427
3140
3212
3047
28
83
1653
2767
2258
2782
2340
209
57
2611
1992
281
1445
1065
2796
644
2316
47
1186
2474
2812
627
904
1444
2907
3167
1717
42
740
822
3294
2623
2537
3246
1214
1512
2982
2458
1702
1416
1100
1899
2906
2616
1563
1665
2651
785
2649
1571
91
1151
1329
3443
2633
2766
3188
328
2783
525
2972
2486
1999
385
590
3179
446
2389
2148
441
118
2784
1305
1833
1464
1349
2370
2636
696
1142
1932
818
3113
1712
1356
2295
1178
3476
1143
1278
902
677
1522
1602
2550
1134
2712
635
208
361
1474
3441
2136
2420
813
254
2330
2135
1891
3291
140
1517
997
555
2377
95
606
3393
2441
792
1243
29
3093
451
1580
2020
2859
963
84
1676
116
2650
1817
1693
2450
1520
1967
1226
781
958
466
772
1269
2763
2165
3257
2566
2885
2829
857
3431
3544
2578
1023
2576
2066
3228
1219
535
986
3429
2589
2019
315
1285
2182
551
31
2901
961
1007
1637
2821
1133
1786
991
597
794
1467
2309
2951
334
371
148
1016
3187
737
2288
2745
2597
550
527
824
2176
750
396
1941
1934
3332
2582
3540
2083
1099
1960
791
604
1220
3282
3379
3428
3384
2968
799
1392
3513
598
571
483
1691
3345
994
2768
2347
3483
2371
2648
2491
1942
690
1116
1804
3053
1127
2700
1854
913
687
882
3394
2362
1240
154
1419
179
147
499
1745
2477
1494
462
1199
3155
3057
2835
1053
3501
1381
1348
458
2412
56
3105
2579
691
305
2950
2718
2660
2089
648
2843
1307
1026
3369
3380
3299
760
2115
1633
658
1643
2082
66
2220
1513
256
1217
970
1864
3094
2679
1327
2813
128
845
831
360
2048
1574
2223
1337
1085
1796
2266
2665
2531
3339
180
2249
54
1498
435
2884
3425
402
2798
3200
1135
354
2335
183
2858
1409
3263
1376
962
3210
2673
2761
3520
1987
2068
3265
1112
3250
2149
2294
1903
1622
3122
467
1678
415
1770
974
990
447
2559
1452
494
2124
1426
1629
3217
676
1952
1584
414
2732
2233
1546
1996
2283
1614
755
2232
2004
2055
2810
1470
3029
1036
1810
537
673
3121
365
1207
226
2231
594
2794
119
1671
1800
2747
3033
1856
2593
2908
1989
2398
545
340
805
714
1950
168
150
2332
2394
1309
3075
2487
2976
1734
1222
2615
3044
684
1421
1227
3353
756
248
1180
1837
445
731
2574
1898
1736
2899
1677
1079
2656
2097
674
2607
2166
3409
21
1749
149
2343
738
1067
1651
2771
3078
272
1303
3141
1532
951
2631
3360
352
3046
2904
881
2979
1719
1400
611
3319
2947
711
3175
734
2001
1785
2354
270
3453
3406
2678
2556
1138
2158
3134
700
1105
99
1328
835
1365
1930
2552
2290
3099
1965
189
906
381
808
1211
295
2959
279
3147
508
3043
1384
2661
302
919
1725
24
486
706
1319
2893
356
136
1325
1740
874
819
2520
892
1982
2561
301
3244
850
2050
572
3516
1029
145
1638
1232
3239
4
457
2971
2703
1991
1504
206
1141
2836
1935
201
2405
3119
3247
174
2322
107
591
704
2056
1823
2214
2187
1025
522
2396
3458
3070
3285
3413
1861
3541
1565
1627
1058
111
2628
1326
343
2569
1732
3058
2353
3037
524
2053
2869
1482
3084
23
842
1757
1415
2247
3408
3407
1057
1343
697
3434
53
2073
3437
778
2256
1009
2028
3492
876
2188
1767
2142
2557
936
723
558
2680
1815
1802
1870
2226
2681
2888
1255
1549
1534
689
2701
157
1807
2502
761
2197
884
2221
1010
2686
2803
1344
1915
939
2432
126
2646
364
914
1461
612
3065
2131
1959
732
393
3168
3538
2770
2545
421
3447
2011
1547
1715
1102
1011
1318
2743
520
1612
1422
2222
60
663
577
1462
1363
937
2429
3199
667
1948
2815
1544
2038
1316
2367
894
607
1170
73
3312
3278
2695
89
3525
1034
2041
1054
1953
1413
1919
3370
3533
2916
2658
934
1172
225
758
2670
25
2091
2793
2234
55
2837
3498
2210
2490
2329
2146
1792
978
2087
1723
2434
796
342
3060
2746
2535
1977
1784
1924
1195
1778
1206
926
2044
2842
2378
331
1372
3146
1946
1917
382
1005
388
162
2284
1299
650
753
651
503
713
1177
1873
2449
672
797
319
3305
1388
560
1364
1345
3324
1838
2112
3351
297
1
2134
1441
2372
3488
2145
3231
1716
264
2375
273
190
43
1727
2119
2499
2498
759
2418
1836
639
2090
2178
935
3010
1894
2301
1497
2697
2313
1766
1938
3317
1581
1647
3386
293
3454
9
3133
1378
1125
1926
1720
2627
3361
2373
1548
965
1060
3114
198
1801
3424
514
1154
2717
3280
519
1038
955
2514
1606
595
176
2714
1877
2012
1886
3232
3001
108
641
220
269
1524
2298
1531
3364
2581
1599
464
231
1951
1015
2428
1888
2995
2854
3296
2102
2634
1729
3288
2350
3157
2874
94
1109
511
3398
1128
899
946
2150
601
3074
2508
3118
492
2840
376
1471
1634
471
2081
1971
1822
1459
1756
3290
851
2602
1095
357
1072
2539
3181
838
1024
2860
600
642
1247
2913
2365
193
2184
129
2910
1882
688
602
787
3448
2369
2331
3055
685
1523
1771
585
1443
2219
153
1708
2277
2985
1878
2805
1039
885
2310
2183
3030
573
3233
469
3321
430
1921
966
3373
3083
2927
3481
2610
3206
3077
1527
3374
34
1883
222
2583
2054
3108
1425
1090
1198
139
41
2534
2823
666
1397
3129
3455
930
2577
1774
1071
313
950
2217
1905
2705
1304
2407
2889
507
76
3215
217
788
436
192
16
2880
719
131
1713
2756
1914
733
681
184
1208
3034
2263
2376
432
3080
347
1875
1003
2605
566
386
531
1080
1793
1707
2741
1383
1672
2838
983
2956
88
1611
1183
3354
1092
2668
1251
1202
134
1936
3347
1591
626
2690
1514
2126
259
3400
3172
1661
2357
1440
2352
972
2341
3039
3160
2935
1866
3478
2061
1499
3341
1018
2241
70
1660
2045
2275
2524
173
1028
2203
679
1892
2944
603
586
1590
615
1481
2426
2276
2211
3116
655
3171
3158
3041
1609
1937
3331
766
1117
2417
497
1947
2832
3144
2689
2386
1993
3508
3234
1533
3249
2133
1907
757
2563
345
2457
2575
1994
158
2342
3470
529
870
472
1501
2758
1696
2206
2974
2560
3367
3219
2416
3283
3267
900
662
101
1420
2953
1911
1916
3256
749
3196
574
947
517
1322
956
2778
1448
798
3242
1844
1401
2588
1370
854
261
2433
2562
2600
2538
13
2010
546
2644
2151
327
832
2023
1859
1955
596
2000
2475
2071
2601
1586
1958
893
1256
559
3515
2368
923
262
3203
2929
1639
2591
2978
3021
1954
1555
387
2291
351
2274
2688
1984
3417
647
3054
1294
1129
2297
840
2008
861
3255
2454
624
1271
1931
2052
3251
2826
1324
1435
1296
2827
3086
578
2117
1685
409
971
2551
182
3269
2191
526
2553
1731
1687
744
2421
3343
2318
1477
1475
3326
2922
465
2116
698
1975
1454
3202
442
2132
2620
736
310
3352
569
474
2540
1121
3006
2304
3496
232
2075
1103
996
2565
3104
349
2244
2125
3505
3025
5
1310
2819
1985
2694
2669
3271
2677
1684
2306
2788
1019
2862
3349
1809
223
2230
2315
114
271
3433
2086
370
1093
3085
3392
1608
2465
1929
2161
1330
2445
745
74
1722
3061
633
1411
1846
2307
554
167
1495
625
1032
1879
8
2735
407
2878
2723
544
437
1558
152
1107
1274
2334
1174
383
1730
463
2941
2814
1351
2327
2269
1428
2870
2757
2173
3389
2662
324
1293
1230
2388
69
1752
1320
3512
3322
282
392
92
1739
1004
2179
3477
2270
509
827
2141
3214
2366
1212
1976
1156
3363
2459
1433
205
1486
141
1301
3221
1393
3103
412
2789
1194
423
2025
1519
1361
2728
2324
1490
2526
52
863
166
3079
1389
1249
1308
2639
743
2202
1927
3096
2977
2194
2005
1816
3502
925
212
3504
2064
1620
10
2419
1754
3049
730
2849
2348
3410
675
2248
2769
790
3421
2395
244
1153
151
2920
3128
1123
27
1657
2955
1594
1683
2016
1535
332
3325
3259
3184
2280
1396
1868
3411
1136
224
1789
1375
1259
3460
2865
443
2847
1978
2833
2401
7
3205
536
2875
1966
1669
2400
967
243
2568
557
510
773
2541
130
1288
1140
1196
1772
2998
2699
2549
1110
403
146
3036
2811
1022
2155
2483
1115
2989
605
289
1017
1161
285
20
3397
3253
2590
72
2103
582
1431
2894
1595
2945
1267
449
809
1928
3298
2797
3051
3473
2655
2523
2351
580
422
3284
133
112
369
1323
454
1260
2716
2076
2928
3303
389
2049
3304
144
1394
2245
2584
2820
2410
2186
2246
3396
3414
2339
481
668
2443
782
18
886
2624
2435
2834
959
754
3005
3106
2356
656
2080
3137
1540
3438
1667
2755
2200
104
290
121
1315
1124
1386
703
3097
2167
2921
1542
1398
470
181
1096
214
2883
3015
1385
3225
2261
1944
1961
2719
2801
3358
613
2984
2684
1424
2774
1825
106
2180
649
1283
1516
1592
3229
2077
2170
495
2002
124
1437
3109
3022
2430
1049
2940
2872
2320
1449
3293
3491
1210
2692
1311
1628
2240
2926
3344
2140
1052
487
1081
3452
720
3017
1814
1821
803
1705
1150
3287
1233
1270
1806
2436
1525
3148
3052
3216
903
1493
879
311
2448
3430
306
3189
3258
1114
3346
11
2074
505
1235
1354
888
1869
3100
3248
2604
2817
2047
1744
277
3323
1491
2446
3156
3381
2111
2942
496
260
1567
1215
2948
245
924
810
1605
2360
2528
3514
2003
1430
2961
3218
1839
920
2863
1008
3523
2017
2399
439
2439
2871
240
1286
3279
2195
78
3415
103
1663
1250
593
3490
1847
1331
2706
2462
1795
2359
2715
1893
1056
3243
1298
3101
26
329
2993
2521
1165
2156
1480
943
1489
2095
1236
362
444
2671
3494
3192
608
2643
3365
587
968
552
3220
933
1780
2919
1635
1359
1412
1456
630
2242
1064
646
2413
1367
868
353
2228
1021
2988
1849
2271
1382
2708
164
1487
1352
1077
1158
2949
1175
2760
873
2629
2031
2022
1949
2496
3183
1300
2902
1797
776
2303
2460
2094
39
1377
3328
562
3387
1033
3385
3063
1466
1168
2224
767
2159
1662
1768
348
1776
3348
2511
2278
424
910
3020
2175
661
1478
2572
2911
321
3120
898
2739
981
2516
1813
3123
2493
2659
2030
980
1287
1224
237
1626
490
2422
2453
2594
373
188
3391
722
2344
3028
1562
588
2830
2918
2361
268
2039
2691
2319
1465
2455
739
1192
541
708
450
2725
378
2554
871
3149
2152
895
579
2171
2762
748
916
350
2172
283
516
2825
2250
2461
3310
2905
2676
2733
2406
859
793
1290
944
336
1347
3024
1216
1860
1451
455
1714
1218
1682
1241
1703
3468
1969
2059
2363
2683
3064
2114
3223
1438
1906
1442
1313
1118
2043
1812
852
1502
3067
1895
1369
3329
1358
2218
883
1659
291
229
1652
2816
2444
1974
3198
1048
2437
3262
1706
3450
1709
1091
419
2506
1191
518
1798
3213
979
3472
68
1570
1468
6
366
2775
826
891
3056
2663
2106
233
1621
929
823
1912
1840
1506
1068
2864
3479
1526
438
938
480
2618
2110
491
191
1885
2262
2485
2630
170
1664
702
1654
2260
1035
1541
416
780
836
93
1355
1615
928
1295
2828
1248
199
802
2876
1925
404
1027
3462
634
1904
1539
2682
