160
2960
3131
3311
3364
1756
2769
1971
3452
3362
1866
239
3241
3640
2357
3346
3568
2742
3683
3588
3681
1026
1085
1879
3928
287
2244
1618
3091
2464
3303
1386
1497
862
3395
1544
3247
3427
2130
3875
2228
851
664
2210
1378
1570
2301
2072
491
2903
96
3438
761
1007
1494
1662
3630
360
3330
1547
1202
3651
1142
4001
1400
2055
833
1308
1127
1883
1468
727
2531
2656
2157
2998
21
383
1425
1692
2383
3255
1101
3151
2704
846
2039
1402
2135
729
3904
3848
3412
4073
2721
886
3410
2857
379
2126
449
3519
3092
643
1717
3168
2054
131
429
687
156
1137
920
2062
764
1922
2195
421
1759
483
1820
6
498
4023
1102
1931
3797
2491
1653
1442
3867
840
3063
3859
2129
2995
2497
2250
957
1443
4072
2026
2159
3240
991
3383
2240
434
1284
2795
2146
86
1334
1063
3118
3835
2816
388
1471
669
3836
1424
1621
1432
1257
3744
2113
2548
3769
2852
2590
2705
1596
3631
2885
2701
2719
1339
2120
401
1908
2946
660
1870
3613
1
1974
4064
58
2173
2664
770
2836
3901
3722
245
229
2761
2410
3078
2574
2890
3003
1567
3172
1894
841
2939
2332
652
1929
891
3972
1001
1396
1917
3944
2900
1664
3022
3411
1256
3337
3796
978
2522
2996
416
1923
1913
3057
2098
233
774
521
45
3044
1110
3821
1645
585
3344
569
56
371
575
3577
3533
677
777
2957
2969
2194
2206
1292
2452
3
2312
65
3142
3079
2009
1694
460
2177
305
2417
506
1568
3111
686
2322
3432
825
3183
3300
3818
1172
2826
932
574
3921
2778
1946
975
108
3728
101
2174
2029
1844
1591
611
3893
1833
2444
3524
3531
2636
2308
1044
3626
1054
2300
2084
3762
699
256
2515
3089
1252
2659
1159
1942
1332
190
1811
2420
2510
2685
3703
1549
115
488
2481
2351
3566
2670
870
3794
2812
3979
3257
704
2764
2441
3069
3112
3927
2546
3692
2875
855
3301
3146
3656
231
2654
3747
2578
2328
3124
31
116
2655
895
1053
684
520
3017
1273
1490
1625
2948
289
2162
2095
2906
2474
2193
1695
1984
898
2560
3502
24
2107
1513
754
1289
3060
2909
1346
2014
2847
2598
368
1266
3886
1156
809
826
3389
3165
3520
3930
3043
3986
2951
2709
3997
4094
2853
796
2103
2866
1096
3469
2755
868
983
775
3391
1816
908
2116
4016
1028
54
999
577
1705
3453
2568
624
2770
1023
1807
3664
1051
3398
1775
680
2208
128
2088
3075
224
2260
1249
2490
1192
2803
1429
1262
461
1905
3403
2739
1219
2275
2189
2928
18
1434
1240
3331
1910
2392
1953
3711
1649
1462
799
3059
2158
1403
2324
2965
2377
961
1479
1764
782
2500
1867
1341
2746
542
1298
3789
751
625
1247
1921
1201
227
2185
878
3840
1183
1930
1646
1684
1635
1103
3037
2259
1947
3348
2736
857
583
2873
2459
3456
2379
2849
3261
2626
2101
3298
1456
113
2669
2218
2148
1519
554
2744
1225
1212
2526
340
3679
2498
262
1364
3599
3035
1834
472
3336
3530
567
3957
511
3483
4004
2657
499
1018
739
3829
2843
1706
188
562
1282
4033
922
267
1175
80
656
3687
3372
3578
4048
1354
696
282
3163
673
1296
3790
2484
2450
495
573
2200
3353
3984
3242
2303
3485
791
2673
1361
2270
238
173
1711
3153
3602
2205
750
3838
1080
2226
1669
2467
3156
378
3671
3205
814
2854
3426
3632
2094
69
3819
3052
4082
3084
61
1762
3592
3515
2115
2637
2304
3555
3954
1722
2968
2784
2163
2255
3841
2389
1806
3549
3677
2334
3572
1271
3307
838
1238
1972
1326
994
1470
1143
220
1696
2934
2316
1858
4026
3218
1788
2078
1847
1226
944
3540
129
2458
3792
832
505
2793
1377
3186
1235
2862
3752
1111
2638
2808
41
3994
1251
247
1498
1185
1476
3579
366
2835
3808
3946
949
167
1139
1307
4107
1277
2271
3961
373
4013
2279
1661
1895
418
3857
3562
243
3953
3850
4037
2241
1389
640
1969
448
3879
2435
3795
3414
518
2258
3754
1542
447
842
2779
309
2285
1228
194
1077
1888
1135
2477
2217
109
1754
2679
3825
295
2693
3672
2527
398
2893
420
4097
1708
3774
1162
1898
3042
3429
1371
1529
3074
3294
2990
3374
3573
2344
1184
1457
3484
1281
752
2242
2238
3897
2369
1841
3232
2112
2851
2262
2877
1681
2888
3487
1447
351
538
3211
3554
308
3932
2989
2310
304
1138
1015
1064
3550
1029
1431
2774
1514
376
1979
1714
1145
3860
2592
1564
507
607
4079
3284
1017
2923
3675
1075
2603
828
2539
1052
2552
1253
2658
748
2676
4069
2634
3292
2182
1592
1349
3684
2683
3585
3343
3087
758
707
3047
2061
835
1009
3115
3251
2018
111
1148
324
1197
3803
1416
588
3138
3347
2105
3823
1897
3937
2469
3544
1911
321
2750
1830
1002
956
2752
3260
2024
2375
541
3367
1270
2686
3503
2732
3551
3478
822
1619
3842
419
2006
147
465
2170
2914
89
2718
3694
3583
2408
1328
1406
1068
148
356
3006
1448
252
2563
1427
3720
1291
1970
1191
1221
2924
3326
1718
1440
3460
1968
950
3162
1311
2087
1290
3283
1517
621
302
919
3036
2537
1297
1805
457
3670
3980
1839
3764
2425
1198
2555
1132
718
3853
2940
500
4032
3518
776
3203
1632
2508
475
529
1795
2582
3705
3741
2089
3871
928
3470
635
1631
1382
3556
39
1640
1275
2402
600
1768
3936
1791
679
4041
1387
1109
1976
294
815
2958
1997
3147
1993
1315
2662
1335
3278
3596
1736
3100
1687
3285
2288
1435
200
1961
4099
296
1880
1731
1034
2384
2405
3126
3989
1372
2000
29
487
99
1821
3717
3809
3050
590
883
2010
2580
332
489
1083
1177
3714
3031
4010
2576
976
16
2110
3983
2758
1693
648
3214
2400
2045
3361
4020
2714
1121
2305
3736
3254
647
2109
3610
2858
3119
1179
943
2859
2589
3896
143
3576
435
1210
688
2645
2446
3978
1535
3951
2051
362
1548
1850
4029
4074
2833
1333
2052
1515
2031
1049
3161
3229
1742
719
3028
4084
3718
1024
411
572
4102
426
2971
973
2123
2482
1763
596
3349
3907
3488
3185
2245
237
3620
2717
3761
3430
655
430
1617
2956
2955
1963
3463
2152
852
3959
3650
1355
4030
2821
3150
3525
3137
1623
1755
1149
2393
1303
2358
3636
2663
1524
605
4083
3094
2345
3493
1505
802
2981
2128
3154
517
1472
1445
2922
3090
1187
3095
414
2558
187
1314
2166
3289
11
2231
3009
615
2150
2338
198
1229
3098
2520
3828
3164
1638
1397
3397
2362
2706
1401
1157
728
1204
1278
2394
1952
209
697
3480
2757
104
1798
1385
2674
427
2269
1022
3465
1350
2181
1574
1486
3709
1363
1860
2723
70
3654
2363
1675
692
630
4018
3791
85
386
4034
1920
1758
3195
1180
1525
1071
197
685
504
2411
1473
2838
319
1336
1887
1782
3813
3423
864
827
105
1084
2814
1164
433
1050
2197
2894
743
1605
2918
210
2355
2012
1553
817
1088
1933
3274
1857
3462
2019
3800
1877
2728
1992
1784
2712
2131
1663
3158
3204
3441
3371
3373
3233
46
3569
1163
3880
3749
396
3779
2164
1679
406
1288
2216
2734
2176
1154
1310
3768
522
1092
322
3505
1936
1916
315
3682
3973
3237
2219
3144
3083
3863
1299
3663
3902
1557
768
536
3926
74
2503
3176
240
1656
470
2720
2168
2433
1634
2807
1522
1980
178
2349
3387
1975
3917
1367
861
1597
272
284
2797
2944
1421
2745
3969
306
786
3942
1082
79
3227
3528
3482
4005
3324
3045
112
2771
2628
2265
3719
2561
2118
1478
1420
349
359
3753
749
1956
1521
1902
722
3903
2086
1181
3246
2317
3824
2608
3230
1125
3685
2190
4021
2013
3627
1207
204
431
1046
2286
135
3775
3624
1269
3318
2840
1411
1808
3086
3245
3439
1439
3110
789
4025
3648
3570
571
3049
370
2886
1062
2820
27
2615
494
1603
1630
912
2988
1246
4040
2395
3359
471
329
2681
917
2554
2483
2748
1737
1689
2480
663
1915
2460
1738
893
959
2011
1178
3689
1173
2289
2413
1045
721
2961
3076
1906
847
3408
2155
3249
942
3268
1610
285
1250
1540
2845
2684
3662
1465
234
3516
1955
3407
2273
1613
355
756
1873
3539
1265
2953
3751
3145
4014
3832
813
1393
2557
595
161
2777
2008
2984
1452
1395
710
2050
3370
1390
455
3992
2023
486
3820
681
2099
550
300
1006
3547
1973
2414
2445
2505
3200
1572
1357
353
3509
3428
2212
2805
887
3495
1735
3604
2179
132
712
3899
628
1237
1728
3923
772
335
1840
3286
3329
3244
1750
2573
1668
2743
2899
2551
3437
4044
3643
820
1182
2997
1500
1578
3674
3763
705
381
2307
2964
1360
166
467
785
1626
2789
1869
1787
2432
1171
2979
3788
3297
3445
2373
1949
514
216
974
232
2016
2666
1801
3377
2057
658
1783
3734
269
2591
3609
806
2438
4059
458
1374
539
263
3157
2632
316
1428
125
452
3048
2644
2058
2577
2234
1774
318
2935
3976
3288
307
3436
818
3496
990
2933
1353
3490
3271
1322
3625
3806
2895
598
153
3038
1760
181
2579
715
2911
1509
3234
3266
3616
205
3755
3400
91
3199
1559
2841
3422
2493
2470
2913
1822
3418
933
2905
2386
3021
163
3700
1628
1388
3553
2950
1227
1859
2625
1405
3746
3471
3393
4043
579
3221
2451
714
2442
2702
3771
1876
2699
2230
49
185
3642
2535
218
2495
1337
1573
3378
834
2891
2908
1067
1242
249
1323
2710
4039
544
3134
3216
1672
3004
2403
1986
3960
3699
1824
1189
3207
4017
508
591
3697
2037
2229
1815
2819
2980
2759
2329
2796
937
1019
4031
771
3492
3302
1511
1752
2930
3981
676
3598
735
3238
1105
1683
2509
1566
4063
2540
734
1426
1293
3557
1846
3317
1699
2604
627
3884
2034
3032
1925
1744
1200
3965
1475
560
1106
2278
614
328
3851
916
1797
374
293
2564
2878
3638
989
3998
3458
33
1079
3778
1112
779
2917
4055
3304
675
1283
277
1719
2889
987
3580
1347
698
2281
3239
2966
4036
953
2959
3724
1097
3013
2025
642
3459
3646
1712
2224
1704
2511
3881
2374
3056
3765
1098
783
367
1780
2396
1878
2049
2985
1532
1260
3272
1852
176
30
3376
151
2883
2781
2837
177
1091
1174
2122
3081
1563
2667
4050
3012
2639
490
3468
2868
2468
3991
2488
1593
1061
3135
312
213
601
72
462
2842
844
1724
882
3925
363
2021
923
907
311
1552
1644
2754
2496
3614
2947
1027
2806
3908
1394
3900
1932
910
694
1073
3967
2507
3993
2247
2855
4051
2532
3536
2092
1556
3450
1629
2694
3947
1248
3402
2544
2081
3023
1594
1586
141
795
1066
1518
2424
3046
2418
292
1483
897
1005
1678
1691
4022
1861
1710
3290
3334
2144
3938
2227
1391
1241
365
1108
1790
2401
2767
1538
885
3707
2313
2111
2297
310
3080
3864
1169
3962
2652
2631
53
3988
2311
803
3171
2661
3457
3360
4086
2809
3634
578
2982
3870
2461
1665
1794
144
2749
299
3696
2528
2457
1990
169
1104
3321
2314
206
3243
3196
2597
1614
2879
1747
559
4105
4058
3639
3446
3293
3381
2236
2501
3181
2600
711
266
464
1193
3041
1454
3534
64
3882
1856
3264
345
3409
3097
2581
2213
1280
390
2169
4006
2198
2832
4098
2380
3451
1460
1740
1843
215
1772
3477
869
906
839
945
1978
2943
1313
3883
3833
1025
3140
1937
767
3595
3425
890
4096
3209
781
12
3335
602
469
1817
3574
2492
837
1370
2175
4071
4002
3365
2973
929
951
2015
1056
3958
2881
2017
2298
2910
2692
90
904
2454
3888
219
1376
412
2963
3392
62
492
874
1831
2222
2252
3872
98
1176
2077
3386
34
1786
3783
60
3733
4045
863
636
2547
1493
3750
2986
3661
1194
3420
2801
2524
2209
2167
43
3887
3974
2696
3058
3449
1208
4057
1851
279
3077
3109
1398
3563
948
2768
1550
556
812
2794
3970
2593
3415
2542
3339
3723
543
154
2485
2665
757
501
1011
2829
2065
2097
1612
3054
528
525
3915
2610
3963
347
730
1317
3253
603
259
3252
4065
849
1119
2987
71
424
428
3066
358
2243
3369
977
2874
1099
199
257
2730
2119
92
145
1065
2901
1302
2700
2607
432
2293
4109
1700
2775
3760
127
4000
2430
1725
2697
3593
3894
3950
1356
3876
1533
2605
955
1318
2870
972
3743
570
1666
2074
3537
172
801
2117
3273
3680
3966
14
342
3645
3622
1496
1701
3179
2724
327
1928
437
3388
1239
4035
1446
3027
988
3943
1900
2232
1849
3123
4081
2154
1165
2606
4062
3668
2478
1122
1214
3206
1161
2915
1813
2415
42
2121
3742
1014
4024
3295
2602
965
291
930
1042
819
2347
811
2991
3190
1580
1484
2083
914
81
1418
1985
1713
3584
2937
2001
3358
3649
2473
83
159
3732
3390
3735
1983
2184
4103
1639
114
1170
1599
2494
25
2804
3816
691
555
1999
3107
485
1967
3192
3935
807
1419
4028
3852
610
888
3891
3546
2643
468
616
741
713
2616
892
875
967
2133
1507
3780
331
1627
211
4
3535
4100
3116
408
3319
3113
924
1133
59
2942
952
1828
2398
1882
2042
2114
3846
3849
2043
3594
3133
2172
1365
1680
2884
784
2787
2729
2399
19
3892
2586
2333
3316
7
1793
661
2335
1530
3691
168
1643
2423
2864
3002
1129
877
1114
288
473
450
1537
1224
254
2512
2614
3313
2800
3523
95
894
1779
2196
303
2588
4011
1146
985
654
512
753
417
2106
2183
2869
2096
3357
397
3193
2142
3308
3695
248
2523
2448
2896
966
619
1488
3155
1853
389
1216
2038
2263
2079
1676
1086
2211
1660
581
3799
823
1203
76
2100
1636
788
1404
3170
3187
1893
682
1459
192
2201
2007
2620
2882
632
1115
223
3068
1576
106
3805
2180
1195
2722
3416
1455
1141
221
1924
1306
1461
1767
947
3007
537
1218
133
3332
1392
3858
4077
102
261
399
87
816
4054
717
1093
3522
2046
546
1358
986
3811
979
1588
1340
797
1927
700
3236
2815
3479
524
2792
3558
1232
3143
2422
2621
2033
1508
2156
1837
3351
720
584
3914
527
638
1812
1862
2341
871
2703
1865
1120
1285
1055
2361
196
5
208
3024
2790
3431
901
3114
3188
1527
4012
1304
1477
2646
3223
207
2567
3379
1243
2068
1348
1734
2760
3985
1399
3862
3647
3810
1885
1608
3061
3729
2366
3169
582
2220
1321
423
1408
2513
3731
22
637
2020
787
2427
1343
1671
3299
2929
1751
3559
3340
3659
2453
2993
3026
2850
3166
2429
2716
3787
1430
175
1789
4061
831
1502
107
1036
551
2536
738
1444
1726
253
2660
515
2735
57
1199
4007
2378
436
1413
1651
3869
1720
4049
1715
2421
873
3235
3099
2257
903
122
732
856
1957
3029
2136
935
2994
1451
1415
222
3309
3702
3025
3250
3160
3276
2863
1128
2127
343
2397
580
1234
2149
3149
1560
3404
1948
3248
2030
317
968
858
1230
2518
2904
3655
3053
1641
1316
2075
1926
2682
3328
540
228
3667
1035
3014
3224
3517
2140
1276
1581
530
2798
456
3785
2543
2609
3030
1134
2553
119
2788
1583
1267
608
2153
668
1058
1741
1960
568
563
3977
531
3982
708
2382
3591
3225
1383
3405
3877
4042
3866
2027
4068
2060
3322
1485
763
3350
3507
2502
1020
1716
913
1940
2287
203
2266
1585
1721
1682
2486
3355
2059
121
1433
3822
1074
55
981
2003
845
830
2233
1223
4003
3508
334
3421
902
1569
1166
995
3589
3913
3287
3621
17
3889
1800
3922
3939
1021
377
1848
1342
3964
3001
2675
1770
2936
3093
1331
1081
4106
1891
1633
1598
1116
338
375
2352
88
2299
2974
2370
724
3781
3394
1642
1417
1205
915
1000
3128
298
136
3103
3690
1545
276
3065
549
3910
195
3180
706
1819
3191
980
566
1047
3259
733
3105
3073
385
3005
3529
1516
268
2292
3512
2817
3504
2318
765
2810
2550
1749
1964
1147
2264
613
1609
2237
2831
1659
1703
592
1864
1344
2004
126
587
3448
1624
1838
503
2323
1702
1466
526
533
3766
2954
2076
3263
1368
3108
2595
3447
1423
2596
481
2972
3184
644
380
2534
1113
982
1982
2048
3399
1033
364
2267
66
2044
2927
3758
1261
1140
348
4087
769
3868
634
2521
409
1781
4015
620
1528
251
2223
2069
941
1274
1381
372
40
1300
702
3354
992
3912
523
2295
2648
1384
1489
3532
3843
2570
1329
2763
3342
4085
1186
649
275
1732
2407
3034
3320
286
77
3611
2071
2785
3262
391
393
1144
3987
2587
3442
1351
1057
1810
3727
2409
939
1188
3106
3476
2830
1899
1217
2583
3380
2559
896
2689
1606
439
3756
2925
3443
1245
1520
3708
1670
1259
1667
1512
1998
2690
281
889
2147
212
2325
3139
1379
1987
3874
2680
142
4060
2919
2992
3814
2141
2253
2738
246
1375
2791
2063
346
2138
1907
244
3406
4092
3606
52
1829
1600
3368
2633
3072
2466
1584
4108
629
2091
744
32
3952
271
326
1504
2463
576
3148
2707
3382
2756
3949
1854
3865
3201
2765
1565
1890
695
2340
2371
3905
2471
3542
1555
2640
2225
2538
1380
2070
2199
1686
3275
3618
3019
2385
496
1652
1818
593
4019
3222
4038
3916
1526
2978
3444
3590
3772
4076
2221
1531
3015
1934
2365
1938
740
2207
792
1589
3208
3433
392
2443
3844
110
1962
13
3924
1622
180
3494
352
3424
1746
2687
1776
37
1305
1826
2822
1464
2085
3440
674
3435
2747
1825
3538
1039
3906
780
2390
2977
778
1688
3312
1571
4056
2376
297
848
265
313
3770
3786
3745
1107
1577
2364
2082
2938
1319
1167
805
3159
2276
1881
3586
3475
1607
1536
425
2907
859
230
1802
2137
3693
1345
260
2431
1616
502
73
3918
1730
3122
3815
1896
333
3070
2436
671
1222
1766
513
384
2529
553
3623
918
3767
1244
2309
2330
1295
3341
63
3280
821
442
2353
925
946
1690
94
2139
280
2920
4104
3644
2487
3548
3941
3210
2541
2056
23
165
2053
1739
2861
2022
3798
589
4066
2093
1287
3777
3669
1012
1409
2818
1654
2455
493
3101
2412
1038
3607
552
1945
1951
3776
3748
404
1100
3801
3641
2160
1013
3117
1450
4053
2274
477
1845
2028
3127
2811
2449
1674
410
1743
2047
2256
3612
2342
1211
2572
2090
1481
755
3608
1366
1579
103
3212
3511
2525
2272
2132
235
445
93
2261
1685
4101
48
4075
3174
1233
1785
1673
2741
2601
453
2599
1254
1412
3384
2214
3817
3807
1989
2967
1595
931
599
3514
3686
900
872
2388
4008
2872
1582
1875
1872
2294
3839
2439
3325
3385
3473
242
1814
2296
50
369
606
3173
2876
3500
290
1004
164
3167
1152
2668
4091
766
689
482
2921
1950
28
3039
3730
3220
2786
2036
996
8
2773
1279
1070
2191
2040
258
3688
2066
3571
2834
3861
138
2202
283
4027
693
1190
1155
762
2737
690
330
2203
3306
1554
3561
746
650
2630
3104
1534
639
2406
36
1727
2962
47
3315
657
3920
476
1803
2005
3931
997
594
1206
3501
954
3721
2566
1503
3784
1196
1604
1551
2653
2282
2475
3202
2688
804
1761
3633
1131
3603
2372
1698
387
3635
678
1539
2641
2161
3975
146
1677
969
2246
2731
3919
2624
2283
867
2691
1799
1040
3461
1935
565
1697
2073
3454
2104
548
2434
1778
3096
970
1294
3228
1474
1707
479
2134
67
3197
1089
446
2733
1745
38
1546
2565
3267
3071
3291
2530
1117
444
666
3510
1723
1757
10
2187
344
3419
3698
3658
3082
241
3231
4067
1561
2698
2611
1441
760
3136
3597
2108
557
993
2594
1796
829
1903
2651
4095
2416
2711
2629
1658
1031
264
2465
3258
1449
474
2649
535
3845
798
1422
3102
4070
1327
3055
1008
3265
3615
1733
1330
3826
2762
2941
274
1369
962
1996
516
301
2727
3016
1495
3895
2339
1338
1362
3567
202
2343
2404
909
1258
2319
1835
3506
1094
3279
645
3757
3666
26
336
3665
214
2188
1587
2348
2824
3213
703
3660
162
3177
118
3847
3219
3323
2780
484
201
519
3657
633
2783
3310
1041
2623
1753
879
3363
2999
413
1966
2080
3759
3619
2178
1601
139
1069
1286
1981
1842
323
2367
940
394
1118
1918
3737
934
2871
651
545
3601
3345
403
2898
3738
174
1611
466
808
2715
84
880
876
3704
193
3413
586
4090
2489
382
1541
2813
510
3129
731
2517
3000
3352
800
9
191
747
3417
3713
2713
3467
3929
998
3605
3565
3472
1438
725
3121
3948
958
2171
3968
2647
860
3256
1236
2235
441
3281
1855
270
2902
1078
1151
1492
1792
1463
899
2533
1832
843
1991
15
3051
745
1771
454
3356
1863
612
2239
2825
3911
35
1941
3396
2249
3305
3455
82
1263
395
2426
2622
667
2387
2952
558
137
960
659
2619
2772
865
2949
1324
884
2519
984
1562
2456
824
1994
2860
4080
3541
3481
3178
4047
1904
2556
1072
646
2326
921
3999
443
3062
1939
1510
4088
2635
3740
3217
3676
2839
337
478
1220
1272
2848
1126
1575
2354
3955
2462
1095
665
1453
407
2268
1886
3831
225
3855
3513
1836
2419
3545
3327
3885
184
3521
683
1043
3130
3526
1373
2575
3296
1709
3277
1889
911
1765
2823
3552
881
3716
2514
2165
3085
2315
3543
3008
68
415
1804
1871
3739
3333
2562
3011
3194
2627
794
361
1150
790
3629
3033
171
3706
618
339
2618
278
357
1944
2002
1410
2569
1954
2613
1467
759
320
3701
2
1320
2932
179
422
737
3812
1919
3653
182
2776
1309
3837
1255
1264
2479
2695
3945
2545
3270
1868
726
836
793
1003
1037
1909
3489
1124
0
3189
189
1650
866
1543
1523
255
1215
1748
123
3040
3856
564
2865
117
3678
3802
3773
140
75
1874
1359
1010
2143
3710
3956
2064
2766
1414
3464
2360
2677
1977
2740
1901
938
3793
3834
509
3152
2916
2151
971
134
4046
1325
2828
1506
2549
1602
1959
2284
1060
1436
3125
2254
2585
1160
3120
3564
438
2032
4089
3878
1130
3581
2753
157
2897
532
3182
3010
1491
2447
3498
3018
2035
2931
3782
97
2145
534
149
2124
3491
2516
3827
2368
273
1769
1809
3587
1501
547
2192
1469
3940
927
2476
3215
3088
3726
1048
2678
3830
1827
2437
2327
497
341
2067
2726
742
4093
3198
1637
1312
2983
451
1615
1123
354
2880
1655
3715
124
623
850
3175
3617
2041
2280
459
130
3673
4052
2708
1884
2887
150
1153
183
2359
2336
963
2571
3996
936
3132
1158
1777
1943
2867
1558
854
314
2306
2970
3600
3020
3582
3314
3890
2125
672
217
2725
226
2102
1657
2391
3933
1729
1168
2248
2612
3854
2320
51
2331
152
3712
2642
1231
2650
1268
670
3873
2827
2440
3575
1016
186
1647
155
3995
3652
1482
641
2290
440
2321
662
3141
2215
1087
2506
723
1912
2926
3401
2346
2277
3375
3527
3338
773
3637
622
2350
2751
3499
402
2356
1914
1059
2892
1480
1213
2802
810
2291
1407
3486
1590
1499
1090
1030
250
3064
3934
2975
905
3628
350
3466
3990
405
2617
3366
1620
1301
1209
2945
170
1458
631
1773
1487
2856
3898
2846
926
1076
2799
2302
701
617
2428
3282
709
653
2976
2499
853
236
3725
736
2204
2186
3804
3560
3474
158
626
400
3909
1437
2472
100
20
1032
4009
2504
78
604
3434
609
1958
561
2671
3269
1823
1648
1988
597
2912
480
3971
463
2844
2584
3067
3497
1352
2251
3226
2672
325
1965
1136
1995
44
1892
716
2782
4078
2337
964
120
2381
