1494
1033
686
2021
1209
1246
1540
1881
2349
744
1929
2418
1071
132
2471
3115
3501
3072
2648
2892
3082
2685
520
1503
2063
141
3254
3168
1438
2322
2484
3578
539
2868
1806
3045
124
427
2495
3568
3421
2750
343
3509
2643
1164
2059
2122
259
2847
820
2644
1122
971
280
1029
635
1909
2558
1692
1796
306
2771
3342
1495
1657
376
986
1077
3444
2273
338
1157
2696
3471
1175
304
57
3040
246
3341
2863
574
190
1103
478
727
348
2815
1214
1507
1259
1399
1537
2337
2374
2982
733
319
526
3363
604
3070
105
3183
595
266
2875
3437
2620
144
3414
3523
3345
1725
859
1742
1078
1560
2676
2215
2719
2070
1186
2256
2876
2472
115
3279
1355
2230
1814
2145
1543
410
708
770
1607
1432
233
465
2845
2727
199
1727
716
1478
464
125
1458
2348
1965
1884
1109
2582
1676
1056
585
1344
122
3332
558
2060
3111
111
3305
840
3073
516
308
3171
524
2011
2519
3293
505
1428
283
2894
970
2599
41
2881
510
2151
2431
3087
1856
2176
3499
1724
2197
1756
2456
1441
1953
605
1352
913
828
1482
2258
2397
3197
2988
1599
2825
1781
3041
2330
3255
497
993
303
1474
408
293
1575
1357
2292
3344
1308
1101
3325
943
699
2720
296
2090
92
3548
316
2480
2754
1549
676
2227
1401
1834
3539
3361
94
220
3419
2679
1256
3519
2880
447
2728
3104
1897
2236
2984
2935
2993
3012
821
2766
928
1667
2106
2030
3407
1365
1480
1689
1660
3216
1791
2032
996
311
1793
1853
728
887
2267
590
2504
2528
3453
1530
2440
1251
2539
620
2317
193
2921
3121
489
2462
2467
762
800
1250
1090
2232
1049
1312
1087
2061
3333
637
839
1177
3585
2569
2755
417
1848
1403
2012
2435
848
798
802
250
2136
2134
253
1280
2250
2600
3022
3116
883
196
160
2748
413
278
1531
1651
3489
1823
107
2460
3057
3422
3487
1363
1414
361
3530
2526
540
3485
109
454
477
1053
2585
3436
973
1817
2942
3110
2691
1731
3337
103
876
1120
1124
658
3399
366
1813
3024
1570
3196
1434
35
1005
833
1196
538
2587
3562
2498
2578
2422
892
2883
243
758
853
819
1816
371
624
3327
766
228
3102
3303
2409
2166
1988
2906
1298
461
2576
2985
64
1493
559
1484
1517
593
3374
579
1285
3017
54
1036
2427
2682
1990
1691
324
2549
3460
634
997
1762
1253
1135
2782
32
1630
309
1780
2702
1010
2252
2534
2499
3190
2212
2547
1072
2291
2877
2306
378
1839
2204
2700
1888
596
1034
2280
2698
2238
1174
2972
2073
23
1690
1523
3099
1625
2544
2834
364
2354
1618
1719
900
1955
1121
1989
2527
565
528
1382
2404
1394
578
2159
1400
2641
732
458
2653
3008
224
2677
185
2961
2191
2139
3030
3495
2965
532
3464
877
1059
987
2966
2452
2822
1912
1822
2738
2623
905
2170
2370
1069
1738
1159
914
3474
722
3381
493
75
1379
2932
2882
2142
217
1189
2767
1479
351
730
2164
872
2023
1551
3554
2851
2127
1219
1911
2193
2200
265
11
2489
1423
3550
36
2813
1788
1857
173
632
38
589
3470
1025
3546
1453
131
2853
2628
1289
2695
3569
3403
391
339
2490
2087
870
71
1315
3250
2590
1297
3386
195
3068
3179
453
2181
1962
1840
3427
910
3122
1439
1116
385
1221
1524
1766
3007
957
463
586
1769
3204
3232
1984
885
509
2722
1712
3315
814
912
2395
925
1225
1446
225
269
704
1968
2293
2173
3479
2779
873
2365
2046
1581
1299
1655
3380
703
1782
2289
1410
2637
1778
756
1349
3128
322
1362
1179
3393
2253
3581
2189
422
662
1353
1697
611
290
363
1334
1595
450
221
2778
835
572
137
1672
2390
1974
1350
1882
1593
864
27
2968
1364
1490
1460
2412
3188
2999
2971
26
1226
1003
325
2382
3046
1730
1425
3251
323
2663
3579
1389
706
2455
3372
1126
214
3033
3525
251
938
3350
112
1571
3199
1086
2029
3097
3540
930
1100
3418
2375
3518
3537
167
2773
430
2147
62
636
289
3112
1039
653
3026
1744
1683
197
3198
3442
1612
3490
2186
1699
786
2874
1380
573
1987
3532
767
2809
554
1343
218
333
2119
274
13
2612
1061
3013
2069
83
310
2595
1705
3484
1825
1960
940
968
3230
271
1949
3406
1442
2573
130
3117
2870
747
2583
2283
3001
2126
394
388
133
2991
1497
10
2296
3417
1915
1877
3284
3520
1940
1012
3583
1329
830
2747
1277
164
1694
3408
1134
617
618
765
1639
555
1168
1628
2394
2634
1568
2218
2110
2341
155
684
3366
3088
1326
1905
2052
2372
1371
3048
2028
2996
2493
1247
560
3323
2219
1314
1951
1085
1013
2787
2516
2352
1720
2865
3175
3379
2597
162
2841
1586
963
1097
2149
2205
1640
2265
65
922
667
1723
1360
810
2324
208
1197
2111
1902
1138
1463
5
3215
2744
723
2312
179
2914
2187
1325
99
2976
3440
3236
1406
2027
6
2803
518
3210
729
3511
44
2537
1030
2150
1475
2185
3039
1808
3412
1553
2156
3276
799
1747
3517
284
2794
1642
2202
242
2491
1925
584
2995
201
711
952
607
890
3202
2802
140
2044
1696
459
2701
2447
1776
682
801
1812
1272
3028
1852
2125
2108
3263
3031
2104
96
1986
1919
2327
3086
375
2886
3
896
3557
3131
898
3524
679
1861
1459
2328
202
2481
3498
1952
3458
1733
1487
136
2987
3302
3288
1274
2093
915
106
999
908
2261
355
291
2603
3522
157
2667
3385
566
1684
895
2097
1042
2013
2022
2383
66
398
2524
1449
878
1506
2160
1397
93
2530
2368
1764
2088
2742
881
1561
3089
474
2974
1547
1943
3051
2631
2074
1715
784
1407
511
1227
1132
1149
2345
2726
600
685
2923
139
315
270
842
1153
1815
2172
3541
3462
2450
405
2753
568
2862
2858
668
2347
1588
1804
1597
1450
384
2107
3139
1066
174
1508
39
933
1466
2808
856
1869
1316
1282
439
749
755
1473
2922
2371
3262
2694
3373
570
1638
917
3565
1533
3049
2006
575
1950
2446
67
2941
1883
768
1717
485
3261
1979
1643
2055
1430
2298
689
2660
3231
1304
923
746
1529
3349
843
1375
1110
1792
1395
3492
3220
3514
490
1843
2331
1528
2043
446
1871
1527
2441
2737
816
3075
3227
3494
1858
1390
3457
74
1958
158
3425
3510
2439
2316
1617
1396
867
2112
3205
1707
2003
1557
76
127
3061
2550
424
1155
1937
1356
1300
2967
2869
563
2878
0
2760
2271
1961
2556
794
2589
3538
738
3138
1921
3268
81
1488
178
647
2113
3375
709
983
700
3335
1378
1009
2871
2905
449
110
2380
2260
1016
629
2806
818
502
2752
2756
2566
3019
1971
2848
2266
1162
1680
1094
1721
3137
3507
748
1417
2592
2401
2946
2729
1706
192
3390
2646
669
1700
3160
3459
3504
2014
1648
2015
2565
314
2940
47
1383
2116
2199
2146
979
2560
1656
2670
3207
980
2310
406
1376
1895
55
301
1920
3456
1359
506
1374
2651
2939
1255
1563
204
3129
3355
919
3447
1609
2611
438
2686
3472
3445
950
2269
1591
1716
2613
2843
1878
660
543
77
2672
3228
3003
2563
1810
1018
2746
1685
726
1054
2533
1583
1633
1620
2437
1208
2515
1426
2915
3304
975
1728
403
1004
1222
3101
3556
3245
3334
1501
1027
460
397
601
3369
2078
390
229
2759
1301
2535
1535
1558
1083
1319
3108
1117
3291
2717
2130
3368
507
3503
2340
2305
2369
2407
330
2615
924
2666
2580
1245
2704
1093
3521
809
1931
764
612
581
613
547
1163
2608
3500
2817
3328
2610
891
3571
2451
2008
2231
1836
2581
894
82
673
3446
545
1166
714
656
2796
2955
1249
519
2630
2927
1024
3435
2068
2517
1058
1230
2837
1820
1627
832
2081
3095
2929
958
1198
123
1076
1686
1028
1366
2067
2459
2505
119
1133
3423
3528
2963
2167
2970
2502
1745
3120
657
3192
3280
3226
1188
2315
3277
1783
3038
1729
3362
1752
1015
2132
3420
2034
3081
1266
947
2377
3382
2721
1044
3493
421
2154
2196
2281
1022
759
2854
2509
56
508
763
2335
1946
409
1178
138
3430
369
978
1972
2363
787
3488
3042
1260
2593
1499
1313
126
1522
2780
3264
2687
3347
443
1141
205
2208
2057
1845
1555
1532
1455
3491
1860
2604
3433
929
209
1770
475
2
1598
536
1492
1051
1445
1279
294
2318
1351
3159
313
1673
1217
1370
1795
2816
3242
1161
788
1158
2614
85
2384
1999
2625
851
681
1518
1665
2444
2618
3144
1910
2084
1773
1472
1754
610
2177
882
2983
3107
3135
3529
1994
3392
1526
1065
796
3109
2795
1637
3004
2784
665
1160
428
1900
2339
22
2538
1483
1047
3119
1933
3405
1569
2920
441
1777
3247
1232
2598
688
569
415
373
1336
1574
3572
1045
1872
3455
934
469
1213
3076
2981
785
321
2523
1564
2575
331
1704
3054
1865
2141
252
187
2241
3176
1913
3338
1136
2689
496
43
521
1917
1050
3055
985
1381
2367
2058
275
2064
3134
3123
2762
1477
2290
1978
2338
1429
2082
2943
483
1859
2492
354
2838
1995
3016
15
3543
1113
3326
974
1819
3182
2144
1981
2503
1498
718
2184
1847
61
1763
2888
1923
3391
2071
1996
95
1969
3359
1605
638
2128
1644
652
2458
151
2442
2826
1818
1327
2192
2228
128
203
1420
1513
982
1798
1548
805
1748
500
436
2709
594
3093
3346
1238
2661
2091
745
1435
2555
619
2952
948
1505
3441
2214
899
90
2671
1392
1893
2791
1512
783
101
2962
2153
2257
3299
1514
2263
1758
609
2776
2004
374
1702
2619
2564
1224
3308
2183
2272
3467
237
1176
513
305
3009
1218
2650
932
3339
2824
3294
1137
3149
1440
889
663
1180
3483
1471
3067
661
3376
2379
3103
3545
942
3143
3478
4
562
3243
2814
1182
2790
1645
3574
1567
546
3452
1060
2510
3316
2473
1384
2910
2529
396
3329
2652
1108
2169
1541
1367
2553
2842
46
3090
2171
2101
576
2477
951
3223
2094
286
1876
2761
1237
778
1413
1956
743
2053
1957
967
3187
2975
3431
268
1252
1916
444
1393
2616
486
2247
3281
2286
2351
1831
1906
45
120
1621
2391
2434
2178
182
1653
3060
2300
780
165
1433
416
300
116
2194
1899
3011
811
1017
3213
2264
941
2500
2823
1296
1695
3360
1388
3015
1470
2143
1064
2086
407
177
3512
2890
1486
2635
3473
1587
2360
2546
402
3398
3156
769
1693
3166
186
1602
2690
1257
2969
776
134
495
3526
2594
2102
1623
279
63
2413
2001
1799
2423
3516
2421
2844
1964
680
2954
3388
935
1156
244
3185
2928
1452
59
3189
3094
2570
1907
1021
1661
2705
751
1626
442
3238
1509
2925
2406
1511
1302
893
16
1089
3034
1935
2812
741
773
2443
3221
356
418
183
3311
3275
984
1826
550
3212
2105
1476
804
606
1768
2584
3402
2466
1080
1867
235
2399
2654
3290
3468
693
342
2035
646
3496
649
2025
3428
2645
557
553
3158
2282
1573
3132
2237
2852
148
1944
2483
3148
3324
2994
949
3322
98
1891
2138
1128
1862
3032
529
3576
1067
790
837
2674
2959
2978
434
760
2902
1873
1309
3559
3059
1311
79
1436
854
1875
488
976
1236
592
1337
3195
2800
2270
1671
3394
674
1664
2536
2089
1418
191
2017
2596
1525
1892
874
1243
2148
2621
448
1372
549
2602
484
3354
2024
868
226
2353
2636
2836
88
1566
1772
494
750
626
1347
368
633
154
1263
1654
880
920
1139
60
625
1254
847
1589
1874
2175
3140
352
2990
1335
3432
866
3170
2866
2333
3186
457
1026
429
230
2960
621
1760
328
2080
467
210
2386
2763
392
2018
2649
2245
1516
466
1007
1635
852
2414
487
556
1890
2662
879
2561
695
1576
2684
1510
2708
2323
807
1200
1500
3172
2319
2123
2732
3330
2329
2099
1115
1412
3193
3066
2741
335
2714
1464
414
1127
249
1805
3023
735
1927
1976
3463
86
129
200
73
643
2642
2381
1801
862
3063
955
1278
564
3358
2577
739
3145
3367
1682
213
2514
1870
2376
2398
114
2396
2320
3235
377
1539
432
3161
2933
648
346
3383
91
12
1391
2664
2277
1338
1201
3395
58
2861
481
2562
737
3173
3274
2692
1008
1147
815
3174
2389
3575
3475
1422
956
3449
1740
1129
918
1415
2240
761
3558
797
1666
3285
2285
517
2359
2120
2217
358
1515
1207
169
334
664
2937
1485
1779
1750
1140
152
320
1710
803
827
965
3448
966
642
3438
2855
2152
1803
535
779
419
3313
3037
752
1148
2303
713
3278
2951
3118
2820
2899
380
1206
2417
1041
2496
1502
1204
2901
861
1830
3127
3141
3378
551
2066
2907
3301
1734
1235
2288
1802
234
2919
1170
2092
3404
318
2002
3477
332
1043
329
1879
1629
1784
2248
1324
149
1114
3218
3566
2864
2699
675
3253
1000
3096
3064
1863
1904
1794
420
531
1119
1652
1775
2716
2249
2114
142
2050
824
3181
1741
2617
831
1261
3497
456
1755
1273
602
2115
492
710
791
3206
1552
937
1228
3396
1579
2944
3069
1604
1903
1079
2378
2977
2216
1290
272
3370
2740
3191
2730
834
3260
3065
640
1536
902
2765
1144
1038
1368
367
299
616
969
1606
1342
1171
1032
2896
2355
3371
2419
3002
1152
1248
994
2833
3014
2640
480
260
1258
2040
3203
1239
1275
2898
1970
1073
1322
1074
2532
2567
1183
1288
850
1241
29
2426
2908
1095
2849
1663
2242
2506
2304
849
3249
1332
2909
2731
3241
3105
256
2224
1276
2497
2405
3270
30
34
567
603
1790
2957
857
2233
631
25
2885
1967
813
1504
254
3266
2735
2949
3549
1761
1849
875
845
2180
3582
2308
2016
2157
1057
1596
100
336
691
70
1001
1447
1670
3331
1918
1405
678
2703
2804
2938
1829
1443
641
3219
3536
2507
2211
2540
2163
2254
1281
687
2601
135
591
659
2239
470
211
3401
3092
3265
2891
3343
2850
8
1320
3240
654
2733
382
3297
3078
1864
1341
1014
2065
1011
498
1997
904
1600
1641
24
1631
869
2856
2656
2557
1938
3476
939
2681
2494
2606
1701
829
2751
2819
2713
2777
2579
2548
863
2839
3364
2474
694
277
2559
499
1886
3246
3098
479
1615
884
628
630
1269
2979
362
1457
3062
1616
3306
1491
1231
1928
3533
858
18
1709
2770
808
1404
3300
1339
267
1462
3577
48
2201
2501
121
1746
150
215
3287
3124
3544
2343
2775
1983
3318
145
1125
1736
1797
3553
1267
292
2818
113
2461
1287
2678
255
599
3047
2757
2294
257
3542
1369
1681
3273
1151
2047
782
2225
1187
3155
2811
742
1306
2605
3244
990
2095
2512
341
2048
792
3165
3310
2607
945
2903
212
184
2669
236
3085
2659
261
1675
2857
3259
1668
2278
1520
1131
698
740
1006
2005
2158
501
2297
1346
312
1293
3282
1941
3000
1866
3353
1037
1646
258
2478
2783
431
2609
627
238
2626
512
3071
1930
2916
2007
1885
812
462
1973
2449
3411
3563
1711
774
1295
393
2521
1713
3142
1611
40
2100
1765
1624
50
2198
3080
1142
1098
2436
2591
2574
1975
33
2989
3298
3434
960
1402
2835
3146
3010
3027
897
1096
3133
108
2137
926
2639
1753
3079
707
14
1939
2299
1556
2332
2026
2301
2683
3564
3056
1104
2531
89
3157
1649
231
1577
537
731
936
1594
1467
3074
37
2274
295
2031
1489
3050
1194
1330
468
3515
2350
411
3044
927
1408
2454
1722
298
1118
1145
2986
3271
871
2220
3058
2448
3429
3178
2140
1099
1448
1800
838
525
1193
1107
2950
2056
1409
1647
1283
1092
3018
2657
3451
2077
1838
1052
2476
1328
2042
2038
909
84
552
1578
104
865
345
1181
1926
1608
1240
577
1437
381
2525
1726
2980
2513
1424
2801
3555
2688
2465
2468
3248
916
349
1461
3130
1572
1688
3400
3480
504
3307
2246
2037
1318
2463
1199
102
7
2518
3424
2226
1081
3410
651
3257
1896
988
2334
2799
3272
992
2062
1456
307
1787
3296
2913
724
2408
3151
3426
825
2807
1233
588
399
2706
2926
2830
2693
1703
1
3454
1130
1565
823
1244
541
2432
2307
721
357
3321
471
327
2284
683
1898
2400
3021
245
1150
1270
692
166
1419
2758
671
911
2827
2568
1345
3506
1880
171
198
2781
232
1185
527
1046
1123
514
2893
2633
3482
2872
1959
1698
2798
2934
3256
2571
2723
2342
287
3091
3465
2715
3415
3239
20
3153
2810
247
1111
53
1991
1205
3100
1824
2551
530
297
2049
1932
216
1521
3365
712
2403
17
523
2792
2586
2357
2904
2243
3184
1169
97
1075
143
1220
2859
670
3006
2860
412
1562
2402
2945
78
3234
2085
2520
2457
317
2336
2424
72
1922
2209
3289
2821
2846
3125
161
395
1632
3154
2647
2736
1481
644
3053
241
1737
3551
715
2707
3163
435
370
1310
2797
1739
597
3222
1622
3162
515
1307
2718
1062
998
383
1496
263
3439
645
561
1550
1386
1465
3217
3397
2470
1212
433
1223
1387
3224
3286
2998
118
2912
1398
1751
2207
1662
170
614
1901
3267
1040
1837
1242
1985
400
2041
3114
1284
3567
1421
1811
153
1210
587
3136
1636
906
3469
1545
3025
285
1610
3209
189
2010
736
2203
1358
3036
2358
2295
3547
1850
2992
156
1268
1977
1063
2867
701
1963
3200
2221
482
548
3560
836
437
1948
117
1771
2393
2785
2638
1294
2075
2552
379
888
248
440
2019
1749
789
2475
2680
1582
2388
1914
2279
3513
1264
2711
146
886
2313
2045
2655
2956
2789
2486
655
1106
2346
3237
1759
1112
2234
3152
87
387
401
2786
1333
3450
777
1980
3201
2710
1679
972
2541
753
2697
3443
1191
2366
981
2572
3214
2210
2879
455
720
337
1966
1687
822
2924
1286
2743
281
1317
2668
423
1068
725
476
1427
1559
1669
350
2302
826
2673
3312
42
2522
3584
2051
1229
2009
3164
1305
1554
3413
1271
3180
2259
2973
2622
1613
1292
2168
2262
2182
717
3486
1844
1354
2033
302
2428
1842
273
2749
2931
2769
1234
181
860
1851
2222
389
1809
1832
3169
3269
1945
223
264
2997
2464
639
1954
1601
1992
3314
1590
946
2479
1538
1216
3177
522
2079
2739
571
1262
2772
2438
2039
615
163
2268
3194
2129
3319
1735
3409
2121
180
2828
2788
954
1035
1774
426
2131
239
1827
2373
3348
2344
1070
1947
1743
2545
1889
2445
288
2364
326
2124
1102
921
2362
2508
1192
583
2109
1854
3508
2223
2947
855
3077
2133
2918
2054
222
650
2832
1634
1202
2174
2255
754
2083
1658
793
1215
542
1048
534
1348
1195
1519
1361
365
806
1468
3317
1377
3208
697
3106
3336
175
360
781
1373
372
533
1998
2020
386
3384
1023
1835
3084
2725
2774
1165
1082
1454
1650
977
80
2964
2745
1143
2206
2098
9
953
2321
451
452
1841
705
176
677
2433
2895
1323
1019
2356
2831
2911
282
1451
3020
2195
734
1718
964
3309
2275
3005
2117
3229
3416
1659
1982
3211
2415
2155
1020
2488
2930
2188
3502
1291
1678
1146
404
1908
472
1828
2554
702
719
1091
1757
944
219
1934
795
1544
2675
775
3052
1592
1534
3535
2429
2430
580
622
3295
2953
1924
2658
3505
1585
2162
2485
3320
3225
1993
1211
2251
1580
147
207
2768
608
206
2425
2712
2884
3387
989
623
2326
1340
1677
3150
2482
1190
2629
3356
598
2873
3029
1172
51
359
2411
2805
240
903
2392
3481
52
3527
1265
2416
1469
1385
2036
425
3357
1714
2453
1674
353
2958
2309
28
3552
1936
3580
666
2632
2948
2072
3147
1331
1303
3283
1603
690
771
445
1203
844
1002
2624
68
582
227
757
1614
2829
1786
3340
2103
194
2543
473
2165
2311
2511
3573
2724
503
2229
2118
3352
2917
3167
168
1031
1846
1807
1173
907
3292
2627
2244
1833
3258
3570
2542
1167
1184
31
262
2793
1584
2889
2190
491
2588
3113
2764
1708
1619
2325
3035
959
3461
772
995
1942
3126
347
2887
344
3252
2734
2361
188
3083
1088
1542
3561
672
961
3389
159
1105
841
2936
1055
2840
1821
817
21
276
1084
3233
1321
2385
1855
3531
49
1732
69
3377
19
1411
2665
2096
3534
1431
1868
2235
1546
340
962
3466
2420
3043
2135
2410
696
2387
544
2487
991
1444
2000
846
931
1789
2897
2900
2469
2314
901
2213
2287
1767
2076
2161
3351
172
1785
2276
1887
2179
1416
1154
1894
