1659
73
3292
344
3087
2551
3185
318
3055
3093
3019
3510
946
2475
883
3299
2566
1470
788
1037
640
2638
3525
3344
3205
786
212
1045
2500
1389
333
807
11
2072
828
2854
3150
1795
1388
1600
777
863
96
119
2878
20
1672
3405
1016
3342
574
2418
2023
1847
200
546
1755
1337
1424
1382
1959
1279
2559
3017
1393
878
565
2737
1520
1371
1265
135
2289
1132
2804
3554
440
858
443
2222
601
802
3243
719
1757
2074
31
3504
1583
1329
2673
3211
2174
3492
3283
210
1256
1194
3059
507
2037
673
951
1370
1823
3364
2819
164
2759
744
1451
2451
2145
1457
2644
2530
959
2346
3041
2429
1196
2120
1039
1588
2542
1994
1580
738
1291
151
1318
1642
714
422
2387
1850
406
970
855
1690
283
2003
2670
3106
448
1035
2701
1413
848
698
1608
1997
3031
39
3466
876
782
3122
2281
758
171
1230
3442
1255
2105
1010
1624
1166
2808
2085
2906
3109
3468
152
2189
664
1104
3143
2430
70
2113
1351
2569
2040
1317
393
1685
471
1703
2642
1208
2537
3478
2705
2108
1561
2186
2169
2434
2715
1892
2869
1822
2407
519
2840
537
2304
3129
1006
2532
1726
905
1452
2760
3513
101
307
2618
3136
3251
2591
1776
2060
1250
1844
2024
3406
2143
1768
1922
1167
2977
1260
3267
2296
1864
2949
3338
1909
1141
1689
2371
2814
432
1322
1366
63
174
3419
2623
3119
503
949
255
678
2415
1713
2027
3200
2617
1195
550
1323
2634
1618
3258
2349
3164
2599
3360
2953
2511
395
3463
1349
2687
741
3290
1931
1606
836
319
1808
1407
150
2001
1381
690
2924
2942
515
3044
215
2905
3184
57
839
2007
2640
397
1498
1537
2045
2028
2116
2141
570
532
52
1907
3551
2399
2698
293
1572
3219
3563
3361
956
3385
1300
32
2185
794
1296
2992
3280
725
2202
1871
3272
360
3518
245
2235
3214
1853
2543
759
288
2908
524
2275
1985
650
3508
1810
3353
2828
99
1751
1394
534
1744
27
1855
1910
3384
2756
1270
3327
273
2055
647
1050
3560
358
3001
2823
610
352
1592
1469
1182
223
2736
1736
1867
2783
511
2959
2163
1684
2711
3450
2975
2874
1743
1456
2518
1140
3074
2017
750
3278
2833
1694
3562
2707
929
193
2187
986
2308
1156
2686
806
117
3389
2721
2925
2777
146
2864
1012
3250
1749
124
1198
2533
749
2882
704
2886
3162
1754
2138
1223
3215
2826
1315
41
2438
1792
2279
2306
853
992
2379
180
1376
979
1422
2631
1784
3222
1018
2995
1427
3458
572
2241
1538
433
2043
1887
2501
2842
974
132
1092
1717
3422
1319
2585
2345
3079
687
742
1851
1522
567
1310
3410
64
3417
1405
1495
967
522
2507
1738
1677
1290
1886
3213
3388
1245
1602
3572
94
1079
2098
2198
3085
2956
578
9
2615
1483
2855
2678
2322
162
1989
2468
217
3486
345
236
1236
2363
3573
906
1762
656
1839
2419
730
2527
1752
2255
2769
716
2417
2656
1834
2058
133
1178
387
644
342
3173
1612
1261
3448
1269
1083
3367
2117
357
3509
2245
2065
378
1920
3317
938
2619
22
2252
207
2405
1071
2264
1829
1879
3502
1519
435
3070
2410
2960
1828
1326
1391
1398
2484
1817
1563
3100
3443
1026
703
438
1889
1272
757
2248
2038
2436
1462
267
2941
2433
1444
3179
3451
2130
1826
2320
1205
1688
2556
2100
3191
3392
112
2653
1740
2699
3421
1419
3157
2237
253
396
1005
688
1284
1191
3579
2446
985
2352
882
1386
1486
2269
3086
1728
2708
1014
589
1756
2389
2374
2683
2495
3228
2513
2664
1646
2437
3474
3401
937
1171
237
3176
1441
3203
2868
3237
2688
818
2103
3323
502
2448
1313
2454
768
2051
1544
2989
1806
1935
2717
456
735
2601
2536
2331
1364
3216
3175
2944
3320
444
139
3375
2227
1276
1259
2524
2276
3431
3425
442
1567
213
2770
1699
3517
3470
2204
227
942
1512
1308
3424
2754
1857
19
3457
2509
299
984
1085
803
1664
1506
2984
872
81
2009
2233
3461
337
145
3436
2076
403
208
642
247
1788
3075
1435
2839
2525
1091
1835
2032
996
3128
2801
677
2095
2377
866
2464
3476
1234
455
2749
2002
1759
2046
869
1106
92
512
2952
636
747
3359
2517
691
2577
239
2153
898
3295
1163
2124
914
2021
2796
1118
2133
2986
1197
3192
1087
617
322
2110
2478
58
3138
3188
2520
2893
3241
3131
3459
1443
2165
160
1225
816
708
2526
1199
2291
2635
1397
525
1978
16
2008
2477
2129
3124
3394
700
1249
3333
1392
1482
1333
947
2015
2755
1957
734
1074
2654
2535
426
3269
3580
1982
1275
2603
713
2445
1571
1492
1031
2080
2154
1579
1496
2907
829
3340
233
1911
2875
2945
3090
833
320
1258
3383
1668
1304
3475
2179
547
470
1101
2376
181
2667
2326
764
1238
1348
1591
2988
452
3177
2271
2805
2382
2817
3310
2292
347
539
590
414
3081
2261
108
3318
2217
2809
922
3062
3104
983
1919
1314
1535
1285
832
787
706
2424
3357
2612
3099
625
1745
3180
2983
3153
243
1257
2812
1548
2911
1461
1601
2266
2519
1885
646
1180
2610
294
1450
1458
2845
2724
3114
3427
1222
2321
2928
1943
2485
619
2504
2061
2144
49
2725
1281
258
2152
2994
1575
1660
3447
2347
2888
834
1831
953
1741
2745
2263
2786
2552
3
3362
643
660
776
3473
1562
1625
3096
1282
3373
313
354
1707
2127
2493
1468
2546
1110
201
3467
3465
912
384
3149
659
990
884
421
556
694
2778
494
2190
1354
1416
3319
2889
1821
351
2938
2873
487
1217
2730
936
2997
1551
943
2637
987
134
1753
501
3012
921
2593
1841
2234
1019
907
2315
1032
2049
2469
191
1086
2964
3539
1534
2460
1021
3528
3301
361
638
1028
483
916
71
2496
1247
2657
2035
1761
1932
1899
2998
77
2491
2690
479
220
2099
2413
2298
599
2335
1176
2757
2029
2240
2262
1047
2465
248
3264
1169
2562
2093
3371
2362
888
114
2674
686
1842
1620
346
1017
2196
165
1912
1555
51
2927
965
3135
30
3027
613
1263
1617
1637
185
2671
3276
3352
513
56
838
1164
2679
158
1906
2244
3043
1623
1598
3103
385
2239
3125
340
2824
3437
2265
3449
1648
335
1560
2726
1000
3060
2228
2675
2744
1057
3261
966
3118
3316
1384
1288
3140
994
785
2083
892
493
28
436
33
1904
1801
2147
989
2665
3337
1635
1840
1833
3534
2528
3147
499
1731
1395
2069
3049
2393
3329
3557
835
1973
1254
1246
343
2685
2466
766
904
115
2659
1414
2870
389
109
1967
939
310
1233
1611
229
926
2979
461
2821
1767
2360
2082
3182
1007
1649
2860
1428
843
1336
3028
2947
1791
1725
2627
2597
2514
3576
2797
126
2578
854
1766
314
1529
1693
228
42
544
1346
752
1971
0
1700
743
2278
1652
3016
948
1390
3130
3440
95
1266
707
1096
3042
2834
2544
899
183
779
1425
2914
17
1084
562
2201
611
3209
232
2892
2611
3523
533
15
756
3561
2776
2238
978
306
1733
46
3039
203
1186
1698
427
500
3531
2303
2798
222
3091
161
2467
618
1147
3040
441
1042
1758
3382
1542
1556
2903
2728
3418
2408
1813
2962
2205
3038
3245
1090
1878
3084
810
2090
1629
3154
1149
1552
330
3495
1289
2934
1358
941
1478
3274
1782
772
336
296
1367
199
2414
881
2624
2250
3051
1065
419
476
1126
1993
1650
2324
1334
391
3166
3102
2224
1775
402
3368
526
1262
2570
1531
1160
67
2545
723
972
961
702
416
1778
1866
2064
3242
25
542
3558
480
2827
3127
1365
2431
2068
3029
2719
98
506
142
2849
2004
2608
1787
2343
2891
127
1576
2723
1151
2230
1972
3233
1058
2121
2866
1814
1204
3369
2396
3426
13
523
1780
812
3372
3097
3207
668
3004
1440
3574
2372
944
3197
1446
814
919
2807
3190
3050
1605
2600
2716
2181
2614
1127
1115
2583
1268
3581
121
2479
259
3053
3013
1950
323
3293
2794
1966
2877
1913
746
1073
2443
2966
1511
447
100
2793
1353
1207
3335
2183
653
3073
1355
1134
770
1301
1311
824
561
202
1765
257
2672
2921
3363
1316
1403
662
2768
1558
3036
1154
2856
2506
1697
3538
2709
2094
2550
2846
2758
75
3271
2838
3033
2954
392
2822
2996
1854
2012
122
2727
991
316
489
3390
773
1159
1523
1173
2170
2259
720
2361
2561
560
1574
2323
2150
2916
473
584
1448
1404
1800
763
1417
2084
2134
3116
1129
2123
3254
2993
1330
413
736
3052
2523
1069
894
459
2521
372
1964
2293
65
2895
1779
2334
2937
1175
1528
631
1564
2140
2969
3485
2584
373
3306
1708
2596
2689
2961
3460
2079
3346
2772
2425
3544
993
3433
1651
1103
315
125
3022
1049
2135
3113
2568
571
3535
2453
1340
2782
1735
2922
651
338
2668
3469
1240
2573
331
362
2041
2897
1914
2972
60
1936
2987
390
184
2274
43
1213
1102
1155
2632
1015
1705
2586
93
1463
491
3315
1052
879
3413
1701
62
1696
2682
3393
1283
3068
386
1830
2662
449
667
3489
3284
3453
2249
3550
3236
3308
831
576
1577
3230
1041
2935
3275
1986
761
1489
1481
1785
1022
168
195
2704
111
729
2831
621
520
1158
3313
1464
1475
2288
527
2048
2486
116
1068
1438
214
3098
3195
980
2131
240
3555
2195
3511
624
3007
148
1895
2883
1742
1135
1038
2404
2340
2718
1001
76
2403
2590
3374
1695
2162
1226
827
1927
1341
1345
1951
3414
453
1923
795
3347
1227
2044
1569
538
1402
3403
377
375
1503
2191
1509
608
1880
1131
2780
2022
231
2295
144
2236
998
2844
1369
301
968
1673
1955
595
1865
1153
3366
721
2059
2622
1138
3202
3238
2132
632
2125
3396
2863
1793
325
2779
3527
2078
3541
1750
2483
1280
1974
1181
1454
2394
3300
1937
1794
2284
1888
3358
35
490
54
1675
1686
2531
3111
2310
2589
1474
717
341
1299
2104
1585
3134
3345
602
663
1264
988
1002
136
2175
1730
1339
903
97
1377
2388
277
218
2318
2070
2771
1211
334
84
1273
3379
1679
3415
415
1406
3298
1484
2647
1331
932
2894
3454
2139
615
1872
1554
2247
204
3108
192
3404
3400
1487
3011
977
2939
1619
1040
1773
3252
3438
172
2913
3270
88
2052
2317
1328
189
2788
1941
886
2598
2943
3479
1856
3067
609
3312
303
3522
2976
194
3499
1172
1594
302
3584
1286
804
629
2625
3498
287
48
3076
329
675
3356
2151
1958
1179
1868
2246
1267
1075
1332
2330
1796
1293
3553
3455
2199
3056
3370
2395
104
3378
2449
2106
2206
845
2990
2733
2033
731
1302
1029
2000
2538
1921
2119
1112
2742
3008
2305
3058
1305
1863
909
2955
1991
543
701
89
1162
252
2366
724
1432
2459
2774
3133
1187
1229
2497
3439
3365
911
2386
1488
2957
2096
175
1401
1410
566
2576
1241
593
504
1374
2378
1124
545
587
2876
1665
1704
1004
605
3336
2740
1473
628
2853
176
3545
1024
106
2210
1053
2999
1718
2092
371
2571
147
1306
153
962
1869
1097
2354
206
692
1307
3239
3217
289
1054
363
1636
3500
1746
2226
2558
2677
950
495
935
2267
1287
2290
3206
681
1114
2086
1505
1426
2789
2564
1144
1639
219
2428
1048
1517
131
2767
1219
3412
1077
309
1360
1942
1465
1657
3505
2738
284
2182
2307
1990
1244
661
61
3532
1846
1119
2762
846
398
2375
718
1545
2019
635
2426
1137
311
349
1948
2432
1626
1916
933
1818
1769
1584
2184
588
3107
851
1631
1578
799
604
1502
1671
1917
2982
401
3259
1908
1356
34
1533
583
1772
875
1763
2168
809
885
2661
1641
2565
1595
1900
1663
2626
149
3235
2005
1609
563
2515
2203
2748
230
1064
1666
1460
1643
3402
2148
2843
2563
2904
940
2639
3533
3069
1764
350
3255
2260
2630
1804
1108
3224
3000
3543
2923
1008
2081
732
12
1082
3487
850
1201
1748
3507
1815
975
305
1681
712
2225
931
1706
3464
1373
3432
254
1930
1009
1988
1678
3146
1877
2712
3201
510
516
3441
2188
2156
2910
2062
82
2694
508
2286
1638
275
2158
2879
451
2332
1357
817
1344
382
2159
3045
1033
1125
1952
2006
2739
1667
2512
2741
278
187
842
3054
1220
321
1190
536
262
971
3282
2919
2818
3481
417
3123
1710
2221
3279
1076
3281
529
2790
2971
2450
633
1479
2441
1368
1294
484
2411
528
2309
3037
2492
585
627
221
1894
865
1105
266
2872
1325
2636
2489
2207
3537
2370
683
813
2232
1252
3285
1597
2149
87
5
2510
205
1471
2666
1568
2036
1926
2146
23
2852
1504
3288
1278
72
1803
767
1984
3519
1320
2211
1423
1954
2102
3181
1309
2073
3577
3065
177
2368
607
2549
216
2604
1715
669
2575
1429
889
1212
1043
1724
364
2946
1210
2862
47
2166
348
3072
328
3169
2902
1722
388
2488
2499
3005
3171
1644
2529
29
2743
2560
710
1130
955
2423
2392
1113
2534
308
857
2885
3221
1013
3491
1852
2692
2089
1098
958
1399
1143
793
830
726
2336
2516
159
1836
1352
297
1615
918
460
2800
1968
2898
1243
1224
1632
671
3575
3349
2268
1933
3194
1621
2229
3256
815
2847
1825
1209
844
1845
1188
868
2420
3030
18
2057
285
3002
3286
226
3303
3490
1774
3287
1218
3446
564
2951
418
225
877
469
1418
3332
530
3428
517
292
2605
2314
2461
789
1819
901
2950
279
2456
428
40
196
552
3248
915
2965
1721
472
1078
665
823
3482
3077
699
1387
2373
1670
129
582
3132
138
38
407
2219
2695
733
3115
1095
300
3161
3321
1420
1437
2220
2030
1532
3493
1251
3296
592
2440
3585
1277
166
1046
3080
1683
3196
264
3046
2344
1499
3024
1812
1983
2850
304
1805
2287
118
3199
2799
2633
2751
549
3289
3234
847
1739
169
2270
286
2178
68
3578
3260
2406
1953
1436
69
3483
2663
597
3186
862
178
626
573
3429
3516
1059
658
1145
140
1702
2258
2880
102
3078
2616
2401
2299
648
1177
1362
3018
2795
1476
1661
190
1783
2455
1843
2482
370
2039
1656
1838
3226
1898
2684
3246
796
3423
1582
464
1380
235
3456
1549
2397
1472
2481
3220
1797
2933
2763
1109
1550
2280
676
1363
2034
265
672
1242
2063
2936
1622
2851
3095
3178
2223
1781
2231
3445
2160
680
1445
186
2294
1905
2302
2595
2339
1586
130
740
44
2273
1107
1553
3082
655
3565
1189
3257
1676
1882
1881
3409
374
2554
1183
2218
555
1727
271
1655
1248
1802
3582
2567
797
801
3514
1939
1734
760
1938
1094
1378
957
982
2050
705
2435
2803
674
2791
2548
1662
3088
715
1890
317
2697
622
1518
2316
860
2830
920
3407
1051
2588
2164
3047
2390
1965
2650
1431
2734
652
1056
3057
2380
3540
167
400
209
1516
3568
379
1848
1292
2607
1466
1133
327
1998
1981
3152
623
2442
1777
481
1876
1415
2713
1433
424
2502
359
2746
689
282
2696
2676
3223
3126
1150
467
1539
2176
410
1497
1530
1116
1493
1494
1573
1491
465
1347
637
3471
1915
339
3083
2088
3034
1011
1027
2735
2764
2056
3101
2457
3334
822
1521
3225
840
2122
2753
3559
1203
1956
3026
85
3273
2651
276
1
198
3163
498
251
3311
722
1737
778
1089
603
2277
2681
246
586
1603
3071
739
2820
1239
1944
3314
3496
1088
3294
405
2427
462
381
55
3380
3168
514
2136
2579
891
2915
2077
709
3208
238
2731
353
3529
2357
2658
2409
2811
3066
2837
1607
1100
1513
910
1682
2200
684
3331
170
2775
365
2026
1557
924
2319
2329
2067
3536
1170
2097
409
2348
2832
3325
2700
3569
242
871
380
805
1897
3549
1185
697
1716
8
2648
3341
3117
430
1527
3092
2053
3229
3089
3010
268
496
728
867
3526
2356
1142
2498
2137
3377
2253
1925
1342
1120
3326
1303
3110
2555
2858
873
2473
1789
3397
2283
2311
837
2917
2815
2254
3015
1870
3112
1630
3014
2582
1674
1962
497
120
2645
783
598
3265
753
1940
326
2342
2126
3297
3291
477
425
2353
2505
3210
3302
3530
1729
3472
557
3566
173
1030
475
2010
2042
1786
2835
3484
509
1343
969
1430
2114
2444
1692
781
923
3247
765
2487
2197
1192
654
755
2816
1063
399
78
2848
2391
954
2761
156
2981
2539
486
376
679
1565
2680
1221
2282
272
1604
2691
2557
1093
1918
900
870
1072
2157
1174
1884
3151
1720
2385
821
10
3322
1467
24
2242
960
3488
2257
1883
3547
356
2729
1066
3376
36
887
298
2574
2592
3354
3120
2813
1036
2978
1111
1566
2107
2958
852
934
2384
1081
751
1809
2901
1837
2829
1508
973
1924
1723
3583
2312
1996
3032
596
1807
281
367
1216
128
558
2765
1891
1385
1934
1827
1361
1271
1524
105
1237
224
2540
3183
3462
2750
269
1680
3387
745
1970
774
859
1799
3064
2416
3386
1161
1480
2806
3172
1820
1335
908
861
964
554
2470
3198
2968
1312
1514
280
1232
1200
849
1515
21
1980
2014
2439
2251
1634
454
1477
450
2628
614
1627
2609
3212
2643
3263
3253
3148
1193
3023
1945
2926
26
103
1711
1546
1581
2660
1449
657
1231
1999
7
1501
864
1861
3170
2194
2784
2364
3141
606
2193
3398
2474
1987
1062
1540
575
1658
1400
3542
1070
2066
3571
1714
2963
1873
2931
518
263
581
457
2985
141
1327
976
2301
366
3020
3305
2655
2325
6
3395
820
897
2881
682
895
123
1596
1067
3262
3218
1961
2462
1228
1202
439
2018
188
3003
355
913
791
2720
3009
1858
3411
3121
3187
3355
1324
3444
1543
2652
1526
1060
2522
1903
1412
2890
466
2214
80
1510
1647
600
2328
137
249
666
999
3506
1616
113
1570
2243
434
2930
1874
1613
1811
639
3139
825
3105
612
3144
685
2216
2256
3430
4
14
981
3165
2912
2031
1541
2967
2494
2940
1610
505
1969
2865
1590
3167
1055
2313
2398
630
1455
3556
1875
1976
3524
1439
2929
2702
890
45
1500
1321
2629
2180
197
2480
3348
780
568
1587
458
3035
1375
2785
1214
2458
250
874
1396
1995
1253
2013
2463
693
2192
1975
548
1949
1893
3268
2587
3159
2171
2355
3416
1034
1148
295
2621
2766
2422
1297
1025
1653
1099
2899
771
1645
2300
2167
1123
995
1614
256
1490
324
1824
2016
2025
670
790
591
2142
2358
1215
1061
2155
841
577
274
2553
332
488
3570
616
3343
3501
856
411
290
579
2932
2327
3434
3324
2781
2338
1453
2508
1359
2112
2732
1295
1747
928
3477
531
368
1896
553
2787
3408
1139
819
59
2973
1442
2011
3048
2115
2215
645
3277
3156
1507
2859
769
2
1121
492
1536
394
2602
244
234
945
3391
2861
1640
540
1790
521
2101
2075
468
3512
1712
431
2825
446
3520
2412
2580
1411
2920
2871
1862
1128
3381
2212
2047
893
182
412
1719
2613
1902
2887
2896
445
902
711
1669
37
3232
1379
1816
3244
3025
408
1628
79
1146
2773
90
1447
2161
2471
1206
482
423
2208
3552
2111
1633
580
1157
2970
2381
261
784
291
53
1274
2802
3304
1350
485
1168
155
2369
3158
762
1122
91
1459
826
2918
211
1298
2503
2541
1409
594
3548
1080
1020
3145
1760
1859
157
2359
2646
1928
2472
420
3006
3266
2547
3307
1960
3193
3399
3174
997
2400
3155
260
2333
179
3351
559
2900
2341
1963
1860
808
737
695
3061
917
2128
429
107
2857
3420
800
1849
3350
1979
1338
3515
696
2980
3240
2909
3567
2747
1383
1408
369
634
2572
748
2087
463
2606
1589
963
3160
2974
3249
1559
2367
2641
3137
1184
2172
1547
1372
2285
154
3497
2792
86
241
2297
2213
1525
312
1599
474
880
3546
1593
1165
1992
2581
270
792
2272
541
2350
2020
2071
2402
1136
811
3227
1044
3328
3330
3021
74
1901
50
2722
3063
110
930
3142
2351
478
2693
1929
3094
1421
2841
2867
641
1947
2706
620
3494
66
775
383
535
3231
2710
1709
2836
1946
2594
1798
3309
404
925
1832
2337
3452
2714
1771
2447
3339
3521
896
1770
1654
727
1977
2752
2948
2490
1235
952
1485
2810
551
2620
1003
1117
2177
437
163
1434
3480
2991
649
2452
2476
2649
927
3503
2669
798
2118
3189
754
3435
2054
1732
2365
2173
2109
3564
1023
3204
2884
83
2209
2383
1691
2091
143
1687
569
1152
2421
2703
