1749
1571
1364
802
3270
3200
3107
2646
904
1693
1124
667
2403
1229
2332
975
1955
218
113
2556
2072
495
2700
1262
3211
2747
1146
3166
3030
116
640
1187
1576
609
748
1191
2705
2140
1857
1905
2628
48
3174
2370
2906
497
3024
2292
435
1617
1340
556
131
1970
2885
423
1122
900
1081
3022
2721
2237
1908
2954
324
1956
742
2126
831
3005
1811
1299
1971
883
3173
1495
1040
1324
2459
1017
1142
2093
343
895
3104
199
634
1426
1383
468
1808
1651
2172
735
2441
3191
2998
335
1712
584
1350
22
1604
765
1911
2130
3048
1601
2313
2142
2402
333
2073
189
2221
2695
1917
779
1049
1319
3210
858
232
811
1446
1532
2492
2710
441
3147
2525
1976
2067
2084
372
899
1980
2549
2992
1963
3140
2138
1216
1090
202
2539
3013
571
2680
2869
1646
482
1584
3238
999
2830
1056
3102
3091
2087
456
2485
3207
2006
1230
1188
3250
3193
1236
82
2351
2299
1748
3180
178
1181
1577
174
2331
328
2727
520
704
544
1424
408
2438
686
1602
187
1136
1034
2582
884
763
2152
1092
1430
1644
2494
3116
2586
2865
2014
370
1535
35
2770
7
2471
2873
2103
712
1279
1706
2761
1194
1104
2431
2045
668
2937
2053
1259
1443
2503
2757
2936
1585
1381
1746
2021
807
1742
2275
2442
3206
659
539
1823
1918
1789
1390
1182
675
2971
1694
2374
3281
1867
1069
685
214
2684
2893
531
1329
1635
587
112
2133
425
3092
1214
952
2123
141
2071
1964
2390
559
415
2361
2474
2838
1520
1305
2434
1292
2273
3223
796
1490
2580
1534
3009
1679
1565
2165
2450
2957
754
1159
2095
908
213
2032
708
1961
3110
1031
2435
1851
2633
918
2685
3084
891
824
988
1235
1563
594
444
10
1231
1276
2457
2396
2169
3112
1792
2410
1345
2243
955
878
2818
782
2357
871
2531
1085
2235
191
211
877
1232
386
2296
2305
2163
259
2802
2027
1186
440
3042
173
517
79
2207
867
3274
100
2713
1291
334
1091
1237
713
2036
265
472
2547
2650
2238
859
170
2127
1835
2594
1969
3151
2069
992
2756
503
430
1650
1479
2867
612
987
2030
787
2153
3133
1519
2788
3155
1378
2467
2393
1277
3047
751
909
499
1860
295
1218
1554
2418
1843
403
1492
464
2978
1873
1438
1531
1560
958
195
771
1010
1737
2284
1900
1199
1450
2632
1677
2988
3239
2236
486
1596
2771
2387
2406
1664
2119
68
2113
490
1280
110
2267
452
1113
2908
3044
1397
2528
2246
2722
3256
470
2343
2704
1730
2540
1157
1580
1396
1760
552
1702
2976
1342
1212
2960
55
758
3144
2304
546
2762
887
2348
1527
103
2009
991
2567
2349
61
862
1720
253
1174
1016
1030
2164
2217
907
133
3139
2625
2368
2712
1164
677
1761
1848
2375
2896
449
2526
3
1347
350
716
852
1175
2959
2359
377
1538
830
2380
919
548
3142
2554
1077
2946
986
2782
2012
2231
2745
143
196
306
125
939
338
136
506
2841
1184
820
1574
371
637
2519
875
2600
1921
2605
2446
2669
1147
2904
2581
2541
2265
2832
311
1449
2900
1484
2674
970
2079
3075
2039
1703
2660
235
1404
1059
2159
47
151
269
2488
692
1687
2924
1875
2621
212
310
59
1116
359
3247
2472
1709
2184
2328
2098
2256
2020
1643
2630
3204
272
383
638
1663
2648
3127
973
995
3222
3254
389
671
152
943
3175
528
2342
1243
1425
2662
1071
780
526
1392
2773
1904
1293
1836
1883
761
2120
2436
1996
3171
1073
1038
2392
474
376
1942
25
3187
1401
1469
1807
1189
2897
3135
809
2356
1628
3255
2480
892
1053
2180
851
3088
361
3083
3035
2654
1623
315
1070
1250
2002
479
39
260
1281
2558
1127
2129
65
860
3117
1361
1967
550
3049
1139
351
2105
388
3138
1202
1027
568
660
140
1886
2075
1588
1205
104
509
2968
287
3164
78
2768
3061
2709
2739
746
1055
3219
1659
515
540
2409
3153
905
3217
1476
2018
2593
149
1088
1346
1269
3216
1988
800
3145
2616
432
481
165
1951
4
1004
1370
1597
1130
2687
1133
1065
2522
1000
1271
897
304
3058
1966
2336
2
2428
1151
1274
2754
714
1882
1616
1376
976
1323
3227
241
977
2505
237
866
1813
258
2569
1774
339
1410
573
2144
2290
2876
645
2880
3203
2732
927
2849
217
3034
249
630
2252
2510
730
960
1995
1997
1518
2111
608
2923
1304
1552
466
3225
2497
1039
2783
2048
940
1732
578
2746
2447
2255
1294
2546
458
2134
2916
1578
2623
2527
590
689
2404
1539
2659
29
1411
36
284
2693
2040
27
1356
1464
2394
560
2181
2008
1219
1510
244
2118
2786
3236
428
1466
706
42
1193
732
1525
2230
2242
1109
2925
26
1810
3181
2220
2696
2815
2047
551
398
301
205
592
2694
1820
2661
502
1437
2827
1083
2193
34
2640
1722
1999
257
227
2489
1890
1731
2417
1211
658
1086
234
3124
2877
193
2477
965
2626
2656
690
106
1866
2401
3105
3020
929
2078
86
1923
2917
1403
1937
3023
1306
1126
1321
2274
572
617
3224
2690
1934
1903
2552
750
76
294
3106
3126
2412
2653
1001
137
3149
2433
3188
3161
2555
2377
1179
912
2295
723
296
1471
913
1225
1772
1217
566
2339
1550
1248
1680
1880
1161
565
949
3232
1295
1766
2529
2649
1380
393
1892
3208
1920
467
961
1830
2254
797
1718
2778
1786
2371
1895
1447
2218
1637
1106
308
2866
835
2478
2170
2952
461
2758
3097
947
2930
2738
1108
652
2088
2222
577
649
880
790
1609
438
2604
2335
3132
2607
728
805
2590
80
1501
1272
2461
1673
2965
2895
1301
2657
236
978
799
606
158
1498
1308
2675
2288
210
478
2109
1499
990
1727
942
2117
46
792
424
1537
243
2183
674
1089
3060
268
1783
2999
480
2068
767
2720
2358
1275
2881
1493
1714
2300
2486
496
2414
3120
1916
863
381
1739
1796
2572
2244
33
128
1507
1906
2792
3082
2102
2860
3089
733
1500
1252
2922
2942
1413
695
2411
1794
3057
204
2104
3273
2668
2329
1856
770
1171
2981
1166
2989
2643
405
252
1719
267
745
323
2615
3190
1558
1488
1011
3031
2699
1740
2691
756
346
2321
1975
3028
3095
1101
223
2262
1591
3046
159
3194
1509
2423
2911
349
500
404
1032
2658
1328
1434
2828
1296
1278
1939
1684
2280
400
1478
933
1022
915
469
51
815
242
231
1590
784
2320
185
2940
433
2622
922
1196
118
1149
1307
1870
2090
2160
1160
1389
1784
2564
5
2835
1129
215
2663
1165
1929
1683
2121
648
593
1028
2360
3241
1140
2312
3214
3177
611
2141
181
610
3068
2517
1458
967
2043
2823
2831
2233
1432
1385
3272
276
607
293
739
44
281
2044
2557
636
3052
2205
286
729
156
1006
2061
1286
2177
1846
1326
1497
2245
911
1349
2703
2551
1685
1804
1745
622
3074
1791
2301
2543
2192
2961
1369
2506
2973
1512
1853
1084
410
1273
1612
3025
2759
663
2858
1701
3108
228
1412
1439
786
898
2116
1502
585
3154
1658
2775
43
2178
1238
3006
3197
2610
2388
2905
325
3080
2851
75
2107
166
3040
2955
2907
2174
1652
2532
1960
530
2025
1177
2081
2829
2986
1831
1386
3152
1962
1014
114
1036
3264
1444
74
292
2132
1359
1653
379
49
1819
998
2080
2948
66
1419
969
1914
2987
2398
2293
3229
1121
1583
688
2148
700
653
554
451
1080
2624
865
545
2664
840
2077
2333
997
365
1705
937
3262
536
3242
1087
262
1545
2363
1959
3016
1228
169
2723
842
224
391
2974
873
1582
808
1435
2050
2099
2573
2324
2931
2204
1008
1283
2808
2617
2468
1901
157
1210
32
1837
263
84
534
1572
717
2202
2317
85
3279
2400
2706
69
945
2755
2816
1255
1448
3172
1696
1312
2430
870
1416
670
2330
1331
2596
2898
633
2462
810
2440
2614
3167
1753
2086
893
2470
2449
17
2725
1399
1861
375
123
834
457
1145
305
409
2665
1117
2707
2752
1893
426
1681
3198
2718
341
270
1569
2627
2004
1489
931
1855
1782
1103
532
2024
953
624
280
385
553
2609
798
2062
2545
3065
720
11
3090
37
819
1630
1660
2260
2537
2198
923
616
2484
1013
239
2298
378
574
2797
1173
1282
838
1052
2862
3150
2913
757
1919
1078
1938
3240
314
547
1878
2834
2780
2277
250
2297
2859
491
1692
206
1168
2346
1926
2928
1645
3252
1667
3064
2548
188
1922
1524
1468
1156
2951
508
373
1814
903
1300
2166
1360
1729
696
2316
427
399
1620
2568
680
1454
2223
876
3179
3019
1098
1442
2651
2112
3072
390
50
420
1568
1671
812
1420
2766
330
3185
2460
1242
1675
639
2915
2994
2131
3051
1551
621
369
2397
1026
1889
2970
2509
1267
326
783
1377
2943
1265
710
1372
2748
1322
2577
45
2822
591
1557
1562
1822
2253
208
1050
1656
190
1436
1575
3275
549
3038
57
1735
1655
2602
2677
1343
744
681
171
561
1024
563
1387
2836
1888
701
15
1733
1859
2784
2608
1441
1611
220
1555
1338
1899
1131
1316
2520
1402
1665
382
1067
1
1941
2741
312
2263
2135
2812
1180
2227
827
1533
3251
2618
439
2276
1536
3043
516
615
380
459
2017
642
2855
354
3157
575
2914
1313
1172
299
1128
1724
1487
12
2311
1589
1123
2512
3235
1728
2124
3070
2022
1348
1915
2203
504
2196
1946
1462
184
135
727
510
846
1337
2091
2737
2731
1559
2939
2825
2515
994
3257
934
3041
1881
1546
2774
2325
73
583
1352
2513
3026
1869
2229
829
570
581
2268
1365
2271
2764
1456
1840
2750
83
1452
1743
632
2744
225
3248
1504
320
1511
177
1266
1610
1736
1208
971
736
271
3170
666
580
1440
1162
3056
982
766
2097
1775
1373
586
2560
3100
63
1998
2516
2455
374
2638
2315
604
2309
1858
1079
2612
1549
1037
2016
40
2894
1872
3168
2498
340
3014
1949
1371
1787
2058
3021
598
2499
2064
493
3267
1987
455
1863
738
1517
2291
2715
3010
1894
105
1654
2373
1374
1058
98
963
996
1170
266
219
1977
3098
2189
2285
1422
2711
238
2944
2504
1334
2149
2319
3231
2647
2100
2997
2767
2996
1874
2926
743
2697
2806
2810
1135
3199
2637
176
392
352
1945
402
1570
2843
2837
2619
2167
599
2239
2001
465
246
3184
567
163
832
2209
3201
1429
2613
3212
1245
1871
2248
2742
2776
2588
542
419
3086
785
2437
3054
126
1154
3033
737
8
1042
2636
1607
222
2033
3029
429
2429
18
1762
2453
968
2258
2439
247
358
1264
2318
1690
1358
1764
1913
2028
2530
2975
731
168
2585
3234
3169
13
656
2266
1944
2157
2982
2634
847
145
300
289
1953
1120
1428
2282
2034
2819
1268
803
1327
14
665
2226
2286
2991
488
3062
2303
1244
1482
23
2765
2821
932
3205
367
2386
471
1972
1586
3158
483
229
1909
2813
576
1137
3008
2037
319
1063
1367
3268
1366
2234
2561
1472
1298
1933
412
2056
2083
2820
2310
2302
2882
81
2589
1710
1357
1226
2857
1169
226
2501
2000
1256
2736
2920
2122
1542
2584
562
1515
2871
1561
1258
707
285
3078
1473
2805
38
2483
3103
342
872
2424
974
2476
1828
102
2787
635
1287
139
160
2854
3101
347
1491
1829
1005
1738
16
3017
1816
1593
3128
795
3260
1023
618
1503
67
240
3249
1288
2884
109
475
3265
3209
682
2977
302
1045
662
87
882
2927
1676
1876
127
1950
1688
1825
3015
182
1884
3269
993
2929
535
2416
2734
2214
3244
1463
1765
2724
1758
2826
1330
2728
442
1076
2156
620
1592
1854
2534
2963
1335
2445
1993
1803
1579
487
209
2197
1320
2824
1968
697
3045
837
901
1020
1332
1097
1141
264
902
2538
1111
709
2466
2772
142
1344
416
2379
1207
2240
1190
2294
1239
1771
1315
1183
2143
3011
753
1707
2956
522
3176
768
762
62
676
1689
3037
650
1285
928
417
245
1310
944
1594
485
3160
1044
856
3094
41
1384
1935
422
356
2232
2367
2848
1838
2645
21
1541
1965
447
1508
2136
291
537
2575
1096
1043
1704
2796
1800
2289
2980
1686
3130
2676
1009
1051
3059
322
2224
2210
2108
2536
2023
2082
2314
1047
2162
3263
2714
1506
3093
329
2382
582
2228
58
849
989
2635
917
297
1540
2730
3018
2264
283
600
854
946
513
2151
454
3001
896
2559
1388
2496
2089
651
2249
1785
2463
2115
3115
2853
2369
1082
1678
3137
916
2225
395
3237
2535
2146
2096
1048
964
626
2413
2673
2201
694
647
132
1270
2566
3099
1768
1788
1465
2670
523
857
1178
2154
186
437
194
1143
1750
3266
2241
2945
2890
2261
2200
2562
2364
1841
1907
1427
362
2250
1809
3220
1223
154
2941
1289
2909
1711
1974
2003
514
2883
2281
162
655
781
2065
524
1155
1798
3114
1029
1153
277
494
2481
3071
1197
2179
1699
460
687
557
2340
2038
3261
1608
1152
1985
654
1990
1075
221
2399
614
2495
823
138
533
2511
869
981
1954
2845
3079
613
2523
3118
1112
357
1035
1973
1721
1648
2814
1093
519
1587
2147
505
1163
1263
1614
890
1057
1885
3121
2213
2902
2323
1021
843
3183
498
1393
2553
445
2372
646
2026
1007
31
28
1615
2137
3032
2910
117
2208
1138
2655
2338
2306
216
2055
864
2385
1107
950
233
1979
1802
2216
778
2934
1460
2599
1842
1333
2682
2326
1631
1240
1221
1605
693
1793
2817
255
2985
279
2507
641
1213
2692
407
2452
1638
1713
3243
3067
2801
1019
2384
776
3141
2689
52
3277
108
775
1375
1061
529
1382
597
2798
752
1780
2353
1470
1467
1405
2269
1723
2092
984
2524
3050
1598
251
1459
1773
2287
813
848
406
1844
1201
121
1864
2595
821
1099
1952
1797
274
2597
1757
2947
476
2350
1567
3007
1523
2487
2667
1041
816
3002
1832
2953
348
2500
2793
2583
3143
2777
1599
2347
764
1253
2716
1626
511
179
414
2891
983
1547
501
2145
2794
2029
1928
3109
2421
1824
2425
1827
1634
2889
1251
1185
150
1543
2327
2878
525
788
1224
443
1195
64
89
755
789
822
2544
1657
1747
1391
129
1992
2679
1033
70
2799
627
1862
2444
3003
956
3163
273
278
1414
845
3246
3136
1621
1407
657
1573
2101
1781
1528
1341
1672
2672
2749
1002
1622
2842
1317
643
3077
2415
2726
1406
881
2508
2686
759
401
2259
1978
1725
2257
2642
1715
2875
2735
601
1115
1314
3192
1930
72
337
1741
1110
2958
3278
2563
303
3096
2171
2856
936
596
1339
1247
1984
30
2887
1362
434
1865
1418
1624
2194
1668
2011
3087
661
794
3221
2592
1433
462
2949
920
3134
2175
2606
130
1790
1564
3081
569
1311
1636
489
888
644
1642
2598
2456
772
2803
2671
24
147
473
1284
309
1839
2870
3230
54
1400
1203
2042
1167
2743
962
1613
1983
954
3125
164
749
3280
90
2074
1600
623
589
1633
1074
1241
1948
1455
93
2979
2458
111
2473
1896
94
144
2620
1898
60
1943
1666
3053
387
3073
2861
631
1363
1198
1150
760
155
1982
1618
2185
3085
2381
2464
844
1054
1494
1682
1697
521
2114
101
874
1227
935
2344
3159
2587
88
2199
2015
734
2901
3055
3213
773
2341
2839
1744
1776
1770
1475
1769
1421
555
2059
3036
747
985
200
3195
180
558
2054
1068
2085
1144
3189
2283
2155
316
1958
1734
966
684
2789
3196
146
605
411
777
115
477
721
183
512
1354
1257
1451
853
541
2182
818
691
1318
1260
2035
1910
2454
248
2840
197
2005
1222
833
2355
959
3123
2769
1595
1529
97
2872
725
2019
1431
2733
1991
1674
885
817
1806
2984
2482
1852
825
2760
2365
394
1717
2211
826
698
290
2751
2378
2427
1379
318
2188
2041
2419
726
327
705
1353
2666
678
2542
2391
2888
3069
2962
1868
1669
207
740
741
2717
1297
879
1398
91
1355
3063
1246
1548
298
1102
1877
331
3271
938
1474
2804
2161
2514
930
703
3182
2995
679
6
2322
1485
2631
2950
463
9
2533
2337
1553
1818
2578
1957
360
914
2972
161
2251
96
396
192
3258
2807
1046
804
2186
1215
2405
906
2868
2345
1206
886
702
924
2611
1095
2190
2158
841
1716
836
2465
1752
2844
1805
791
1325
1632
564
1290
2206
172
2886
2863
2903
2800
2570
1233
889
421
2479
397
2518
793
2049
2683
92
1176
3186
2247
2490
1986
1821
1192
364
275
2779
2362
1700
2892
344
1625
814
2219
336
683
1777
1060
1409
2383
2070
3076
2919
1417
2502
431
625
2191
1309
1521
628
1879
1125
664
2964
1204
353
2933
3131
941
3276
256
448
2688
711
2874
602
2307
722
2521
673
120
1691
3027
2451
1647
2729
948
724
122
629
492
124
1496
1514
718
2550
2879
1483
1698
1756
3012
2579
2719
2176
2574
1940
2063
2475
1670
2785
619
2601
1526
1887
2938
2740
1994
2076
2912
774
1778
3148
2013
1094
282
3066
595
828
972
2781
672
2094
1003
518
2795
1453
2983
3129
2031
1423
1415
288
261
1254
1812
1845
1726
1015
2852
2565
2652
1118
1759
2491
2215
2051
2443
2921
2173
2352
1931
806
1477
56
1505
203
1606
3004
148
1018
1989
1619
167
1834
3259
436
1234
507
3233
2426
1795
1826
3113
2052
3226
980
2279
1708
2366
1755
1556
71
527
2990
1754
855
1662
230
368
801
3218
3215
321
2639
2811
2833
1062
2106
951
1351
1833
2057
1925
538
719
715
1158
1902
2603
2168
3162
979
1751
332
2576
2790
603
1522
2278
1220
3119
2308
2918
363
1209
1302
20
1566
3111
2493
1481
2469
579
2932
1779
77
2935
1695
1064
0
2066
2334
1132
1200
894
850
1799
1516
699
3000
95
2354
1303
1641
2046
3245
2376
450
839
3178
1847
153
484
1249
2007
1114
1849
2791
313
1947
2966
317
198
2641
957
3122
418
2967
2708
1445
588
2681
366
1815
2060
1394
2591
1981
1544
1603
2432
2701
99
1629
2272
1649
254
2139
2629
2407
201
868
307
3253
2644
1461
2571
1912
2993
1072
2899
1408
1763
2212
910
345
2763
3156
861
2753
1936
543
1368
1486
1336
2847
3202
925
384
3039
1801
669
1480
769
1932
3165
3228
413
1927
1661
1924
2420
446
1261
2395
1148
2809
1134
2125
2195
19
1817
2969
453
1639
2110
2150
1850
1513
1066
2864
1457
2270
1119
2846
53
1897
119
2128
2678
2010
134
107
1395
2408
2448
1105
2698
1891
1100
1012
175
1581
2850
2702
2187
3146
926
1025
921
2422
2389
1767
355
1627
1530
1640
