2210
2666
3046
2996
2892
2023
3001
1149
2831
232
260
1451
112
3141
3353
2067
2556
2659
977
1000
1805
1108
3311
2371
50
2150
584
498
51
3099
981
3023
990
1996
2772
3205
3345
790
3189
479
883
2185
3474
3497
788
847
3413
22
2053
3491
1676
1702
3313
2640
3228
1187
2572
1489
3050
1629
1419
1966
1072
351
374
478
2439
906
2382
3179
2043
531
1429
140
3250
1274
869
1385
615
1462
2301
1578
2740
1169
1888
2088
1267
810
494
318
1465
2601
895
1373
3251
590
2526
681
3478
3196
1834
2283
2345
1668
2677
1321
1203
304
855
2047
362
1170
2296
3401
2236
1182
640
2308
2299
1572
2411
2240
1023
900
3218
415
2324
2102
1009
2169
1537
992
505
427
1681
2749
2622
1503
167
43
755
400
624
3518
803
1372
2112
1765
3134
2879
521
1718
3375
2784
3309
924
267
2063
700
3359
2754
1076
3490
1587
2846
1755
1961
1299
1894
2409
4
609
3219
518
2016
699
2174
1661
16
626
1506
2444
3485
2647
1674
2673
2570
327
1469
3136
1923
812
1777
3535
2070
2298
3027
2264
379
1095
3387
3319
939
1652
276
3089
466
2203
92
2228
3011
2675
85
3225
57
1164
177
2628
3097
2716
3439
66
656
2253
1287
2362
3042
3374
1933
2374
1670
3090
2111
3212
2941
1703
811
2229
2515
1453
3542
259
1382
3488
2974
1588
3165
2684
2598
2269
2423
628
2787
139
2219
2942
1359
797
2990
2610
1717
3030
973
2090
3540
2392
779
2691
1843
2343
64
2465
2733
1053
2272
146
2832
3339
2957
864
1650
3463
2051
1677
1283
2859
2001
2133
3073
2917
1477
1121
1444
1999
61
2216
438
2604
2825
677
2297
1352
1501
817
2176
2335
922
1864
557
1990
1964
44
2381
679
3373
1323
1207
3330
529
1426
2321
3231
2734
2280
923
2683
734
1798
3125
1558
2862
3368
692
2213
3544
2517
316
337
3271
412
3416
2689
2688
3295
52
885
2619
3427
2058
3128
1634
3254
2138
187
3506
2838
2033
987
1871
196
780
3220
2971
1339
1963
3290
2455
483
1863
2484
2191
1162
1653
616
258
3477
3191
3007
1221
1254
2072
876
752
321
1205
1472
2139
2664
3113
2334
1697
2368
33
1615
73
2685
356
575
418
56
2502
2255
1332
1220
3332
381
1788
1932
3395
154
1554
1608
3320
3457
1580
37
893
1579
1934
2004
2599
2651
3209
1044
2293
3015
3243
375
3153
1542
1344
1291
1505
3080
102
1745
1672
2983
2089
291
2616
1946
716
2603
2543
1546
2994
2519
3377
2584
3158
2841
2459
2931
3130
915
141
2249
105
7
2884
2137
1640
1595
456
2076
2021
3385
1194
449
1456
2636
2542
1529
2701
2645
798
747
1995
2259
1496
3403
250
1356
623
1079
3246
1705
1480
2325
1130
2757
1816
2417
1711
548
3035
3423
2156
345
1865
465
1937
19
2866
247
3412
1749
2151
619
1689
3248
49
2811
1183
660
2578
645
820
2665
1859
350
219
3093
3144
1315
1832
2528
2084
794
614
324
1663
997
3060
2117
901
1159
1479
1440
2936
1437
1619
257
1265
1977
2503
98
211
1010
2397
1435
3171
1532
1075
1316
956
3138
2354
1037
3002
3184
1759
2196
2146
1120
3293
1371
2747
1186
3162
3227
1943
841
2425
1408
1729
2402
2803
3349
2669
1549
926
892
1293
121
3032
1669
372
1111
2124
799
2420
1766
1253
314
1980
537
731
1626
2696
2943
1007
3224
2546
184
2083
1086
2593
2923
2553
972
2646
2817
2015
416
164
2024
2142
71
1904
35
2433
1030
1577
2193
1336
2609
1342
2025
3341
1276
1014
1573
408
542
1001
3053
2393
1510
2695
3126
2006
2911
809
854
684
756
1126
2415
3494
3010
2055
2077
1268
3496
2430
3443
3247
1399
3444
2707
271
464
272
1064
2391
2190
169
574
2135
3051
1997
1405
1362
1690
2921
942
2407
2242
235
3121
3411
1786
651
3267
1282
2847
1846
2148
1596
2843
1606
1603
3316
2263
1701
2511
2498
1423
872
3213
1618
783
3510
2408
3303
1097
666
1531
48
1436
2011
1330
2760
2353
980
12
3069
896
1706
1482
1624
2731
2452
2437
357
2913
3285
2199
1116
88
2295
2590
554
3445
2959
1485
2426
2181
830
2670
1597
2160
1838
3040
2363
2122
1760
3492
787
2310
148
1773
1774
1981
1431
1685
1099
588
3455
1071
403
2745
3278
3003
3537
2030
1534
3103
3043
3262
2284
2068
917
429
500
558
1901
1658
2737
1560
550
1575
2591
3397
1521
2278
1633
1281
2120
871
3072
3511
1454
1106
1497
887
3521
2434
1675
1920
122
245
1855
3034
751
1043
1927
949
3211
204
1115
3152
2557
3131
2886
2007
2337
3168
2268
1692
709
2894
503
2808
2692
3363
1802
1102
658
1982
225
856
1605
547
592
2427
2012
3198
2414
2338
3222
63
3199
1425
2473
3365
3410
955
694
577
999
842
459
1118
1345
3065
1776
2999
2145
1909
2002
373
3091
1553
1854
1610
594
1550
1302
3033
3024
2224
2933
2874
974
1275
2328
3501
2781
273
1025
2457
3041
3481
1413
1045
2536
1024
2761
834
3422
1987
1541
931
672
967
512
2385
2302
1744
1347
3532
34
1870
865
3149
280
877
3437
2956
2783
996
1364
182
1306
2924
11
2813
2966
328
3470
1830
2110
2800
2725
2928
2582
2390
535
3398
2443
2875
3082
795
998
1567
1876
1950
2641
2858
2496
3517
2027
2286
3025
78
3009
2940
3252
2510
3182
3380
94
1687
843
848
2449
1163
722
1800
3482
741
3287
3334
3350
2631
3008
1512
859
2671
396
1557
501
2964
1945
383
2723
3175
1734
3424
778
1665
40
2891
443
819
1029
3230
1919
215
3376
434
2660
297
1878
1449
1218
3071
421
1443
125
385
2057
786
2534
3513
2429
53
2050
2796
2066
1700
737
2679
1033
2712
2563
2854
2960
2314
1447
309
370
58
422
3471
2357
1105
3408
1867
3534
1230
635
2379
462
2819
1968
1748
1736
2140
3312
1988
2179
3360
1916
492
608
1714
2281
1084
2736
1391
3419
183
1991
407
1270
702
404
2194
3367
2499
1250
1139
3409
1924
551
3509
165
941
168
294
844
331
193
216
1078
1822
1411
850
111
2085
654
2320
862
2663
2154
534
2743
469
2549
545
2192
581
1325
2035
1585
3221
2149
171
1984
960
336
2282
2450
2508
447
1811
1069
3151
1682
2547
153
1621
158
1659
2365
253
2791
1850
2871
1388
1763
3310
1951
2206
1353
1224
2562
2197
3257
528
2456
792
1635
1582
2518
1903
2330
2769
2873
1073
2237
857
450
2222
1833
79
334
237
8
3469
2721
3178
860
2902
2313
62
2304
3382
2369
1651
2400
1518
2396
1487
2720
1412
568
1184
2099
2248
690
2032
3331
97
1464
2305
2934
1625
3289
431
3233
335
3194
391
310
2573
1468
807
3066
3190
2467
3245
1600
1137
2541
2870
1319
3204
2116
1110
2126
759
96
72
2327
2104
1240
2768
1502
2187
3528
2700
2266
3541
461
2453
3400
1803
2611
1208
3507
670
1087
1540
149
3539
277
1514
789
3192
2441
1917
2100
2564
717
151
1434
1077
2856
1057
1161
846
2718
2522
3371
333
1327
489
2245
1814
208
1189
411
721
3272
120
126
3394
1641
2359
3240
2605
2586
1409
2979
358
805
3058
2405
93
2770
650
1403
2
3328
824
3170
2265
1231
1166
995
1568
1210
1337
254
1326
189
3417
1976
1136
985
264
3057
524
1617
145
2958
3362
3466
2010
804
1671
2969
3210
1716
2822
2992
1947
3122
3283
1167
244
1647
1797
3164
2637
2786
2755
295
2732
2789
701
3036
2207
2318
181
128
782
739
2963
414
3458
1042
2348
3197
38
1446
1680
1085
2017
2366
2204
3169
1565
1737
768
1389
760
1574
947
541
2389
2215
2218
2303
2384
21
3048
880
2333
223
3440
1200
3068
3304
198
3081
2125
1122
1848
1660
643
156
2833
2602
1061
593
1346
919
3298
1171
2336
2904
3354
180
1195
866
761
162
195
3297
2487
3529
1343
1369
3514
3019
2764
2702
1929
1148
2186
2621
2306
1960
2227
315
2403
9
1571
2383
214
2857
2898
1493
2568
2404
2848
1360
2538
2127
2258
1897
2356
113
758
591
526
114
3406
1004
704
918
1460
2230
1986
2649
1368
1271
1133
1329
442
1475
378
2092
3215
1471
203
1884
3273
3148
507
1931
1153
1012
274
3299
1563
1696
674
685
1313
969
1831
2225
706
2485
2170
480
823
1699
1889
845
405
115
2003
3291
3441
2575
806
2795
3083
3322
2065
1548
1874
2395
793
1683
1645
3154
2926
1918
2046
559
31
1059
1511
851
1936
1062
359
2387
2239
2650
2801
1622
3028
3129
2589
1492
1636
2774
425
1500
994
2480
1236
367
2041
1895
3084
2497
1708
2238
2049
3340
1896
1032
1304
2291
2710
2128
1891
1959
3238
23
75
764
598
1710
3088
879
2949
1040
1008
2040
2938
3006
1361
978
2830
1070
2778
2585
103
394
815
1305
317
2976
3269
861
2629
2326
555
572
2880
1698
3344
544
1348
2375
1027
1983
2188
2909
1899
46
953
1039
3214
3504
30
2714
3531
1021
2477
1616
2565
3061
1060
2576
2812
1753
387
451
2080
938
3101
2759
3442
2165
1206
144
1726
562
506
2037
801
1387
2850
1019
2925
13
1694
2639
3167
573
1836
130
1526
2289
975
913
2965
2247
1026
2722
388
1499
530
3193
2182
435
3342
2220
2711
1488
3044
753
1227
3185
2361
2246
3155
2464
137
3456
589
2479
1199
2513
2530
1261
2131
743
617
1328
1602
1338
159
2709
2277
29
2355
2686
2329
36
2954
2697
2792
1134
1050
1366
2101
2937
2178
2524
2312
1484
2539
3418
1957
110
342
1176
1841
903
2953
678
1018
3429
2158
1034
1517
3415
2109
1255
602
1473
965
682
2235
2955
2028
607
1204
2527
3200
2655
477
1015
2961
2292
160
2113
3118
3108
1397
1738
1825
744
1212
2071
2271
2849
595
1324
680
785
299
1407
1576
3147
322
3390
636
2474
2431
142
2031
2217
832
2039
495
230
1056
143
3005
1036
5
2261
2753
2262
2687
197
1214
2155
307
3094
2558
2163
907
3384
3277
3140
816
3522
3520
3201
1613
45
2531
436
1237
1828
971
3356
2184
491
226
136
1818
3536
2915
688
1569
3420
10
1197
2643
3229
2863
964
1684
2896
2828
2614
1611
1048
166
3110
886
453
3499
482
1971
514
837
663
1172
3452
3533
3326
3049
808
108
1754
925
1724
3157
2912
2882
2908
3484
3428
87
2489
553
513
3279
1248
330
710
1810
83
3117
474
77
376
1092
1418
3505
1752
612
1519
1055
2694
2623
1989
1428
2214
1112
2765
3217
3047
662
929
2776
326
522
390
2300
946
2195
1793
2257
3163
2020
1198
2064
746
1142
1545
3268
828
723
1804
1739
3307
2986
1631
3318
3433
1438
2276
2540
777
332
1251
173
1524
3074
2226
1154
2288
2739
1160
3386
1354
2888
579
2168
298
1912
940
1098
2657
596
104
1094
255
3351
3336
2048
2445
712
2279
2136
2758
290
1594
1847
2458
3098
59
468
496
2876
70
2893
1809
2421
2364
2349
570
2523
1395
603
389
2344
1213
1289
1746
2087
3216
150
1967
538
1279
936
1552
2804
2270
1375
270
3159
127
2889
360
1377
1772
252
2970
3226
718
629
2633
424
2632
1750
527
133
319
1312
212
2635
3177
2984
2690
1935
2180
1812
3448
1155
742
1277
1096
2900
2394
2073
60
1278
1614
687
3378
2463
1490
413
641
1269
2307
959
2975
1762
1704
1654
652
1789
1807
1481
2798
1829
2981
325
3480
878
2995
613
3379
3039
1768
2978
399
1872
1065
2152
3486
2860
2805
1787
3402
2837
420
2221
1156
457
1887
1953
1355
2287
945
248
1725
2727
76
2780
238
1992
984
1017
604
1998
2680
20
186
1586
3301
1908
1941
770
1926
1691
296
1858
2351
3174
2435
2615
2103
1902
2535
1383
2516
2081
653
826
2606
675
954
757
1466
2903
386
750
563
3530
697
3203
567
2438
2241
138
1782
1357
874
313
1639
781
2715
3160
3545
2741
1215
1141
894
1727
3059
763
1775
3432
1259
1256
2373
509
1202
1410
1630
41
1309
91
2495
188
1432
784
220
935
1566
2916
2472
249
1131
1842
1016
2399
646
3347
1365
1290
2656
583
773
3493
891
3414
302
3392
3234
771
1486
1398
2693
3206
2581
279
916
437
42
1185
2948
1856
2339
2883
2835
3317
1883
3321
1806
1693
1873
576
3264
2595
1427
224
1589
1243
1713
1709
1985
3502
1404
749
3358
725
3305
1731
2134
1993
2451
3029
659
1910
2648
2823
1562
2930
199
1583
2342
1944
1246
3202
943
3396
1303
6
1905
3435
1262
2198
2352
3388
106
1840
455
1334
1721
1351
2130
2842
606
2985
1881
1272
117
3156
3315
1620
417
838
1853
263
1386
3232
3370
1123
123
3241
371
1536
3453
3013
2056
539
2106
2251
726
207
3107
1893
2617
502
2944
1770
1225
1939
2806
25
2096
2520
1038
124
1381
1114
2317
1143
499
1463
1151
1938
2868
1458
2607
323
3446
275
2319
1242
2223
365
667
1771
28
2432
2972
3366
2877
2294
655
1093
2952
2750
1599
2600
3391
3020
2331
1785
3369
2424
2507
3142
1088
1430
2323
2704
2901
618
983
634
3223
1414
2129
2008
1415
2794
3280
714
1523
2045
2367
1379
262
1193
3450
2166
363
3186
2729
2922
1715
1180
175
2340
377
2771
888
1815
1556
1245
2275
2380
3447
1196
382
1564
1956
2756
2482
1320
1177
927
2014
910
621
2626
2183
597
802
1978
2973
3109
3114
2654
3426
3078
2793
1028
2782
3100
2234
1543
904
1875
3116
988
2906
278
2797
540
2316
1678
2121
3172
3187
3286
1922
2091
32
1643
1792
1827
774
765
1318
733
2529
1547
131
2945
2919
1601
561
3253
460
3438
2569
3472
346
730
1817
3265
292
347
1031
2372
791
552
647
1527
3337
1642
2401
311
1292
3404
2674
2093
2799
2470
1667
569
2483
3115
3111
497
2475
1851
2588
2042
2486
2468
2398
473
3135
769
1219
2550
2885
1719
231
2358
54
525
1421
3127
398
909
3207
341
713
170
2123
2561
1522
2907
301
1150
689
1539
484
1555
2865
1784
1885
3475
3266
3208
1146
1211
3515
305
2618
2951
3302
515
3244
27
1341
1952
2476
1732
2559
3145
1311
39
3075
1507
2869
2388
2567
715
1257
549
246
890
1604
580
3016
2861
2107
2815
3431
2462
1003
1742
630
1914
2141
1673
1525
2038
1516
1592
344
3364
821
1298
1049
2705
1796
3294
55
1005
1925
3000
1402
369
239
1260
1911
1688
3180
3300
1632
1067
348
287
1644
393
3454
711
1879
1107
1662
3473
3383
1181
2161
631
1439
3516
2777
1173
1868
2189
1234
2580
1100
3449
1570
3139
2267
3512
1900
3064
1584
3123
2492
3132
532
2613
605
2143
2322
1350
441
3288
1495
2818
928
2706
2594
1520
2642
720
1837
3124
1058
1508
1063
868
2544
727
14
1442
428
283
1823
738
206
2490
354
2074
1666
1824
2491
2410
1367
1047
3498
829
1127
1288
240
863
3062
1476
2005
1593
3056
221
2852
2406
2554
2469
533
1400
1066
2209
2730
825
1129
2446
2260
2500
209
2762
745
2719
3393
82
3242
3086
2845
1783
989
1310
858
17
80
448
2814
1286
1826
814
902
1649
3527
622
2378
366
3327
1232
1461
65
1314
233
266
3281
3146
2918
1962
1201
1930
90
1022
2634
729
2532
3325
586
748
637
2114
445
970
1538
958
1623
2097
517
1638
303
74
2775
210
3181
873
565
2347
3436
2703
1720
178
1839
642
222
708
282
2988
227
944
950
2967
2927
2537
2512
3335
2890
1124
3092
1860
2993
686
2763
508
1448
3306
1239
2159
1780
174
1906
2157
3296
911
1498
3150
1179
3176
2612
2738
2571
2493
3037
234
1733
914
2839
601
1794
1192
3483
2061
3195
2501
2587
1090
818
986
3381
2682
703
1913
3085
719
157
1892
2767
268
1795
3430
3459
1178
2809
3026
410
490
481
1297
1331
129
2533
728
882
1249
1655
1457
2676
2413
1188
2505
1433
1975
2668
3508
881
2481
2428
201
3519
772
2667
2167
3236
2436
2991
2855
2386
671
1082
1590
236
2442
430
1258
836
1533
2810
644
1241
1779
1970
696
3284
2466
2661
3067
3018
1764
1861
1165
3133
3405
961
827
2881
3460
736
1103
320
2652
2448
2309
2962
1969
2644
3503
192
2746
2341
673
835
1157
2579
202
2630
1740
1801
2211
3
1051
218
776
979
1190
2947
1857
100
3096
2597
467
3523
2454
2867
338
3054
1637
1940
1424
2834
3357
1295
2095
3467
1374
485
1035
432
587
47
3270
1080
1052
3076
536
1006
2802
1747
884
1686
3282
228
147
3526
2026
2853
1757
2440
3137
368
934
625
1333
2000
930
3263
1158
2105
957
2788
2773
2029
2968
1266
735
2162
3399
853
766
487
1216
2681
767
1882
2744
2009
3087
380
3372
2153
1307
639
18
2082
2488
1907
566
493
2094
1751
1761
3188
2044
2836
3112
2807
3468
1393
2254
1128
1046
1813
1020
1117
3274
1722
578
2751
0
384
176
2987
698
1849
2929
2022
2735
2672
2232
3012
556
1646
3095
440
1741
2285
3346
2887
870
463
2377
1958
1335
243
1758
1561
3314
966
95
2624
1504
2177
2662
2816
1054
2627
2233
2013
1880
1730
1235
2742
2059
2419
724
241
2447
2864
2506
732
582
488
2895
1470
3256
3324
3476
3031
361
84
353
908
951
2019
3462
2625
3308
1866
205
2416
2172
3077
475
3079
611
2504
1422
1011
1247
963
1942
1845
1886
3479
899
1648
89
1363
3434
256
1002
921
2212
2412
190
1819
2069
2471
1152
1101
1612
2054
1392
2346
2202
3258
1445
152
1869
339
693
1370
300
2997
312
1509
3235
163
2724
2060
1041
1928
265
1135
571
1233
1591
1483
2566
1898
1459
1068
2461
2555
1743
472
875
664
395
194
401
67
1300
286
2205
1119
800
831
3348
185
648
1551
2698
2946
657
740
707
1791
3166
1799
1695
2164
99
2098
1915
920
852
364
2977
3261
2208
3464
1147
2108
2370
81
471
1263
1723
2052
397
839
2086
293
172
392
1390
775
599
3022
2132
2878
3119
1284
3524
3105
1104
627
1228
1921
284
406
1175
2748
510
1491
1679
486
2311
1081
1769
2717
1478
1301
2350
446
352
1380
2840
161
2708
2826
676
458
132
1384
822
1535
2950
898
402
288
1728
2766
1528
1656
912
1322
3495
1598
3355
1229
1420
2713
242
3070
1994
343
2910
993
1401
991
1664
251
109
2548
3183
1317
3323
661
3407
3017
2829
329
1494
2899
3259
620
1083
2360
1238
2638
1712
2521
1707
1781
285
669
2552
1452
1778
1280
2728
2274
1852
1474
3276
2173
762
543
2171
3525
948
1226
1406
1862
3538
269
932
813
444
2315
3106
1965
1954
26
2376
2509
1113
976
3329
889
1877
2844
1294
962
2290
155
2115
1808
200
2851
423
1340
691
3255
905
1296
1835
1416
796
3361
2250
1559
3104
519
867
933
2018
897
3489
2583
1244
2200
2752
523
1821
2062
1013
289
2577
2932
1222
134
683
3451
1844
3063
2658
2256
433
3338
2678
2905
1441
2982
135
1285
1174
308
2596
454
2790
1607
2653
2118
1109
3021
952
3465
1515
1628
1273
2980
452
2726
2592
3333
191
2034
3102
638
833
840
520
86
2998
649
2824
504
1217
1191
632
15
1223
217
2525
2144
1417
1955
1264
281
2078
2243
3239
2872
2460
3045
511
754
2175
600
2820
69
1972
3543
1145
3425
1455
2574
2914
355
610
546
1790
476
2422
516
1467
2119
2418
2620
118
564
3120
409
2494
1358
1252
1138
3260
665
1513
3389
340
3052
1581
1609
3014
1209
3161
2075
1091
3004
1890
349
2147
2478
2989
3173
1973
1396
2560
1132
2827
1140
2079
426
107
2935
1657
2036
668
633
1948
2332
705
2551
585
982
179
229
101
1820
1378
306
24
1
3343
937
3249
3275
261
1767
1530
116
2514
419
470
1974
1089
119
1735
3237
1756
68
2545
3487
1450
1979
1308
2897
2821
1376
1125
2939
849
3500
1144
2244
439
1349
2779
1544
2699
2273
3461
3352
1168
3292
3038
2608
2201
3055
213
3421
1074
2231
560
1394
2920
1627
695
968
1949
3143
2252
2785
