390
2577
1388
2684
355
865
984
977
2308
1807
366
1638
769
1920
1581
1636
2225
721
374
2922
1365
1884
1468
718
2564
2746
2128
3030
185
961
1141
3049
1462
3274
307
317
476
623
1519
2505
447
2945
2105
2106
2820
1202
356
1645
2567
2323
1751
3233
3003
2530
3197
350
683
2754
2143
1732
408
2397
648
2601
1764
361
888
2783
2158
2475
1987
1785
367
2383
907
1416
2095
2792
1772
1964
688
260
3009
2528
2566
2863
526
2010
384
2990
58
2023
2950
1287
2183
287
3208
2319
65
3216
1830
1792
1458
3060
1028
1692
772
2550
645
1437
607
1059
1957
1341
499
1766
3203
2654
1930
2322
122
2067
2443
147
1780
1674
2587
517
695
2610
2617
2561
2671
3178
3078
631
402
1802
1513
983
3182
1473
2438
2584
1911
751
1129
1800
502
1761
2714
1886
966
2910
1374
1617
2632
2268
3106
1735
1272
255
226
1421
61
2793
2112
3012
673
1647
1611
3256
917
2490
23
2526
3229
644
285
3157
3128
2776
1602
2245
622
605
1210
1507
2541
559
1469
1661
1573
1521
2620
474
1603
994
1805
2153
2484
3082
2807
1612
290
3243
561
3123
446
2699
808
259
2553
2693
3221
1782
281
118
1662
798
1896
3113
301
2873
1099
2573
857
89
435
3085
50
1514
2108
86
995
2344
1428
2168
1239
2856
850
300
3167
1019
725
2642
3238
2024
30
1017
1943
1008
1563
206
2721
835
1570
1313
1842
2702
80
1369
2870
1143
3281
1415
1809
1562
2453
708
262
2056
79
2998
650
677
1288
686
2891
1394
2585
3064
1393
2137
2674
3046
3044
1044
186
1995
3071
71
635
549
1669
1917
2012
294
3083
2860
2103
1693
2572
3129
1875
1190
2937
1247
400
1089
2971
1248
225
3058
1700
417
190
1342
2623
1844
3223
1205
1524
1038
1423
1376
113
175
2393
1999
2032
3140
2149
346
2988
1839
204
354
2343
2165
1873
205
351
1121
2923
1361
16
2691
776
2894
1488
126
902
1140
1498
482
1290
922
1815
132
572
2071
1929
2565
872
1538
2979
191
1149
2865
1921
642
302
2664
775
1706
584
1069
3040
1572
1360
796
2544
2905
1243
647
1670
279
1478
2349
1535
1688
1242
411
2066
2960
2376
2270
2667
3220
1314
3147
1756
2611
534
3190
1098
806
52
2029
1185
2549
2133
3193
2038
2796
2663
1818
1777
1022
1598
953
292
2914
880
1200
1095
479
2836
1881
1283
868
859
1169
1711
1481
1996
574
759
899
2738
283
3022
1797
3036
3204
581
575
1261
198
3146
1482
2222
2449
1131
3215
1406
2342
1793
45
550
293
2911
410
1997
1045
46
2861
762
771
1119
2596
1992
1114
1763
1050
2220
2312
875
1138
2560
2429
821
3050
1304
2539
2078
975
359
2717
1093
276
2814
1225
1799
1667
211
3103
2420
1136
1319
3026
2468
2732
1159
1346
1137
2018
150
251
2731
449
22
480
2127
1253
1072
2361
577
1135
3275
997
1568
2411
319
946
2193
624
3169
1567
3244
1710
944
365
2405
1451
19
962
2889
1981
2136
83
909
1329
2936
362
2712
1704
114
895
1345
2458
2683
2866
1561
2510
3116
1107
1715
1215
159
1821
1113
2391
2580
2551
1621
2772
2189
2177
719
100
2887
732
2579
2234
533
509
1803
2933
3059
714
1025
3137
597
1726
2613
2686
1627
338
2507
698
1256
2803
433
238
137
670
2765
2090
145
1497
781
3027
3202
179
2215
256
672
340
1633
1533
1251
1493
2540
1601
1890
2636
1509
1439
501
2907
3141
2217
2926
1273
2781
785
1985
2897
3107
2784
3257
1331
1449
1386
3237
2409
1569
392
2735
2614
612
2925
2379
1106
595
2204
228
2729
174
2677
72
1804
1926
2785
208
3235
1082
2646
2762
2545
388
94
2410
403
401
2271
1697
44
3189
234
2483
1750
1298
1153
1277
3170
1483
2185
3002
1855
2996
3276
1585
3075
2695
2662
1831
2734
1389
2499
2680
2282
664
2859
764
92
3004
2758
1665
1343
3098
939
2498
2445
183
1229
681
481
901
1414
398
2705
1622
1737
1856
264
452
833
2718
2568
2414
3231
1224
1696
333
441
668
1526
1336
617
2713
1340
3052
2491
3055
1918
289
1267
1249
2144
2104
2057
2609
461
1656
2120
2777
2985
1969
925
3057
1753
1151
2837
1391
344
309
1916
3079
0
10
1397
1740
1010
2025
658
3035
2399
2416
749
1880
913
822
707
2928
625
2967
2332
1936
2606
464
162
948
1600
2197
409
395
1018
3214
504
2556
2855
1941
2495
1060
893
2063
2951
2139
562
1718
1223
2339
525
3016
2948
2134
386
2920
1528
1576
2822
800
1709
64
3236
1232
830
1155
1903
2943
1183
2028
2521
1584
2254
1616
2858
2621
246
3175
1446
2251
2041
676
2852
610
2939
973
1771
1699
1956
743
1978
611
2744
326
2022
819
324
282
2435
8
3241
1677
2188
1118
2847
1629
1057
1983
1086
263
809
2676
2536
2524
2283
2355
1723
2854
1949
2655
837
1914
1385
989
152
3174
2205
3119
2942
540
2293
763
2190
765
2396
1757
1175
2421
2470
2329
1233
434
1065
590
1441
2715
1147
814
1605
1051
1324
1274
3118
818
1891
2904
720
1536
2307
489
438
2027
2878
1847
1551
2700
2919
2082
2968
2107
3101
261
840
2280
2116
3270
548
924
2687
2634
1887
2062
1973
723
2259
2065
1658
13
2141
680
3114
184
2679
2597
929
1744
1963
2761
1494
1111
519
2417
579
2285
599
1357
2076
2156
1832
1452
1091
679
1405
313
639
877
1671
1275
2341
3102
938
1020
2941
1686
766
2523
2461
1593
1759
3061
1959
980
3267
1510
267
897
3096
1982
2954
3160
1184
1061
2368
898
2750
1948
530
3080
620
432
9
1525
1899
364
2479
1822
1447
2682
746
1112
378
1758
970
2096
3097
2201
2970
2669
3074
1628
3132
1659
2801
2
3145
2398
1791
1457
2864
2248
915
1679
2279
2827
2548
1460
149
142
1174
1760
573
777
2816
1240
954
794
448
2265
1499
1796
1310
2725
1016
36
2892
1849
1654
3092
3271
2906
2843
3234
2236
711
1291
1213
2430
192
3031
2661
1334
121
1337
827
2527
2178
1615
2318
2949
160
473
1281
3041
933
437
563
2132
2047
646
2369
2840
2791
1515
1166
3186
60
2386
2044
3264
2073
2099
1935
576
99
792
2492
2353
1454
2469
1892
3125
1222
1965
2250
463
726
4
455
887
2871
336
1076
2899
727
459
458
2176
227
2593
1292
163
2166
3104
2211
1642
2363
3043
210
485
2006
2727
1316
235
3219
1005
26
812
1722
3242
3268
1477
2040
734
339
2436
2628
3124
130
2294
1812
2256
1244
1448
2389
2434
1077
348
2489
1980
558
531
2775
1653
636
453
2643
1176
75
40
2780
2381
2326
1418
442
1746
1643
2304
2195
896
53
1789
1685
470
602
1145
969
1311
2668
1083
3159
2328
904
1265
3072
450
2788
316
3195
2424
2121
619
2583
976
547
920
2084
505
1908
2086
1836
1958
2480
1412
216
1455
1613
1260
155
2955
1160
2503
1463
1993
555
2884
67
2246
2123
1011
1879
277
661
1216
528
2428
864
2641
591
2961
25
847
2959
241
3093
3230
1338
2711
1604
1212
1396
2651
2660
1571
2487
2975
280
189
2218
1347
1128
3218
2046
1284
1825
1295
1195
693
1490
404
2630
1928
3205
2830
843
1206
1466
2309
341
2921
3246
1534
1947
1878
2219
2826
1198
790
2252
1739
2365
1487
2008
981
2287
2051
2299
959
2656
2516
3139
2766
2122
43
109
3122
1130
2992
1193
1547
1427
1417
1701
2360
2402
633
1204
165
1530
1188
2467
1863
1046
3224
1055
1042
1762
2696
651
3034
1975
1560
2795
167
760
430
3070
2160
2760
1062
2169
2009
1182
1931
119
2882
665
488
2380
945
1021
1379
2207
1854
245
1280
1663
730
2794
816
626
97
202
761
1707
465
2915
1991
347
2170
1816
728
2395
2157
3100
454
1541
1840
1286
2406
381
399
3171
878
748
1938
2706
2080
578
69
2909
542
497
774
1905
306
3255
2367
2173
1714
3094
556
508
2196
2054
352
1596
804
1264
1383
2581
412
1363
1730
906
2832
3166
2238
1353
188
2174
2707
466
2525
3153
253
3037
1858
520
1068
429
2460
2842
674
1691
2940
222
272
1268
2351
2452
1549
3029
1954
1590
2508
2007
2644
713
2377
3130
1296
845
2710
128
3
1191
1705
2999
1266
1862
1994
2362
521
1039
2346
334
1382
1351
3014
2543
2045
2154
554
2437
2074
643
1040
910
383
1384
2532
310
1255
2155
357
2962
799
2615
337
2408
1315
2743
2146
1733
413
443
724
1161
3120
1052
2291
2474
1000
209
1474
848
168
3154
957
3262
2552
1372
368
1742
2476
3277
349
1824
387
1158
1029
98
2666
304
1404
2635
1635
407
1512
173
2226
1333
1413
3056
468
2482
467
1164
2327
1305
2877
2733
1348
1023
503
2607
1819
3188
2306
1682
1201
3135
84
1741
2135
345
786
1734
1486
2501
2562
2749
2513
518
3222
1148
275
2415
861
2952
869
2354
1874
2848
2511
247
1837
1731
752
758
1400
3194
2913
2994
2672
1648
131
1358
2302
305
1508
1558
3210
250
104
196
2442
1672
912
3006
3108
495
3278
1234
33
2085
1727
2619
2867
2818
1297
2806
385
1787
2946
1506
510
3069
972
2347
1774
2049
982
2965
2751
2880
2403
1650
1828
3258
2232
2371
182
1162
82
475
2186
1181
375
2627
1317
2387
1430
2118
884
3181
332
870
2425
3165
813
500
1769
297
296
1784
2253
254
1207
1067
3081
1024
428
950
1096
965
2929
2947
926
3260
1577
1944
1915
2650
1767
1990
1115
373
3227
1876
841
1902
2203
564
1192
2336
1829
2119
139
1703
2305
1565
176
2313
1634
3005
195
2058
3248
2117
866
315
2703
1432
1861
2563
1496
217
998
1167
221
1073
1626
1339
1170
2159
181
654
3090
793
1583
2043
103
2324
3117
291
842
170
2517
1624
1893
3183
580
3226
2571
2422
1660
1776
1078
2512
101
1823
656
507
21
1668
1429
2110
171
3164
3111
2145
1919
1177
1
199
1752
1049
2645
2462
2263
1328
2934
2522
3263
34
967
1646
2531
1897
937
1609
780
1318
2898
908
1579
706
1431
3173
1606
2124
2622
2901
1312
1998
1988
2978
3254
370
51
511
3001
2413
1355
2879
3028
1910
2164
1904
524
1945
979
2444
2129
1041
3158
1960
2035
491
1738
1748
2400
858
2069
546
1922
2350
312
2404
2833
854
2590
1502
2192
882
2493
207
1189
3112
1387
675
1827
710
1090
3127
322
1254
318
2831
3042
3191
795
32
1308
2797
3179
2737
3109
1410
3007
295
2372
757
1043
831
770
660
3261
3228
2804
377
2357
1520
2026
2980
2281
3187
2130
1553
2459
2262
422
2087
2209
1942
1027
1321
692
342
3138
197
1518
73
1869
1375
3131
3253
2427
3095
753
935
29
244
1934
257
2202
1678
1035
1984
492
2431
516
596
299
1009
2570
1976
2286
2817
2518
1087
2198
2101
2267
2334
1578
731
1071
2050
1236
1484
2722
3192
112
2752
314
48
2616
164
986
2841
1056
855
2088
3126
1294
735
15
697
2206
405
233
215
941
2216
1820
462
539
1063
3156
1325
1717
2838
3272
1946
2070
1532
127
949
274
1467
601
2534
551
439
2930
1575
1544
1262
2958
2181
325
541
2229
3259
2637
782
2233
6
1116
414
2912
1125
2441
1246
2477
1199
958
538
169
220
2982
2466
1725
469
1610
3024
490
329
484
2317
2790
2885
2077
545
3269
2497
239
423
936
55
2652
2115
487
1444
1933
1123
2902
829
1979
2433
1932
737
923
1108
2340
3045
2359
1814
1773
921
1557
2868
2845
2908
2739
2605
2673
146
3086
685
2578
807
838
1263
17
2020
2800
565
2440
451
2953
523
919
552
2640
2191
2013
587
2956
947
1015
1014
335
905
3063
671
2093
690
1299
2412
138
3076
733
3213
1749
120
7
3249
3185
2782
2881
1811
702
1968
1300
2821
2171
1848
3023
2111
1471
223
740
1245
2113
871
330
2810
81
2900
1085
2653
2382
932
2888
2504
421
687
2592
568
1120
2670
3018
27
2728
2533
1390
2486
2935
2778
2638
3184
1859
655
1794
2325
1109
2167
3232
231
1866
529
1306
1630
1768
1269
2284
1743
641
2297
3121
1689
874
2455
2853
134
1220
2472
1354
2102
358
1619
544
494
47
2689
1649
1440
1495
123
3149
2228
956
1765
2031
632
3053
1542
638
873
805
3033
1548
1259
2624
886
2338
2300
1350
1366
3134
699
543
1214
571
440
738
603
2694
2320
2586
1912
1349
1801
2235
178
420
133
2726
767
704
2764
802
889
1378
143
2755
1367
729
1729
1433
2690
2059
394
1139
248
1034
124
1927
2212
2450
2798
74
589
1698
1719
2242
1219
1399
265
2813
1420
2079
1110
258
1278
2515
3199
406
1783
2872
2767
1713
1620
1327
2378
2927
141
1126
2138
2932
85
2602
140
2719
1724
1977
1476
308
496
270
2126
1053
3019
148
1419
1228
3077
1599
2779
1371
42
2886
3136
1036
1900
3047
2851
1203
115
2844
557
1322
2763
1966
894
1894
35
1037
1054
856
930
2003
1132
742
2849
2401
2464
2546
2083
1951
1694
2374
1030
3273
1231
1150
1898
1475
649
471
1517
2295
1465
3032
1180
457
2446
200
1781
2966
2175
2659
2187
87
229
2976
2034
2033
90
1940
987
172
715
3000
54
717
2260
1655
1103
1712
486
1157
1179
2266
1144
2509
1952
2789
57
252
2423
1989
286
2802
2163
1408
1461
1770
1888
1026
3039
1102
1511
1134
2276
892
2786
608
1841
1370
2094
1540
1868
1168
844
1100
1687
826
2890
2692
1122
999
2969
2633
2600
14
2514
3168
3198
416
2494
815
379
1032
2241
783
2808
2916
2385
2839
1450
1589
1221
343
1127
1607
2021
3180
1895
2244
28
832
49
1554
166
990
1070
2896
11
2273
836
201
1516
1001
662
1235
900
2224
2150
1279
66
2439
1392
3062
1681
2648
380
588
1813
2140
2903
2278
2599
2554
3020
2114
851
1323
1695
3245
1906
1556
156
2496
2426
180
2805
1953
1012
2603
2485
18
1639
154
1736
2917
2918
1680
31
1857
2303
1489
3207
885
2506
1826
151
2559
1066
3172
883
585
2068
2231
2037
514
2757
2846
2473
2292
1332
535
2987
1657
536
2500
1252
135
1588
1258
968
567
1080
839
2815
327
38
779
768
393
592
2748
2986
640
1806
1587
1445
268
860
1834
2740
2977
3252
1550
382
2519
3240
2199
2370
2471
425
1721
2598
2264
606
701
111
2333
1047
747
1079
934
2991
2011
2708
1755
102
2314
2247
2502
2716
881
41
2366
2964
2092
2608
1101
3161
1595
2931
2180
493
415
2883
1937
1986
1594
2036
2061
712
2055
583
2373
2938
784
2039
1546
1684
2768
2272
2258
513
1552
2161
3048
2529
278
682
1217
266
1172
2787
1623
1058
389
1092
1307
3038
2335
3250
1094
2681
1939
817
321
634
303
3247
2296
2811
630
129
778
1651
2172
2997
1586
931
3152
991
2649
653
1218
2200
1852
1124
627
2720
88
483
1368
2042
1411
696
2993
3176
2537
2704
2142
2019
1790
1031
2857
1747
1470
2230
2330
1398
1871
213
927
2419
3015
158
1422
825
1075
3162
1064
2575
2730
3196
716
600
1173
964
2963
2315
971
1104
1326
2310
3163
95
96
2390
1250
1004
2301
879
2924
427
2210
240
1974
1808
2239
1961
891
219
691
1883
2179
2629
2612
2829
1373
2665
3017
1675
2747
867
2769
445
1335
1154
1566
1409
269
1434
754
2249
1673
2625
2275
3013
705
996
1835
2558
744
311
1531
2658
2447
2257
76
2125
2893
194
1580
477
157
2823
2213
1196
353
2316
1230
3144
824
456
1523
2053
1504
1443
788
2289
1403
621
736
2895
376
153
3150
224
787
1775
527
2364
853
1867
218
3133
2723
3143
3209
978
1088
320
2555
3008
1006
2089
2457
1352
418
1194
2277
820
755
136
1282
2352
37
703
1545
694
39
537
1492
1582
1238
2547
1882
594
2875
1271
2001
1459
657
2759
1907
1664
110
1007
582
249
2064
2824
1786
1618
1289
1237
566
91
1625
3068
1798
2162
993
62
951
1380
689
1788
3280
2358
1860
1537
3251
3177
532
1293
1033
2626
615
1843
3054
1754
3021
1241
125
2742
2647
2698
1152
2595
2100
3142
397
2261
553
1641
1097
1074
2745
2072
243
2005
918
2290
107
1864
2639
1644
3212
2298
1795
1227
2869
2618
2481
63
666
791
2520
1872
2631
1146
2081
890
1442
2591
3239
522
1362
2557
77
2311
2835
614
2418
1778
2465
955
2685
663
2773
3148
1381
1426
2060
2221
2182
2392
1344
1303
1592
498
2456
2388
2016
1597
2356
618
985
1165
2589
271
992
478
1853
1359
1301
2432
2535
952
2091
2152
2331
810
3211
2809
2741
1084
323
828
903
2017
803
328
1081
2243
2973
436
1178
1817
598
3201
3265
1401
512
3088
1163
2451
2375
1913
108
419
396
2274
472
2098
1013
1003
68
1377
942
569
3073
2709
2097
604
177
2675
230
2582
789
1456
2208
1529
2478
1632
2834
2542
629
1479
2657
1810
1652
1501
1209
1539
2981
593
1702
1438
56
1971
59
1708
2214
1435
940
187
2825
2148
2974
2052
2463
914
2448
331
2488
1543
863
2223
2240
773
1453
426
2004
3200
2184
2876
1779
144
1309
3066
1330
2984
2812
363
2407
2774
1745
1850
2989
1716
849
3091
2983
1637
1591
1285
1436
1485
3089
2736
1257
2701
1690
1503
2770
1838
288
1002
928
2109
193
2014
1302
2574
3105
852
5
3151
371
391
1877
203
2000
1491
444
273
2454
1142
1901
214
2538
3206
613
616
3011
739
3065
1676
1320
2753
2194
684
1833
2697
741
756
974
1564
1505
1683
2237
2819
2002
1105
3087
1156
3279
2288
3025
236
1472
560
2850
1870
3067
1197
669
1464
609
1480
2799
1845
2688
2724
1226
1924
1967
2321
2015
2569
823
2394
2151
1133
1950
424
1208
3110
659
237
1402
3155
116
1885
3266
2828
1171
586
232
2874
1425
2030
20
2345
1522
1631
628
284
117
1527
2255
1186
1608
678
1500
745
1865
3225
3217
2588
2594
1640
988
1614
298
1555
1117
2756
1923
1962
667
3084
1574
1364
372
1909
2384
2131
1970
106
460
943
700
2995
570
2771
637
3051
1846
93
811
797
862
1048
212
1395
916
1407
70
3115
2957
1270
161
876
3010
834
960
1424
2604
2576
1851
652
2048
12
1728
750
2269
911
431
2337
2862
1356
722
1720
360
709
2227
3099
846
1187
369
1666
105
242
515
78
1276
1972
801
506
963
2972
1559
2147
1955
1889
2944
1211
2075
2348
1925
2678
24
