2606
2458
970
83
1163
2939
1358
3235
1232
1195
2415
1044
1294
1893
3017
903
1767
1400
52
1091
905
2019
1793
1688
3576
777
768
150
2630
2430
1266
131
2844
2418
790
2898
2161
405
1357
237
227
972
25
2478
2420
1346
1665
2655
2553
390
2447
1284
3344
3163
2904
798
835
831
2378
1215
1984
1931
190
2756
2647
115
243
2763
159
338
97
1493
2777
1525
3308
2372
1209
1286
995
1101
3081
274
2253
471
2652
366
376
2581
2084
892
2256
393
2443
2588
1020
1349
2473
1110
1997
1983
2731
1553
3556
1920
1328
950
3521
2905
1621
2270
2187
689
1350
3007
949
196
1574
1968
2592
1367
2940
2085
2120
427
2668
2181
599
1645
2866
3555
1956
1998
3382
1043
890
3562
2035
2524
2599
2321
3002
1639
1295
3249
2557
1098
2150
2697
863
2624
1149
277
968
2881
1622
3392
1199
623
1197
2753
2654
577
1970
1212
2348
1129
314
1629
687
3030
2802
545
191
1386
2097
3109
1539
2309
2495
785
2045
1089
2093
3443
3171
470
2516
1075
118
2834
1024
1162
1552
2375
1919
347
2070
606
2366
2718
620
1443
564
711
2822
440
3068
3180
151
1444
2977
1993
1830
458
1691
1693
2334
1799
3064
85
2231
3063
875
1473
2201
1643
552
2413
1396
272
830
2395
1900
2651
3583
2297
300
2460
2204
1387
3153
2976
1128
2686
1099
833
3341
1448
2159
2440
2611
2901
1191
73
3380
2825
1130
256
764
2134
3356
1885
2148
1786
1236
3551
255
2147
1402
2823
1778
349
2052
1143
3373
727
811
3381
3499
177
1803
926
2273
676
68
143
1785
3502
2009
539
2926
1631
2912
702
1461
1698
2356
3267
1768
2633
140
2712
74
6
451
3401
1828
1836
2755
2437
1384
935
3075
331
117
1450
818
86
3542
2967
2398
2406
2980
449
122
3280
1460
1259
2609
3532
116
1585
509
2082
2394
3107
1382
2583
966
2766
2876
1453
1658
2463
3546
2845
2727
375
1205
519
123
2541
3197
613
630
2452
2710
923
2361
1748
439
1832
2864
592
2729
1379
320
3176
3364
1480
2897
2371
904
1872
2919
3204
2638
786
3129
1407
1482
847
1947
1139
3060
1155
1987
325
2889
1332
1177
871
2862
2814
2350
1578
1304
260
193
1374
2888
1262
3143
2613
3457
1833
2867
2639
3025
1754
3206
2021
3303
1424
1715
1244
2322
318
240
779
2662
2083
2989
3529
2170
3154
3424
1436
2564
3152
2001
3515
1183
2167
3296
1755
3168
1798
531
431
2559
10
1416
2145
282
858
3346
516
244
848
2186
2488
1712
1566
1551
2026
1967
3413
3406
2301
442
3290
860
1427
389
3522
2692
3061
1279
127
1468
523
89
3333
3407
1410
2004
3058
2603
2225
378
525
36
3488
2993
912
232
2307
1883
2617
2171
2745
417
2369
3056
775
2631
3042
1759
2849
2983
30
3582
3444
3332
1906
717
3567
982
2937
570
1001
2111
759
502
737
2287
838
936
2386
137
3258
726
213
699
1729
2017
1669
3255
3572
3554
2410
2843
446
2112
854
565
1164
2860
2679
1657
1978
1838
2324
1097
1580
374
3493
2618
364
2748
2997
1804
3062
1419
261
1891
1653
1960
867
723
940
1057
2351
3351
3149
2842
2185
2055
296
1426
2461
1589
1337
2314
2650
1689
3325
2080
3509
2493
1915
2778
1955
3422
1179
1206
2390
3307
2616
2230
425
146
2882
450
1062
379
1560
3465
3564
1579
627
2433
2257
814
1582
1556
1227
1889
930
3096
1441
3286
435
3570
170
2974
986
2310
3241
2497
385
1306
3166
555
1132
1002
2788
1489
964
494
2586
1208
1709
3309
1685
616
206
1222
1202
3158
2468
594
3418
268
398
857
644
345
1293
468
2767
1936
92
1087
1514
2240
3097
500
753
37
1680
1287
1422
1859
2920
1724
3458
2025
2992
1961
2274
530
667
796
1839
3162
276
2277
1992
1881
2027
1635
658
2044
3399
2266
2024
47
595
685
898
1637
828
2332
2417
751
1307
1679
3221
2770
2156
1740
2746
2970
1938
645
2892
407
1964
1335
2740
1510
1593
3259
3240
3164
1217
66
424
2863
2518
1884
2810
752
2451
1522
716
1873
31
3518
2554
337
512
1032
1
3319
575
1391
3252
2719
2780
1673
1990
2247
291
2500
1364
1816
2412
735
2132
2685
194
3084
253
728
2945
488
622
1015
1535
3283
1708
3217
290
3472
211
307
1706
1027
2487
225
259
2806
883
1269
369
1216
2768
2169
2207
1277
2151
3447
1558
697
1843
1079
3415
2964
2935
373
1017
365
1376
444
3268
487
985
1710
429
865
1801
2426
1421
2393
562
3402
1796
3236
1003
712
2886
680
2560
201
979
683
454
463
1064
2835
975
1882
1223
3132
3199
1694
3436
3225
3467
3177
1345
583
2123
2470
3146
1073
877
2411
3147
355
2996
167
3525
3103
788
241
2335
486
1918
2341
2916
919
197
1007
295
2455
2404
335
3563
3466
1946
1590
3232
3340
927
2113
1257
1331
521
1173
3495
2522
1325
1862
1991
1113
1488
1626
2002
2684
447
173
2199
2717
3218
619
2597
1760
2308
3484
2048
899
1339
2772
2680
1717
188
971
3506
142
2861
2235
1311
3500
2312
1512
2399
808
1451
3106
1788
2590
346
526
3496
1568
3276
1655
1133
1156
568
340
75
1366
797
2195
1663
2894
832
2344
3069
1951
2829
2397
1745
3524
2179
3528
3282
2775
1415
1648
2757
3057
2607
183
532
2385
507
1599
2163
1963
2986
3371
2543
236
1354
2107
1855
3557
2853
1263
27
1733
1675
202
758
1901
674
705
1401
406
1249
1479
41
3157
2563
423
2203
1255
520
252
1569
1921
326
1117
2241
1711
271
2540
3079
2789
2705
701
745
59
639
2318
2347
363
1189
181
2209
452
1607
2769
95
1874
76
2525
1327
1485
2923
3024
223
1095
419
884
1935
157
2345
669
631
2133
457
2384
2353
1296
533
766
3390
2096
2689
1973
1818
245
561
730
3139
3357
2537
1258
476
2286
1083
2534
1666
317
2374
3044
2678
1080
3342
3298
784
2698
1853
418
2930
769
1549
2109
1548
3329
2612
3383
208
1762
2129
78
319
3244
466
3533
3331
1124
846
934
1438
2669
634
2779
1009
859
2039
1744
566
2022
2878
2422
3581
2614
294
654
1135
2856
3009
1256
886
3110
2635
3165
1180
2533
2944
2709
88
2349
1280
529
386
96
2108
2681
2050
2305
1432
794
1948
3469
1603
497
1411
3445
2653
1575
3537
681
671
1496
3428
3498
600
1876
217
2799
1252
2865
3315
874
2222
2918
924
1660
280
1029
1602
789
3223
2190
3464
1161
3318
1753
731
14
2936
961
1719
2728
973
3291
9
1664
1834
155
2682
2723
141
2902
880
3054
1686
2076
2137
388
1954
210
394
2956
947
944
2291
2020
836
2566
1016
1090
3491
515
2587
1528
1248
783
1491
2803
3013
2062
1695
1988
2482
994
2928
2142
1281
3073
591
902
872
2078
3362
3571
3265
2409
962
1705
22
219
1138
2290
1654
3305
1690
3151
1204
1562
2536
1547
1371
248
1144
2015
1253
2136
1026
1338
725
147
3273
1329
819
2457
1291
2243
1794
852
2708
3008
2765
3133
1734
1038
2271
2446
1604
922
153
580
3108
2545
2099
1523
1495
824
524
1403
138
989
873
907
550
2722
1119
1572
1905
3101
2238
2293
1114
2596
3431
164
3505
3192
226
1541
2782
837
517
2575
2130
799
1736
2687
1974
1274
2220
2121
1037
3301
3574
2895
1866
1375
1929
2576
679
1824
937
688
882
646
1820
2707
2373
3398
1045
916
2760
2879
2294
3487
1524
3545
3128
2104
1926
132
625
652
1151
2155
2036
1835
1594
3569
3070
1912
3122
2086
1210
1577
316
914
807
1937
1802
3558
77
2570
844
1756
1605
734
482
179
3264
2346
344
2183
136
2502
175
2010
1544
3302
1644
746
1428
2216
1813
2623
1014
1896
1766
1596
2492
3347
2067
1285
2824
3191
2877
1543
2251
1932
19
1214
713
1797
708
980
1055
793
1393
2637
1545
2177
1023
2690
691
2880
165
383
664
2801
1176
105
3573
496
640
91
1469
1727
3358
1442
1107
292
2462
1537
921
3198
1065
1533
3160
1000
1996
3430
2306
267
1701
2029
1928
3278
3207
3262
692
2298
3448
1049
3016
2139
421
1868
684
3534
597
1392
3182
2812
495
2532
3229
2528
33
3526
722
1959
2665
2105
2742
1025
1320
596
1743
1190
3014
1513
603
3552
2063
1595
3090
3316
1641
1783
3036
168
663
2178
98
2598
643
2671
954
3123
336
247
3295
1112
959
1846
3494
1618
2890
1506
1147
743
3078
2382
2887
1550
1764
3300
2942
2327
1390
2317
3183
1591
2504
1630
2396
1583
1930
2811
1977
3410
1982
656
2730
1808
2644
881
3092
2558
3104
618
2702
2910
2193
2402
2732
1943
2329
3006
1070
3049
641
2051
3285
2595
1141
3395
2968
3142
2031
289
991
1927
2517
3222
250
2793
1012
2885
661
2319
469
2117
2498
1084
749
3463
2089
1078
635
2796
2589
2423
1880
3386
3227
2874
1134
3408
2979
474
3010
538
1192
1781
3324
1362
108
3023
3150
1224
3279
572
2523
1178
1848
104
1518
3363
242
3584
2141
362
3015
1787
1527
352
2574
744
574
1092
3043
1409
1081
2016
2416
2106
1383
43
2735
1458
3031
2661
1542
2223
2859
2508
1616
1520
1118
2693
2481
361
69
1672
2280
942
1440
1700
2721
3547
2081
827
876
1185
1757
3456
2954
2030
602
1615
402
2367
1136
1563
2628
3412
2259
2759
1318
2060
1046
3368
3000
1413
885
301
1567
670
2491
200
328
2079
2328
2515
866
668
8
441
1330
3243
1137
119
2604
2205
554
1722
1979
1612
2750
55
2991
604
1890
2246
3387
3337
2364
901
2868
2858
978
1412
135
2472
2950
3141
1939
120
1454
1088
3441
3385
3442
2065
1969
2198
2716
2539
1462
3174
0
780
3482
955
1309
2640
3580
2790
2313
3512
2758
2791
2119
1463
2925
3312
1235
70
2594
2389
72
462
1511
843
1021
2659
1365
1060
861
2471
1265
1886
2505
2972
1899
1418
1538
2087
1795
2666
2711
3226
3256
2667
1826
3083
2041
2304
2444
3486
353
2837
1245
508
2585
2593
2694
2236
551
3093
1051
1976
2872
767
770
3238
3112
718
2069
1314
3361
518
610
748
195
993
2641
1085
3230
279
189
2550
1908
647
2342
1494
2387
1074
2848
2434
1684
1351
1196
2915
2621
2501
1181
1561
3304
3503
1226
2999
1435
2127
3376
3065
2053
1194
1902
1894
2166
1405
563
2152
2424
2210
1588
1779
2110
1809
315
2234
1184
1687
2893
3254
1534
1228
2821
1356
358
56
2040
2917
2032
1837
2
3359
3099
1554
341
1636
3098
1819
479
2215
840
1559
2601
2365
2619
1674
2380
1347
3214
1536
1047
3523
2006
2513
3159
1850
820
3094
628
1721
2562
3100
3425
2276
2787
1879
1805
1465
3194
3263
943
323
909
3072
2260
2303
2556
2899
124
311
3414
90
262
2569
3169
1030
3438
16
2300
473
1676
945
569
3247
2077
3209
126
2795
3403
1730
3115
3560
1359
351
2072
2184
3541
1581
372
2165
1584
754
812
23
3348
1290
3131
629
694
1146
826
2056
2636
2245
1677
3492
1278
1472
1519
3439
3
58
2188
3127
270
856
505
559
2958
1018
3343
3076
493
2326
2459
7
2512
5
1713
2869
2995
305
2610
2703
1175
1497
2164
1840
548
3201
1417
350
3088
2323
3514
547
2903
1867
149
426
4
2973
2963
2480
313
2927
489
535
3125
1999
1737
632
2330
180
1237
238
2800
3135
1678
2981
2454
1735
3237
113
281
1381
3511
1597
1031
792
721
1310
2476
1860
3489
1120
3032
906
99
1445
957
997
293
1865
2947
2908
329
612
1683
174
2331
939
2401
1111
1201
3248
1301
2224
384
231
700
12
1342
2840
162
209
3480
2088
2805
434
2154
51
284
593
1302
3053
1758
3210
2467
3317
2549
2521
637
3095
3087
3137
45
1399
1600
1502
3050
1668
992
2792
2520
163
18
1368
2496
1145
1011
1238
121
887
2943
1308
1670
2232
633
1790
976
3179
302
3277
499
1433
34
111
3568
3028
773
1887
1608
2608
2431
3575
729
2900
2173
299
750
3449
977
2764
1632
94
222
2338
2118
2620
2168
459
1414
2838
2442
2737
2781
3184
287
1040
17
1288
233
913
438
1699
2982
3433
1254
2391
3022
1898
2817
801
3175
851
356
112
1646
3530
690
3224
490
1763
1268
1751
1425
3474
589
706
235
1515
2720
3211
1825
1962
1720
2670
741
2836
1221
1452
1958
587
879
3287
1466
1649
2527
20
1761
1942
703
1697
3261
839
2573
144
2762
1459
1728
1154
1054
1483
3203
614
254
1446
2477
2237
2490
1187
542
1174
1609
101
3039
3046
1267
3338
2725
1540
1892
3370
2469
2229
1994
1769
928
1247
3388
2656
1731
894
2352
2634
2261
956
864
2955
946
2208
3275
546
2003
2846
13
420
1681
2182
1989
948
2068
1923
1297
3452
1036
2071
1498
2092
626
1343
1586
413
102
3270
987
2672
11
436
3451
2429
2511
2263
2688
2807
990
166
3323
3476
2816
2871
3196
234
3138
2911
3327
1142
660
3144
724
324
148
2962
3233
1123
107
2747
1340
870
1517
2292
2018
1282
760
1271
348
3450
931
2494
2798
1972
1273
2192
1696
761
2333
1765
2354
93
1910
528
1953
2818
3020
1858
3427
2427
1152
736
1429
2125
2734
2272
1077
2428
1944
2486
3470
1529
475
1925
601
1682
53
172
2355
1240
747
1911
3478
2489
740
1193
333
1878
2852
2567
2007
1066
774
2831
1096
1509
3416
3004
1355
1624
3288
2736
3091
733
430
15
816
84
3029
598
3021
2503
3027
648
298
359
1815
2000
3186
2047
265
1726
2535
1289
653
2514
1857
952
2704
35
2507
2632
2160
998
2414
963
1115
2648
915
480
1503
71
2254
2197
611
1298
133
615
3012
1108
2643
2221
3459
3181
1013
3397
2421
1058
1052
3047
621
1821
1004
401
3434
1104
845
571
2282
161
64
3481
1211
1950
1531
264
2771
3527
2851
275
932
590
2299
2054
504
3033
1251
433
1807
2250
1940
3538
929
285
134
1864
1010
1852
1050
576
3471
2951
3446
720
2828
2739
2176
1667
171
2194
925
709
2677
1640
2551
2774
3200
3246
2615
1776
2122
3155
714
2506
1317
304
2965
1847
2138
755
1827
1613
3322
186
1587
1094
2102
2578
1385
2673
218
1360
2283
2339
1082
2316
342
2726
3455
2435
3483
2783
239
3266
1059
2098
2929
3188
911
114
3475
2969
1941
809
2279
1218
1957
1439
3231
3519
673
1934
1270
266
1714
3185
1620
460
1913
2213
2013
1056
443
1800
1606
938
2211
802
2629
2008
100
1508
1431
2815
2987
686
2337
395
3561
2949
1933
636
371
2808
187
380
1430
1404
693
3360
2449
3339
2870
1455
1576
1829
501
230
327
781
1299
2090
3375
2724
251
2202
710
456
2714
2014
2674
409
896
2289
1116
109
3111
2388
309
2820
246
2957
2153
3026
2676
787
2664
1844
2376
2200
2953
464
1702
2368
3136
334
492
3234
330
422
391
707
176
2960
2733
2819
2531
3189
2568
1975
677
2776
983
772
1370
1420
1464
651
2445
1093
2252
152
1041
410
2357
1250
2466
106
3037
129
1322
3202
204
842
377
2075
2602
803
2552
192
3178
411
2924
1467
2441
3126
2542
1634
1166
2311
3089
2744
1504
498
3400
3435
2600
1492
1398
1333
888
2066
2043
897
2526
1750
849
1573
1611
2255
2408
2847
3531
2405
1917
3326
1171
2042
3001
1916
771
3349
1692
1389
3477
63
2296
841
1806
1516
1203
455
810
503
889
3077
1985
3396
2657
650
2425
2696
283
765
3124
38
2214
675
1022
2091
2577
1005
3440
3313
1348
965
2907
2785
578
216
1741
778
908
3453
2931
2701
549
1773
1747
1213
2191
3504
2116
695
1995
357
2946
1904
2975
3544
1652
1153
2144
360
461
2453
3048
2038
2913
2510
2906
1555
297
3019
2850
273
543
3167
967
1397
1895
2914
303
3311
1651
3080
2884
1102
1903
229
3334
3378
1103
1601
1771
2059
732
156
1792
3120
558
467
481
1182
1225
672
1861
2011
2174
3260
1231
2547
3272
655
2773
50
665
1303
609
3085
1952
1869
1650
2131
2143
3213
3121
221
2028
1336
969
3460
1642
1638
3485
472
2809
573
477
1477
437
917
1784
1186
719
1500
215
1662
3423
2499
2484
2509
128
3559
2988
3219
996
2379
3536
2005
3195
2392
2715
1246
678
1856
1791
32
392
81
1704
3405
453
1897
3352
1324
1157
3409
2706
2095
1505
1718
1243
2464
2320
367
2749
1499
3055
445
381
2432
960
1437
3208
853
1530
145
878
310
1207
339
2832
2023
1501
1907
2961
3086
2267
556
2049
2883
3173
465
704
1239
199
2565
1671
2738
659
2741
2784
638
2948
3310
514
2438
110
868
2362
2994
2786
2275
1481
2248
2262
1716
1292
3417
224
1822
541
2126
3336
511
984
3005
408
3377
387
2172
485
617
1476
1487
557
3566
869
2439
3119
1086
3041
536
2675
3354
1617
585
1033
382
3140
2450
1305
2381
2189
1814
42
1752
1378
1723
24
3205
1570
2971
3011
396
527
3193
1039
581
3145
1233
125
1312
3038
428
2642
3102
522
2622
2265
3066
228
1150
1614
3245
203
3426
3156
312
829
184
2797
2529
2227
2921
958
1148
1264
2269
605
308
513
1434
1656
2751
3345
782
87
2959
1659
2548
951
920
1490
1703
1122
1334
3490
1770
3216
893
1780
2034
588
269
1165
2896
2340
2284
3374
1782
3539
60
696
2978
1159
182
2383
3299
1564
1321
3548
62
1276
3391
1315
1875
2295
207
1633
1377
3578
1072
1909
3461
40
3501
3550
738
258
3468
332
2212
370
3462
2094
2336
2804
1470
3508
2754
3134
1169
825
2115
2626
1707
2909
1035
65
823
1219
1484
1870
3117
3328
3161
1406
3429
3035
2218
3535
2302
1053
1283
80
2933
3420
3067
1949
2649
1749
2233
1971
54
1319
1823
2605
1076
3294
1914
3281
2140
800
900
662
484
3579
1170
2830
2242
2855
3553
2941
1160
403
2157
1851
448
534
2057
2683
48
1168
762
1042
981
1172
3577
1742
3520
3330
1661
1981
850
1457
2101
855
2833
1068
2281
2456
834
3306
2359
3507
544
1945
3172
3540
3320
2149
2932
1158
3253
862
2658
1121
1592
2952
2465
2217
321
2475
3367
1361
3293
2625
1557
2691
1408
3018
3335
2226
3190
1372
2519
3239
3051
322
2073
1242
354
1341
642
1275
397
624
1877
2244
2058
2985
1061
2325
895
2403
400
1034
343
1071
3365
1241
2538
3228
822
169
817
3355
198
1980
3289
263
1922
804
1565
1109
540
1272
2158
2646
1363
1019
999
805
2761
491
2794
1127
257
1546
67
763
3366
2873
1811
1619
1810
1229
1725
3105
2984
2146
2571
399
988
3274
2966
185
1863
2285
2180
2419
3130
510
1423
2162
1849
3187
560
2128
3369
1831
2938
57
61
3297
1627
2377
1732
756
3517
220
941
657
1471
2288
3510
582
715
1532
1063
1388
1521
3284
1353
288
1323
2561
1854
3074
2228
2813
1474
2370
44
1125
2315
3116
3321
2448
2400
1067
3118
139
806
1447
1220
2061
2579
1774
1198
1373
3454
1789
3421
1571
2827
212
649
1105
2645
1486
821
306
1167
1610
3432
682
29
286
3251
1456
776
2663
2258
130
154
404
3565
3045
891
1647
2990
3411
3314
3497
2135
28
3384
49
2544
2046
1739
2124
3113
3212
2591
2103
2627
82
2363
1234
3269
1008
1966
1352
21
3394
1300
3292
795
2360
2358
249
1777
2695
1380
2891
1507
742
2479
1842
3404
3170
46
1394
2752
2074
918
3052
2922
3215
1395
1965
2700
1316
953
1924
1628
416
2485
815
3242
2114
1817
757
3419
2474
1069
2572
3271
414
974
584
739
933
1028
412
1772
1475
1478
2546
205
2037
3148
1230
2219
3393
2343
3040
1188
1260
2580
2278
3372
1598
3350
1261
2033
2064
2826
3516
432
1738
579
178
698
278
2582
2934
2854
1871
2268
2998
158
1006
3353
2875
553
3034
1126
3513
2206
1344
2660
3549
2699
2100
1326
2841
608
1140
2264
2530
368
2239
214
1888
567
483
3250
586
607
1986
537
3220
1200
2175
1131
3479
2407
103
2743
2857
160
910
506
79
3071
2249
1313
1623
415
1048
1625
3114
3082
1845
3437
2483
666
1449
2436
1841
2713
3585
1812
2584
3379
26
478
3389
1106
3003
1526
1746
813
3059
791
3473
1775
2196
2012
1100
39
2839
1369
3543
2555
3257
