3113
2687
2603
2533
1222
2536
4087
369
764
1432
2599
1583
330
2367
446
1783
1904
1377
2494
2046
3644
725
1768
2953
2593
2837
3235
241
3533
1745
2162
829
3885
3729
224
2431
2747
2796
1655
3818
114
1259
3877
3255
50
3520
843
2730
2836
3000
1415
2230
13
3266
1786
1065
1695
2424
3994
3251
633
717
3624
1033
2308
1233
1715
2580
2476
1964
2910
1172
78
2282
448
813
730
4040
2450
1893
3476
3628
1353
2030
3791
1992
160
111
561
3735
183
4050
2135
1427
2842
2563
2869
2632
1998
3323
1700
826
2295
1743
3711
3563
1619
2925
706
1290
3193
1376
1543
2934
2840
1393
2304
2159
2863
1014
2803
494
1747
4032
1479
3830
2388
3557
3013
3954
3423
2389
1325
3237
1173
820
3115
491
2412
1063
3002
1082
519
424
1538
687
430
2530
991
3919
2497
658
1808
2807
237
2644
323
2023
4079
4091
464
2397
3801
127
1544
2740
593
2851
3131
137
2095
3290
3481
268
3508
486
1326
3111
2700
3795
1980
3460
2578
890
378
3319
831
957
1128
620
1902
3764
3846
1699
4054
673
988
2609
2667
3395
2056
3555
4042
451
3911
2624
657
2642
3524
2380
1416
2623
942
3069
3581
3309
2765
2072
1035
405
2829
1395
3427
3977
3806
2706
894
2154
51
154
1608
3568
3354
1999
3208
3579
2326
2543
3602
641
870
384
229
3059
3432
554
1137
2257
2705
2905
411
34
263
784
2504
1591
1156
1018
1133
1461
3538
1442
1709
3075
1882
1208
1735
3594
911
842
728
3833
2791
652
396
1051
3478
1774
201
510
707
3643
3134
1275
1212
29
2940
1697
1957
3029
1968
694
3015
123
2059
3330
67
3052
3435
394
3110
4071
1868
284
3799
2679
3973
3047
1833
3827
634
919
2195
775
3640
1031
1746
3543
3147
2080
2861
3664
1765
2489
3156
2178
3516
868
2493
2839
3874
1301
2316
1613
1021
514
3759
937
2652
2094
2383
2440
2728
2561
1629
3383
167
97
1183
3498
3429
3896
1317
1658
3849
2982
3061
1268
1588
3496
1956
910
3465
1497
3611
3224
4078
3226
1039
3286
2408
276
640
2998
2238
2278
1
923
612
1954
1623
2820
3139
2368
2979
2286
4109
1403
81
4030
1081
684
1458
46
4006
662
646
532
1174
2587
2350
2735
452
2158
316
1312
4067
2689
270
2108
2232
3736
1508
699
1926
2423
3897
3172
1030
2534
1831
1184
2892
2421
1595
2164
1122
853
3621
469
3169
1829
994
615
1682
3407
1849
953
397
2027
2520
3575
1398
2197
1414
3411
1792
3207
212
157
1688
3842
625
938
822
3860
372
1358
47
3942
3681
2134
2181
2570
1966
837
3588
4047
2345
144
2276
3971
3282
3236
3852
3151
2004
1778
3597
2922
1995
85
2337
2188
2670
2606
2079
1775
321
3703
1672
2501
1567
2147
2648
1350
3004
3626
3220
3467
3304
3908
2688
1857
705
2449
3984
3513
3807
3782
2041
3447
3378
862
3450
1250
3697
2734
399
2339
1599
3227
738
3191
348
2655
2500
353
3025
1979
3140
2456
1955
3544
1157
1514
2810
1953
2666
2955
3272
2263
1099
5
2945
71
1286
2641
944
3138
2093
2776
408
928
780
534
3531
3879
3306
542
3122
1986
1385
155
861
3616
79
507
3490
1740
2287
251
3957
2885
972
4046
3656
3855
1752
1906
4015
947
1737
1114
642
3340
1949
2479
546
350
2764
2292
218
3017
1132
716
900
1419
2874
3870
2968
1500
3541
2833
2693
415
2092
1284
3694
1426
340
1941
1967
815
170
1310
438
3961
3043
2628
1462
3705
3376
3262
428
1725
3458
3201
767
2739
2122
2660
61
1328
388
2294
2933
4023
3092
2939
2400
3662
4108
2701
1782
1204
2120
3823
2406
207
3274
3473
3772
216
3263
952
3189
3231
1311
2672
1491
772
2608
1470
1921
389
3876
3530
1024
3851
940
2669
2579
2662
896
92
2612
2902
630
273
3983
3420
3348
1057
3569
2527
129
406
2899
124
2932
1575
3416
68
2098
1946
1739
1985
1760
2989
3352
55
1446
1812
1134
1423
3358
869
3774
1389
1272
1556
1332
36
3601
3922
833
2779
3332
3884
3213
3600
245
2208
2442
1888
660
3540
3393
1640
2872
1518
2010
2336
1417
1246
3142
2809
2519
243
3618
487
4069
851
1602
814
3528
290
852
443
3357
2811
3610
2091
3329
1755
4031
385
1677
2429
2251
613
3770
2805
495
2598
1617
961
1826
757
3862
2228
628
1285
3307
1810
696
2604
712
3742
1851
2298
3430
2008
1667
2437
1860
4045
2659
714
1331
935
3184
700
3146
3998
1127
3765
1234
1048
2981
623
1620
2341
2269
1460
2219
3070
1374
2036
3158
2002
1654
2272
2547
4025
2453
1054
1092
1883
2914
236
1776
261
1891
466
2014
1865
1935
2262
1448
2343
414
2359
2233
2022
2260
3655
951
3599
2621
2473
3552
2071
2371
4002
333
422
2746
2850
1321
299
2349
608
1216
1679
0
1339
2074
3364
1901
1894
1364
841
649
1884
1753
3422
3425
1383
2849
906
2958
2314
2455
2942
552
2296
1161
3962
3812
2926
1400
2683
3769
3793
2626
286
1215
3362
3275
3403
1540
1649
4070
3283
4084
296
587
3582
1758
30
1582
1327
2964
3808
498
1435
809
2815
3934
1165
3866
485
420
1581
4090
663
3850
1117
1793
435
3732
3137
3666
3883
354
3537
1401
1577
3627
1975
626
342
2354
2196
3670
2756
2855
3798
1603
2860
3367
172
3053
3250
257
1690
3701
2980
3471
1330
3301
2222
1866
1721
2572
1069
3468
711
3033
3484
1659
4063
2198
754
2671
1278
2812
2676
867
44
2467
3464
352
2804
1409
1601
675
1386
2417
1705
4039
3182
3334
1744
3960
3839
3797
3413
2993
2943
3645
2184
3175
355
708
1639
1167
2550
298
1666
1698
3436
1390
163
1185
198
955
1862
1848
600
341
2781
2217
398
1895
2126
226
363
3828
1502
1245
1526
1925
1140
3715
926
2906
3144
2363
3658
1472
180
770
2516
1766
2889
1660
2254
2871
789
2210
4034
2160
2499
3461
735
80
1239
2096
345
4022
515
3292
2927
1333
205
3493
1465
3401
566
2876
2346
1910
3162
2146
1633
2333
2268
688
1351
332
1542
90
840
1622
860
1072
2347
3535
1026
117
1648
2281
1939
3264
1661
888
509
2277
2105
2428
2485
2718
2360
1096
3136
3848
2937
2725
1764
2697
1708
1922
2000
3591
3174
3515
1662
3273
3060
3063
3499
1706
3106
2868
2518
2963
2731
2668
1642
2246
1584
1754
33
891
2226
1316
2203
2827
2107
2924
1847
3148
2757
855
429
3355
3009
854
2242
3486
2553
1616
322
3072
1046
65
2775
836
3650
39
2171
252
2469
458
2244
2062
2007
1365
1038
1763
1441
3058
3119
777
1561
549
917
525
1547
3730
1890
292
1089
3216
635
2911
3554
3536
3419
1230
1777
3682
3738
2558
1597
3288
3704
1838
1885
3164
2592
1413
1512
523
3223
1917
1408
4083
152
1258
3592
2509
3679
1483
2711
4105
3278
1558
4103
3523
3418
3661
722
1061
2908
920
3470
3276
1490
973
2169
140
2928
328
1279
886
346
3889
3756
3248
3270
2770
2951
3717
347
17
3402
3992
2168
3773
2798
3077
1701
1625
632
2847
2749
2907
2929
3778
1168
2780
2857
2293
3089
2018
581
1159
3474
1704
3398
104
3003
49
1974
1384
4061
1276
1559
3940
3999
22
1647
3734
3625
382
3777
1459
3249
1431
606
981
1799
2395
3926
254
1797
1950
508
1440
2548
569
2866
1487
3659
806
3900
2116
3014
1190
2568
2724
4009
2909
1294
9
386
1205
3399
2335
3084
618
719
2132
194
3163
1730
4107
3665
3970
2338
990
4026
3414
1852
1009
3062
1020
3505
150
3230
3143
45
472
310
2009
3577
1148
803
1123
1179
3177
1521
1522
416
1036
879
2078
902
2931
871
1555
2439
3149
985
1078
2165
3641
3917
2220
3517
3968
4060
912
1010
1807
2303
101
3858
2225
2207
362
70
1280
1262
933
3565
3829
2348
1345
303
304
3834
3024
1972
3020
2709
734
3067
336
358
1606
3905
91
3869
1049
518
686
3941
963
3633
2704
3199
3204
3333
2144
1791
1253
2677
1513
1349
3615
217
3821
142
748
3979
3281
467
2917
550
3190
223
3741
3073
2052
1236
2583
1951
3305
2033
2306
315
703
1105
283
4106
2176
3108
2722
1867
2682
3028
1287
1289
3944
2362
664
1571
2025
2051
4016
2370
3813
1343
3181
2878
3719
301
3584
2205
1336
2189
3085
1635
3100
3042
1796
2755
3762
1673
107
138
3890
893
2941
1495
1565
769
3504
2464
1256
3760
1978
832
1473
1012
2057
1907
2607
21
214
445
2639
2559
3321
3815
2647
1536
1240
1913
2433
1685
609
3938
797
1707
758
796
474
1028
2114
3768
470
3123
2236
1228
2814
1702
578
2512
2432
164
1281
174
810
441
3349
2801
1445
2665
1477
3031
126
2179
1055
69
993
3101
3514
1572
3356
2069
3256
2495
778
1656
4010
2565
1093
3491
3737
202
1391
572
412
737
4033
1645
3310
235
1835
2794
2209
2321
115
1846
1197
1243
2903
2384
934
134
3724
2115
1145
2255
740
3277
1692
2975
2875
3308
1965
526
381
2552
2117
2466
2523
43
2852
3572
35
291
53
2085
2040
3475
880
1770
1827
3328
3318
454
2884
2148
1100
1273
2327
924
2398
3463
3894
1870
585
3707
211
1632
1302
889
974
605
1920
4095
1357
2738
621
54
710
2365
2594
402
3152
3449
1425
1220
37
801
898
2783
2972
28
1214
1973
709
1171
1750
3722
2300
57
1344
1015
102
1557
3995
2769
2310
3880
1653
627
1087
3326
4093
1474
1067
3714
440
3693
2853
320
3170
3792
3431
2643
1821
2854
599
1880
359
3859
40
779
3439
887
1928
2773
351
2174
3394
1027
4074
863
733
3875
3985
2524
1451
1151
1836
3696
3071
3187
3672
1141
3466
1219
2379
2227
3365
2307
2340
2888
1732
3947
3539
3409
1244
3386
1486
2311
253
2049
3371
3342
567
907
3112
736
2617
3757
1790
3910
4014
3856
41
971
2611
4080
2795
2620
3240
2050
1019
3038
3526
482
2678
3109
387
986
2240
678
2401
3680
511
1624
2319
3933
2089
1952
3116
314
1816
1634
2602
182
791
2584
3861
1454
3500
691
763
3573
166
1942
3652
545
885
1818
2073
3074
999
3244
591
3346
2525
14
876
3986
364
3293
2252
3360
3410
2838
3748
2638
2
3093
756
760
3571
3382
528
426
2211
4062
3754
2772
1614
3674
3824
2712
3501
209
849
3400
1541
1282
2577
2443
3257
3205
3617
3720
459
2259
3173
3634
1874
2545
3519
3196
2206
607
1394
2020
1352
548
3622
3832
1153
2243
2574
1876
1480
2266
1564
193
1686
795
2405
184
1600
3980
1118
4049
3023
2275
3512
2031
76
629
222
1671
1665
2856
1469
575
3065
1382
2302
281
698
1428
1663
2058
2231
2192
594
602
4068
773
1203
3010
4000
1570
147
2182
2723
2973
2128
2882
650
1056
1651
11
4005
492
1397
2103
978
3776
2985
1467
2502
1267
570
1335
2492
4017
130
2021
2978
1373
3684
1471
1464
954
4043
1347
311
2047
3590
1045
1578
848
3303
553
1053
2309
3389
2015
3369
2012
1592
2952
1372
3320
1628
463
3066
3345
2111
647
2331
3959
597
1811
1948
266
3253
361
2846
1618
790
2949
1387
2695
616
3128
1694
1218
1664
2386
368
1050
4072
3198
2480
2488
1456
3725
2376
1320
3982
669
2605
743
450
3341
2710
2290
3607
2729
4077
1652
1283
2585
882
1587
930
206
960
939
857
1615
556
3438
3814
2462
3178
3472
1898
1859
3709
1103
1772
3589
2042
729
188
3132
1196
979
659
2248
2538
1111
421
517
1346
75
2129
1476
2566
1933
563
2720
3096
3271
3835
1178
2797
1820
1300
2125
1586
2741
88
741
3642
1106
99
3822
2784
3678
1519
499
1911
1052
2893
501
404
1531
3141
3176
2194
598
3214
1605
747
2614
1724
1900
3051
3783
3604
3873
3638
1017
1574
2841
285
3006
1424
2038
1299
2969
535
233
272
1675
2744
1252
3550
1839
932
2374
1112
3837
2249
116
2414
1193
1969
4056
875
1643
3882
1830
817
636
3927
726
220
72
2422
1354
1819
3819
200
2526
1309
3324
943
1919
3302
1940
818
324
2163
3
3632
232
975
643
3018
1475
631
2017
3989
3788
2055
1855
877
1636
1013
3327
1463
1468
3453
3556
4028
958
1938
3079
3605
2223
1266
1088
2382
1927
3654
1405
3104
3165
2173
903
1784
1841
1813
1147
2426
834
2258
3739
1221
230
376
2754
1340
1873
2457
3775
3510
2415
119
373
3180
692
1977
1630
3740
610
3379
2005
2629
2870
3946
1126
197
2743
259
3315
26
231
723
766
3981
4086
356
3903
3915
31
1439
1788
1363
3675
1689
689
3608
897
1360
2506
1182
727
3949
2535
3566
2901
3091
3238
2066
1560
504
2291
3727
2044
3700
3534
1396
302
488
2113
1225
527
1198
2595
661
4057
2385
1223
1932
3595
1492
2289
1305
3648
2325
1504
4076
3930
1687
2824
1180
3804
892
665
2758
1726
744
2045
576
1251
3901
531
2649
3168
2793
2221
1341
185
2938
2699
2835
905
2826
3212
3325
3452
1217
1150
38
564
3507
1125
1612
2947
859
493
3088
1422
3564
2792
2151
2212
3219
3967
1850
2713
1155
3974
595
3186
2726
4059
2475
3789
3210
2068
2883
2761
3322
4081
3728
1247
3054
82
1517
1315
732
306
3391
574
2732
2819
1098
2674
1984
811
3495
1761
460
503
1450
1815
522
2589
2301
3702
804
2481
1235
133
536
3469
3492
2267
2848
162
3609
1785
2377
1553
4104
956
1410
1719
178
1003
2016
52
3056
1676
425
3351
2961
280
2991
3529
4097
2328
2658
962
64
3390
2137
248
901
592
3135
1337
565
2573
2409
2881
1896
3657
3669
1976
367
2622
371
584
2011
560
1006
2742
922
2569
1068
4085
1566
1899
918
3298
3289
1576
645
2702
1548
1139
2413
2986
586
1834
1646
269
2140
1696
2498
312
1489
3920
1959
3895
1845
3030
1843
3107
3546
120
715
1164
3532
1670
2239
835
1717
383
1102
2393
3671
4018
196
2484
455
2650
721
471
2707
1814
2873
3094
213
392
3936
1545
753
2218
3396
3114
2834
755
1412
179
1488
1158
3027
2088
1923
1710
850
125
1550
812
461
1388
3863
1798
1042
294
3300
3580
1523
3331
2763
2567
2673
477
3103
672
823
731
2155
3026
3786
1319
2028
1375
1231
2988
3907
1929
3445
761
577
2785
3261
3790
2112
1107
203
1802
3246
1594
327
1580
151
1007
512
3937
2557
1879
1693
539
95
2081
1823
1433
3758
3313
3160
3635
2555
3159
4019
2013
987
4098
3763
2283
190
1257
3200
2556
1177
2357
2035
2247
1025
1307
683
3809
3547
1144
4024
2199
2618
992
1263
1533
2445
2322
3752
1008
529
1209
1136
2549
3016
3068
2043
1162
819
374
865
247
1269
279
1406
2818
3456
3948
2636
305
153
1861
2419
3316
1596
3840
2894
2750
2332
768
2458
2187
742
2101
2788
2496
370
2076
2323
949
2447
3046
439
3211
204
3483
3780
110
122
749
2378
77
3446
3587
1905
1447
3567
3225
3718
360
4088
596
1733
1004
838
1086
611
4011
2786
2305
3847
1314
4073
1960
3932
4092
1794
2539
1135
1169
93
3943
1060
2571
1023
3921
3794
2859
2271
3561
2680
530
242
3502
453
2762
87
191
1853
2352
1989
2102
3868
3923
2582
3887
562
3598
42
2970
966
1040
3955
524
921
2460
679
3380
3893
2141
2957
1669
793
2366
208
3975
1993
516
2256
1962
3746
1485
2201
2576
2900
473
3912
3117
1146
2896
2083
2026
1509
3437
904
2364
2373
3914
4012
601
3127
872
1780
666
3455
2634
161
171
1943
3167
307
2472
2703
555
4075
1255
3373
2862
816
2375
762
113
1176
2477
3878
1381
2529
3412
2919
1641
2299
3881
481
3372
2799
2104
1076
1529
1293
2487
557
1510
1254
3055
128
317
878
2521
3076
175
1936
3241
3121
2923
3687
1530
2090
3459
1085
1163
2224
2202
199
2483
24
2887
339
1071
2123
2802
62
3494
1306
2586
1370
1524
619
1129
792
1166
2698
3548
1187
1683
2615
3082
739
417
1199
2318
3202
3639
141
925
1593
2544
2253
3312
2808
3297
2936
2229
1113
3039
2800
2418
1277
3153
3706
3126
2950
2694
2546
1520
1119
1970
2916
1598
192
145
3279
3784
3218
3713
2133
2685
2334
4082
3966
3803
289
805
2270
2320
1378
2434
1871
541
1143
1392
2313
3099
3011
148
2084
1291
3179
976
1002
3888
256
1116
2390
2830
3268
432
3906
2166
2054
2490
2119
98
2551
1723
20
3359
2152
2778
2946
23
1800
3593
2514
465
4048
2241
3243
537
3692
84
2967
189
1329
1304
58
1484
681
3350
3527
169
808
3668
1637
3964
1494
258
3377
547
1399
1714
1271
670
2265
3988
637
2508
66
3049
3695
2491
3183
967
112
2131
1804
3375
2962
2213
1070
1515
2646
239
3145
2954
3710
2845
3996
3339
3997
3295
2651
2468
3479
2353
4102
1402
287
462
718
1886
2528
2136
1931
2097
3560
3489
3511
3542
1779
3497
3171
2879
583
3913
2691
807
3723
2944
1937
3677
693
3924
2664
2590
1863
3653
1762
3477
1097
365
1334
1202
447
4041
1856
3291
3426
132
490
1074
159
1075
3105
856
655
2613
3987
2142
3698
3118
3928
2124
3811
690
250
1367
2898
2976
2037
1912
177
2130
409
1825
3619
1369
1453
3221
1817
3336
3630
3751
3570
2191
86
701
3525
1149
2708
143
1915
941
380
349
2990
442
824
3886
2727
1554
2974
845
2745
1881
3192
1981
337
3731
883
2627
282
1872
3366
1189
783
1175
3733
2330
326
704
1507
2420
3898
2024
1806
215
3335
3708
2351
135
1248
1875
3387
2564
2156
1261
3586
1579
3958
927
4094
2100
3899
3596
3247
2392
2039
1527
579
480
165
2935
697
2237
19
338
2541
1298
3578
1963
909
2886
1192
3012
895
3217
7
2175
3755
3836
3083
1499
776
4021
83
506
846
3551
1079
3457
2138
27
1265
839
2633
1438
3434
1355
538
2284
3239
571
2391
3753
1154
3424
3939
771
3647
309
1756
2921
2001
802
3558
2214
3721
228
2312
1066
1703
3771
4027
1043
1260
1429
2562
1274
2118
478
915
788
4065
588
2768
2904
1945
1678
419
2880
3284
3699
2959
3805
864
2180
3344
3845
3150
449
1590
2823
2645
3488
969
3353
1131
4055
1170
8
187
1318
3388
3925
2971
2625
1186
2531
2806
1668
1338
109
3130
1781
1889
2185
3978
995
1551
3673
2736
1961
1864
325
3796
3800
3428
3370
1516
3034
2153
3838
1681
3285
3480
3623
1443
2920
1997
654
2864
3048
1795
913
3613
1609
980
1242
1837
798
267
3716
3228
667
3843
2441
3965
63
2482
3766
3044
3620
998
335
3133
457
4008
1822
2714
2063
1842
1552
3154
1731
1532
3035
1229
2149
3872
648
313
1589
3831
873
1213
1759
277
431
2690
2060
3857
4001
2560
10
3081
3781
2630
271
3689
858
2782
2186
3820
4101
2503
1124
3259
2167
300
2996
395
3767
1407
2999
391
1444
1016
1528
4064
73
3631
2474
3421
2172
318
2575
750
1226
2404
2064
1718
181
1994
500
265
427
695
3102
2170
221
2279
3963
1152
1909
4020
2542
18
3269
2992
219
3637
1288
746
929
558
4035
2960
2631
32
1711
255
1366
1249
496
2591
3314
158
1323
2983
2817
2597
3545
227
946
3254
3267
2522
3124
2355
1160
3245
3993
2183
3462
1511
2737
2465
2048
502
3871
1478
1090
1241
3361
1080
1742
3050
3646
2216
3280
3825
3040
568
1982
1568
1869
1224
639
1359
3950
3606
89
2369
3440
3064
2297
94
1498
1200
1604
2461
1101
3287
2890
121
2127
984
3553
3296
479
3576
614
118
3685
1712
2394
2767
329
344
2867
2264
787
3229
400
2344
2478
1368
2177
2444
1322
533
3195
2451
2581
1379
1983
1840
1535
379
589
2470
3935
2342
2515
3522
3294
1903
827
12
2077
2486
3392
2109
146
195
3374
2721
1380
590
156
1000
3686
2554
982
3562
2831
1064
2285
1059
1044
4013
2787
668
3972
4
210
2997
16
4003
1680
3683
3787
3853
2425
2684
2912
1713
3433
1887
1348
334
288
3233
3444
1736
1801
1095
2915
3660
343
3744
3817
2995
1505
3406
2753
1607
1958
2821
3636
3844
2261
1924
3405
2510
1930
444
3976
3095
246
3299
559
1130
2086
2891
2402
3865
551
3021
3363
2844
1787
2877
1738
2061
3188
2381
682
622
2858
2250
513
2032
794
278
2716
3904
751
916
2843
484
377
1716
1496
964
4096
540
1342
3242
2435
423
3649
1691
3916
2956
2110
2053
2358
3260
3120
2082
2193
106
2865
1421
2361
2106
2994
2640
3951
1722
2675
2654
1001
3918
1455
825
1047
3810
2438
2274
1611
821
2600
759
3761
1457
3087
96
3929
2075
3185
3485
2143
3785
1610
1990
651
1083
6
3041
1585
3005
3503
914
1238
238
3574
1947
680
249
3007
1684
3417
48
4004
3779
2816
3747
1109
2087
3022
173
908
2399
781
437
3415
2832
874
2454
2411
1032
497
1674
1749
3726
2190
3442
3745
844
1210
2121
2601
2948
2696
2446
2471
3129
3816
2966
390
2789
1308
2280
2288
1789
4100
3583
2759
2329
1644
2204
1296
785
3125
3203
3252
677
403
410
799
2273
720
2356
1493
2034
950
2965
489
108
1506
931
3506
1313
2215
2065
1115
1207
3559
1858
989
505
3258
1748
653
100
1773
2532
2324
3090
3155
3614
3990
3451
2596
1767
983
240
3549
1297
866
418
1011
3521
2930
1573
1944
830
3585
1034
1232
1631
2918
3487
4089
2913
2661
2396
275
2656
274
1037
1292
3612
948
1094
3194
3969
1194
1563
2748
2200
3956
3991
1727
2315
433
1481
2505
1844
1854
3317
293
2813
1621
1437
168
1892
2686
1569
3454
1805
2537
3945
1404
3161
1769
977
4051
2511
297
782
3057
1361
15
3750
1362
543
1227
2825
2410
1908
105
413
3381
3080
1029
3667
1142
2416
671
603
1627
1270
2766
2790
1188
393
1211
434
3338
2895
2610
4029
847
260
713
1005
580
617
1503
3019
1877
2150
800
456
2452
3509
1058
3891
262
2733
1138
1264
1195
884
3234
2752
225
2715
1303
3086
1832
959
264
3663
2099
752
3931
2760
1650
3037
970
1741
468
3078
475
1809
1537
1041
3712
3368
3443
3347
1411
1657
2436
176
149
357
2067
483
2019
1539
2774
702
1084
4066
3629
2717
2897
997
638
331
2372
2517
745
685
1073
186
2681
2692
3691
139
2616
1534
1626
1356
1638
4099
2070
2540
1525
1771
4036
2635
676
3384
3676
2448
2003
1916
965
3097
1562
2430
4007
1734
2619
3197
2029
604
1729
1237
1022
2387
945
1482
3045
2513
2977
1988
2719
1803
2317
2828
1918
2657
2157
624
996
1971
1295
3206
1110
2235
1062
3892
3001
1546
1751
3157
1897
3397
765
476
2984
1201
244
520
4053
3688
234
131
4052
3690
1549
2637
544
786
674
3448
2777
1878
1324
1371
3032
2822
1120
3337
3867
1430
59
1181
3518
881
3265
4038
1091
656
1728
1108
1418
4037
573
2463
74
3408
3909
1987
3209
2245
103
2407
3953
2234
3482
1206
1914
2006
1104
366
3036
1436
3902
4058
3743
3222
56
1077
2987
1934
136
3603
3841
3008
407
1452
2459
724
3385
2507
1449
3952
1720
936
319
2161
295
1466
3098
25
1996
582
3232
2588
2653
644
521
1121
3854
2771
899
3826
968
3864
3651
60
375
828
3311
1824
1991
4044
1828
1501
2403
3749
3166
2145
1420
436
2427
774
308
3343
3802
3404
1757
3441
401
2139
1434
2663
2751
1191
3215
