880
2961
143
2801
2141
1944
2830
45
1403
310
269
960
1727
2637
2546
451
1031
2824
1733
372
1263
851
1653
3040
2926
3165
391
1424
2819
866
954
643
766
1314
1051
85
993
1119
2486
629
3019
567
2312
3229
533
775
3118
823
2846
1785
519
2939
2879
742
1056
2774
2075
2733
2140
2277
475
3148
1398
410
1858
2332
1666
716
644
1054
2401
1675
2227
1236
1395
3067
1242
1975
1370
2772
2823
2758
3175
2208
1912
1573
655
521
699
2687
207
2001
1603
2780
2028
504
1369
102
2386
865
757
2983
769
1880
953
514
1569
792
2976
448
2354
2871
2280
1889
1529
2533
589
958
1697
1001
2914
2979
2938
2186
687
2342
2300
696
597
1517
1267
2013
3143
2353
1362
2531
2654
2097
2850
3263
2482
1357
1536
502
2032
1812
1651
1098
1171
799
367
1349
1745
951
2067
556
3056
2842
1149
1783
673
1672
2572
1483
907
2050
2762
854
249
2131
3058
2197
1445
1167
1038
3072
2593
1306
2577
1935
1894
3012
2988
1828
999
1080
2144
2027
2625
2981
2056
167
1829
2836
585
2241
1533
2917
1095
1008
1835
3156
2728
2302
1643
2106
2101
2707
2175
2381
2888
1701
2094
371
3162
3102
32
1052
618
1470
1473
485
779
2166
1144
462
2336
3048
1768
1262
686
430
2285
1523
933
2349
2717
3267
1400
2506
2601
531
1073
1616
385
2644
3116
827
1871
1204
3158
1335
627
178
221
1044
1133
3046
637
2351
1084
1615
2124
3221
1488
2941
616
2341
1440
2935
1086
1258
1849
2821
47
2564
3227
670
2945
1890
795
455
2263
3109
743
229
1816
1991
1883
2026
1715
2430
197
2795
2507
1787
2885
23
2170
1140
1885
2431
1352
2237
707
1609
2421
891
1108
1650
711
476
1882
3076
2505
2701
464
981
2463
2365
1817
1554
2521
2051
1702
474
2160
1966
1777
1843
1367
457
1089
1507
1471
1331
1067
3272
468
2965
683
845
2513
1128
1917
1824
224
1823
887
3103
2943
2928
132
603
3178
732
3241
3202
2569
796
1997
1375
2125
53
2388
1760
645
3253
257
2566
1798
1081
271
2548
2844
1552
83
288
930
3091
1489
2555
1940
510
3161
172
2900
2567
1224
2025
641
276
2446
354
1282
81
1922
2070
2158
1232
2085
596
2950
3013
2404
436
2661
722
727
2077
1624
387
745
22
2611
139
1825
833
266
2236
1185
1415
378
2297
647
1409
3016
801
1418
1559
3179
2876
2628
109
2503
2073
867
3181
1428
1177
2423
270
1439
1744
2736
754
2896
1509
2629
2058
3281
1423
2251
810
263
4
1257
988
3235
2924
724
976
3002
3225
1014
2626
937
198
1093
1312
508
195
901
2121
853
650
1794
2731
2159
2485
44
2292
2740
2725
2260
3020
512
2207
339
1136
368
632
1197
1359
3026
1139
849
108
2000
2065
293
3237
2089
2636
247
3061
1455
1614
2718
1568
1030
1004
2462
20
1655
828
456
1566
1551
2093
2576
2314
996
1191
182
459
1047
1656
1255
2155
848
555
1711
1933
1558
2408
965
408
1254
2
2200
1540
2777
1813
2651
3051
2804
124
3200
2109
24
2727
2488
1617
1350
3125
389
199
1103
3086
414
348
1198
2745
1776
1699
739
3215
1660
1960
1223
2959
1596
202
248
2122
2817
1099
101
3259
601
129
2181
1662
912
355
326
2614
361
2752
3142
382
800
1607
1725
2091
1729
2942
2571
2918
2634
3064
2919
2886
1195
469
558
213
2428
1040
3174
2229
148
2289
817
2120
896
1881
1261
2192
2563
3084
2161
1687
2371
2534
522
1116
1856
1564
40
2828
1537
3044
1391
104
1673
2554
337
528
1584
1461
1519
1734
2390
2827
412
626
560
2016
2557
794
149
2216
1809
1611
572
2389
218
3153
2920
25
1351
1640
3180
2007
2469
309
856
868
980
1343
755
830
1820
884
2971
535
1513
1210
201
2396
2509
1174
3250
1353
2873
2524
836
2434
2990
2153
2681
3270
2265
3006
486
2793
1117
2691
628
1490
871
1595
1862
353
1057
68
15
3184
2310
63
2432
344
1710
2510
1272
2081
2704
1042
3015
2072
1545
2679
1712
2249
1386
2858
115
1194
728
3024
2492
791
3049
2782
2860
231
1465
2250
2380
2086
550
2123
1959
942
2558
1840
2443
1678
3224
1162
902
483
842
2368
2290
3141
2419
1501
1
2947
987
233
2901
3083
1589
1467
2578
245
2311
1374
174
2982
262
1475
2818
1782
700
238
2046
1790
1059
649
1209
1827
1645
1837
1826
3273
2934
763
1581
677
1970
1446
544
194
1750
2949
1648
478
2022
1522
1235
1404
2226
2826
2442
193
973
1931
2518
2385
835
159
1226
3128
821
1211
3114
1888
2908
2754
222
3149
2076
713
2980
323
150
432
1512
465
2673
664
927
2998
1172
3240
1848
1743
1388
1452
2788
1356
2444
1456
2720
2838
1332
540
2966
26
318
3260
1797
2261
2880
2179
2855
413
578
2800
918
3236
404
2299
638
2276
895
388
2107
2425
3173
1946
1833
2234
1518
1321
2499
1644
2875
2242
1592
2722
1179
305
2892
2214
1078
2328
151
2559
1287
390
2441
2218
1085
2256
246
3135
591
1769
3264
695
1354
1307
2031
1669
979
300
2881
2580
548
3231
2621
2278
1557
1579
1072
2887
280
2757
1037
1419
890
454
2537
1184
42
1033
587
2195
2755
832
952
346
3155
2079
841
3277
505
179
113
3217
790
2116
2098
2321
2455
205
1914
1548
2426
826
672
2907
764
1560
2677
2433
1341
331
1009
729
1385
3189
2061
2549
219
1266
3052
1895
2402
698
1464
3001
3098
2020
1668
2891
2019
2136
2270
2215
2662
1158
117
720
336
838
1726
2878
2063
501
206
1800
3278
1921
1630
681
419
2995
2448
2633
883
496
96
228
145
1948
633
1277
1058
2587
473
19
279
617
1989
2132
2062
2182
1779
2996
1978
2595
3186
3216
1264
9
1311
1289
94
3
1583
3144
956
569
2387
427
76
1500
357
1703
2096
1202
2723
3003
2288
774
1901
3269
1808
3271
2607
2037
2133
929
1480
3196
1758
2083
3210
160
1196
1742
2594
2224
630
1814
924
1538
1097
1952
2272
2103
2104
1954
3150
2189
374
1113
2597
583
2615
1597
2956
1511
537
2710
740
3146
1062
2796
861
2262
818
2204
277
1947
2468
285
1868
3218
1142
1326
1945
2247
232
499
2647
3245
2254
1348
2134
2113
1390
2150
2650
1514
3130
2403
187
383
284
467
1887
1690
525
95
217
1498
3163
635
192
335
1401
2562
1629
2334
1170
1187
471
621
1686
513
3045
445
1175
3023
2911
2110
140
608
3160
204
99
2684
100
1670
1318
1598
1830
944
261
93
2183
1990
859
2366
1466
651
2206
570
82
2898
307
2460
2715
1469
2041
3021
1602
1118
718
2362
538
2498
2080
2502
948
2833
1493
2392
2108
1618
1315
949
1077
3075
2054
306
2642
2540
208
2205
803
829
1154
2617
3062
3209
2407
690
2090
2529
878
2696
1141
2721
3027
1164
2004
1844
2785
2201
3120
2635
3177
489
373
2326
813
446
1213
2100
3182
780
1203
2335
1969
1543
1870
959
2210
1980
1709
797
1872
1907
2165
416
998
747
1186
71
1642
1739
2688
1976
2358
882
2228
2590
767
2167
605
595
2414
2333
2726
2178
1297
2350
1877
3077
3279
1241
2071
498
3261
1965
1528
1102
98
3039
1846
2173
2475
2761
1143
2068
3207
2435
1120
1553
2640
1305
209
2112
111
2355
3068
493
1763
759
623
350
1268
671
365
1904
881
575
2893
1334
2095
3151
1478
2501
1908
1491
2225
600
1759
2174
2689
3154
576
2946
418
1327
1657
1641
1384
997
394
2497
1713
921
1296
1100
1274
3188
653
190
2018
3274
1864
2738
1996
3214
1680
2439
1637
487
3136
646
1017
3121
1248
2514
1652
678
2451
1968
2716
975
985
1903
2811
2162
2281
910
864
1764
2613
492
1239
1585
3011
411
1453
2322
2859
1572
1355
1822
3226
1527
1915
3123
2958
212
562
3078
1247
1091
2845
2585
2233
2331
435
875
1104
2287
2306
3195
3194
984
1677
1218
688
1632
2128
1298
2730
1380
18
1932
1563
2808
320
3038
2148
1938
3089
1620
1594
141
2274
2773
1854
66
3147
1087
334
1542
392
2547
2753
242
351
1049
304
2807
3025
130
2631
314
1220
611
260
1539
1799
2868
2268
2915
1659
431
3032
1012
897
2582
3060
1376
604
977
3080
137
2542
425
421
1974
1911
1275
6
428
2119
1847
1402
1606
452
2239
189
2987
1293
2296
3258
3115
267
1109
2840
1053
2712
834
1521
258
313
1906
1366
1408
186
1754
657
2532
1295
1541
2790
785
2504
2053
1112
1751
2317
936
2477
2895
3050
1567
1410
444
3042
978
3117
2269
2088
2198
2522
2012
1413
928
2316
3063
2495
2231
1448
50
10
1115
3017
2812
73
2768
2194
80
1114
2927
2612
2986
1898
1083
1492
872
1460
138
1430
2411
2454
2002
812
2045
675
733
1322
879
1621
1022
2984
49
14
2515
2955
1741
518
131
1765
520
2544
2974
2766
2345
2168
2627
2329
2872
1876
3255
2382
2869
679
945
2238
1145
2424
1708
1347
931
3093
1925
1497
2592
820
1020
2035
2352
1993
1610
2346
1853
2491
557
974
1377
1422
2847
1761
760
1689
2248
3085
2295
971
2619
275
2978
2962
2655
2379
2520
1392
1234
11
2605
1169
1397
1310
1199
2776
2815
2713
1216
3204
1634
2883
2489
3034
2789
2897
2177
5
1706
1281
876
2741
2245
256
2814
2591
893
2933
157
2748
969
860
2092
2604
1994
1905
2778
1482
1804
798
3132
241
2525
2837
751
1575
1525
1474
904
3228
582
2373
2029
1807
1373
708
1160
2014
2660
458
1923
2209
2074
403
2853
648
1688
692
2376
250
2675
1855
3192
2479
3008
3211
668
2508
61
515
3094
1028
423
2668
1918
1971
461
2347
1092
1781
1244
3219
2909
90
765
2330
243
549
2630
2822
3054
762
1530
1253
1438
1547
51
1747
294
1007
74
2395
2783
2325
1468
2849
2327
3113
2398
666
2862
2361
2609
680
1663
1107
1074
1173
1245
1035
1714
2255
1000
2659
2803
1913
34
598
2632
2519
1486
1878
2033
252
1767
2171
1379
1076
1206
1860
1180
200
472
946
57
2156
488
1283
163
1381
220
118
1836
3033
2620
913
2464
705
1886
2913
2746
1570
2700
1992
272
689
1852
1434
3014
539
127
1406
2484
2273
701
2348
3081
1874
481
2320
634
992
1463
2011
1426
580
2319
1639
1270
1516
2536
3157
1967
1168
2899
1819
2034
1841
3199
847
663
3055
60
2749
1237
1417
180
2294
1233
1046
1214
2163
2447
1505
1839
2191
1531
447
619
2221
3280
1590
1665
2835
1316
1157
1580
1146
1294
2843
3104
532
2283
1982
31
2244
2474
1593
524
614
1520
730
1055
126
1433
2825
3238
3159
434
2964
1252
1339
1003
1691
278
1207
811
622
1719
154
2743
2992
966
3187
1110
1029
103
808
1920
2473
97
1893
2676
2130
967
70
2857
2541
1936
1565
2960
2066
1124
725
2599
2429
1508
2305
17
2359
2658
843
1269
983
1432
358
1002
2936
1414
153
37
1304
517
2384
1320
994
2921
2839
332
809
1250
33
1562
1661
1496
1153
2375
62
710
816
756
1588
1032
1723
41
2894
48
460
1025
1189
2416
1752
2742
2703
386
1988
1205
2565
2932
592
2747
1674
1485
319
433
2048
78
210
2279
1065
1633
2038
3106
2406
3095
2084
152
631
1695
3105
2797
441
1771
1472
806
1730
957
491
264
1638
1649
1155
170
1636
1441
723
2854
407
1805
289
1288
2951
2052
1444
1845
1068
2985
450
3252
322
3168
697
21
1802
869
1983
2598
1902
2940
2744
2694
2286
1571
2653
590
3028
950
370
715
1227
3220
2487
1694
281
2669
2910
584
1930
503
1762
2266
2596
1937
325
2415
3037
659
2638
783
2792
1135
771
1721
2470
356
399
2973
2324
3071
1208
2603
1096
2667
1604
2193
107
1962
333
36
1515
873
1939
1021
1664
2732
1176
2953
393
2751
1039
2680
972
2275
516
789
2608
1050
612
3137
3234
2989
574
888
112
3243
761
308
2798
185
2047
2393
1628
87
1803
1775
259
122
938
2307
1746
970
255
932
2313
721
1928
863
1576
640
1450
1707
72
2903
16
1740
1151
1442
3244
240
920
1484
1105
1956
719
1756
3205
30
1685
1429
676
106
1574
1325
2856
251
1506
955
317
1942
1682
581
2154
330
3127
908
3171
2678
1789
1716
2374
2610
1457
402
2478
1225
1884
536
1064
2664
2977
3275
2665
235
2756
2164
1973
726
2929
1034
2905
1899
2397
92
1125
1793
2568
1900
916
2461
2602
906
1122
1383
2543
2137
2775
1106
3254
2055
3107
1788
712
773
1005
3191
2993
2367
2405
744
661
482
1600
2759
395
2561
3268
116
905
1420
3010
147
2219
1219
1504
2657
283
442
2006
3035
166
1487
2456
892
610
3009
1626
3262
615
1647
1635
3203
2180
2809
2235
1953
381
175
1892
1437
1561
3139
3138
2264
1094
2145
2972
364
3087
2005
2481
2944
523
2639
169
625
2530
1766
2418
899
1165
1679
2223
3053
2771
3082
123
1134
1459
3145
2952
1435
3079
2600
59
223
2589
2765
440
2877
1018
2494
3247
2117
934
1861
2552
824
3047
2711
2906
2550
559
1780
2957
1879
177
1284
1778
2304
2412
1806
1646
1011
397
2383
894
889
484
506
215
3131
1605
1524
226
1292
2708
1243
1138
2787
135
925
926
35
39
2391
327
1986
613
216
753
1924
831
191
236
2039
2246
1229
426
401
2695
2142
1323
400
1832
1303
962
437
2176
1681
1407
2082
3069
1201
2794
1532
1212
787
1256
1850
3129
3073
1753
885
1079
168
324
2253
422
2916
2399
54
815
29
2588
1190
2865
857
1770
1069
2212
2516
2471
120
316
7
1130
989
1737
594
2284
2465
511
1957
1416
1704
858
65
1622
2009
2770
1696
420
804
1698
805
2378
8
165
822
2739
1831
3088
1431
1066
2697
1534
731
778
2791
839
2539
1230
1916
2538
2293
1308
2339
2220
1259
1364
1972
1330
1340
13
1045
1927
530
2211
2394
3183
2656
1749
2779
181
479
2472
1549
2866
375
1126
1875
2466
1088
2315
2889
1333
497
2735
2409
1027
2820
3096
1188
736
89
571
58
2023
2196
1683
3108
1578
2420
2467
1627
2931
1608
203
543
2805
2574
1301
144
662
3166
67
302
3248
1477
1791
1361
636
669
709
807
1981
343
2064
3090
1345
3036
2422
1299
3000
752
3198
347
3005
573
1200
2338
417
2417
2069
3185
1324
2670
2151
470
297
684
1951
3246
963
1587
2848
2693
2138
162
1810
1961
3097
656
1625
342
2948
1591
3201
1955
105
184
3239
2129
2781
2586
75
1271
2185
693
2829
1851
1943
1387
2114
466
1479
541
2923
2301
1811
2816
802
1476
133
363
1344
2526
1977
494
2410
2438
2490
265
1838
298
439
2570
379
1693
1280
850
125
27
3197
1221
2646
577
995
2087
2573
2834
3101
1963
1958
2449
2671
3251
2496
1736
1427
814
1667
1834
1163
3242
1987
1582
1999
3170
2202
366
329
1964
1757
3276
88
2146
1692
2282
2318
46
706
2683
1278
2579
1934
2698
2970
2049
1319
2493
915
2309
1090
3233
1182
3193
2734
2784
3172
1159
3206
738
914
1586
554
1950
1048
3057
1342
2692
961
3256
1535
1061
3190
1801
349
2999
561
837
935
2043
1276
1449
110
527
658
1265
2157
2169
2184
2702
405
1454
2841
1859
2126
1815
1328
1036
1082
1290
286
667
2618
609
2257
1425
3119
1026
782
2500
1222
239
2719
2802
1984
1720
1317
2303
438
2188
3099
703
734
1300
1985
2230
2767
2930
2799
449
79
2682
776
2030
321
750
1910
2969
2545
1006
315
225
1070
1137
114
1502
406
295
2672
1360
2127
2024
3213
254
3222
158
660
1555
2645
1869
1251
624
964
2968
3122
2143
2243
1599
296
274
121
2340
1601
788
1260
2699
77
3134
1023
352
1279
3124
1193
2057
2078
2450
2575
1273
268
1495
3232
1043
1329
1181
2457
2674
1494
341
2663
1865
3208
758
593
1378
1132
2750
770
2427
2551
2445
3100
2560
1111
1131
652
415
1897
1371
3152
12
1382
2528
3041
620
2040
1510
1503
253
2867
2240
1123
2102
1891
1658
2172
86
2904
1015
2298
2714
2337
1784
990
674
941
844
526
1217
480
509
1722
2863
183
38
3018
947
3059
1411
1796
786
477
1979
1896
1147
2760
2937
1228
943
2810
52
69
2870
2512
1346
919
1291
982
1738
2624
1718
741
2724
3249
2652
311
340
345
2258
1774
2267
702
2922
939
1792
43
2643
1075
3265
2139
1613
1676
2535
547
2003
2706
855
196
3140
398
2874
922
2008
870
2400
1612
2975
717
1821
3112
2452
2690
784
1671
1399
2882
923
777
1700
2213
886
1286
2060
2623
2291
142
2021
1156
380
377
1152
1550
2991
3266
2581
290
1462
898
1013
2622
28
2232
694
1129
2017
2852
2764
3133
781
793
2199
2584
171
1421
2343
2149
2453
3070
64
874
1909
2440
1929
1998
2369
1867
1394
164
3092
1405
2222
1772
691
1372
2813
1577
2483
1337
1619
396
91
1024
176
2864
1732
156
134
1786
2763
2480
2356
2884
2709
2152
3074
2851
234
1731
211
2323
1556
1240
3111
682
1215
2187
3004
2648
1336
2729
161
2203
1396
2363
1150
490
3126
2010
1941
1526
2135
3007
2252
2997
2527
909
1748
2556
312
2259
704
2458
1101
3022
1246
2861
2666
1436
1481
3164
1717
1842
2925
2059
360
1016
2963
1393
2649
1121
3031
2364
136
292
1926
56
2147
2344
2583
3257
0
2994
1249
3167
551
1724
1499
328
291
852
2105
3029
2476
1019
2217
862
2413
287
1873
903
917
1795
1447
642
1728
2902
1192
359
840
2786
495
2115
3169
1338
2912
1365
1919
2553
746
2459
665
599
2523
2769
1949
534
685
2954
3110
940
282
714
2967
991
3065
2641
384
1178
1857
1443
409
2042
500
1358
1631
565
1302
846
3176
376
424
529
586
1071
1313
119
768
2685
1060
735
338
2044
2831
2190
1166
819
2616
2806
303
369
986
2118
1755
463
3230
2370
188
1285
1238
2015
3030
566
737
545
1148
564
772
429
1818
214
2436
155
2360
968
299
748
1654
2606
230
1010
1684
1363
2111
2686
2737
1995
362
507
588
2377
579
1544
2705
877
237
2890
273
1458
84
1389
2308
3043
1041
602
2372
2271
2517
911
3223
2357
1546
2832
1863
3212
2437
453
1705
1773
542
55
1309
1063
173
1623
2511
552
568
1451
2099
1735
900
639
244
1183
749
606
3066
1368
443
654
825
563
553
546
1231
128
1127
2036
301
1412
1161
1866
146
607
227
