2308
422
2036
1728
431
3276
2606
1289
803
3489
1035
3042
3143
2191
529
3071
1182
3174
442
1836
1026
1733
2287
423
2618
328
2645
2358
1657
977
1320
3194
1235
2742
1457
2218
2580
2549
291
1010
2727
1825
644
1834
2005
2856
1774
1903
2390
1839
2076
2270
2443
1062
283
2508
770
728
790
1482
342
1717
374
1603
496
840
1674
2793
204
3423
932
410
3544
2843
1981
2920
3499
2535
3310
310
1929
2975
1916
2960
1507
2777
266
846
1261
3184
3539
1729
3121
501
943
1760
1390
1626
2786
567
2224
1309
141
2602
2954
82
341
2114
980
3474
228
2989
2753
3367
3383
2632
1848
1600
2621
2550
704
173
253
3260
275
1791
1322
3084
659
2208
532
3282
1681
2594
3422
2994
126
3338
1992
234
593
2538
425
565
3053
3118
1938
68
1073
2375
2421
3256
1183
1943
1303
3501
521
2231
2229
1030
1428
594
327
2
2180
626
2345
731
2352
3064
1053
1946
300
3305
1438
86
3399
2617
887
3014
1001
1434
2305
3473
2151
913
1200
2117
376
2241
2928
2332
156
2048
1280
2969
3468
899
1033
838
1252
544
3327
1632
2244
3183
321
2739
3362
832
2664
1293
2676
4
47
599
2639
2857
2106
1708
3185
1112
1831
2882
1290
3016
209
3136
3258
1737
968
95
1305
2272
3380
1824
1337
1185
497
3142
446
3218
238
348
919
3324
2507
2465
1821
406
3091
827
3451
1971
1407
3568
2979
1347
631
1074
1973
416
2743
2096
2945
1926
445
3043
1201
1951
3105
591
1056
2397
518
656
1539
2842
2633
2819
197
2435
575
3219
3287
741
301
2385
1197
2384
2736
3498
1838
3085
2620
1170
2418
3440
577
2374
1234
2014
814
2845
876
2744
935
783
3129
2582
1064
1345
200
2774
119
80
46
2766
673
2021
3253
629
611
676
3482
3283
1868
3011
408
1378
683
1922
2277
1421
471
90
2650
254
866
3395
61
698
1315
206
147
514
1699
2883
30
749
1968
1018
2929
1837
2152
1905
439
3089
2829
404
2706
2925
457
1204
3410
2018
1359
3299
1986
1175
2153
163
2453
2568
1227
1594
2064
2113
1302
1352
3314
1906
574
1744
345
3518
2756
2893
3572
284
3246
677
2811
928
1077
2233
2957
2429
3247
2353
663
1823
1605
3330
2902
2194
2942
2724
895
652
146
2922
3529
1257
734
3151
2963
1847
2206
3461
2402
1461
426
896
796
377
172
1677
2295
3471
1267
893
2933
1308
684
334
951
165
1682
2544
3359
403
477
2861
111
3494
906
1670
1373
1865
1842
2258
1455
3058
508
3429
3364
992
1100
927
605
440
2158
1731
1069
2203
1501
3047
1496
2630
3189
2169
1786
1935
1647
1743
2378
1515
2675
3092
2157
2852
461
3328
1324
1369
2292
3460
2536
3564
2094
3204
2515
2627
325
2562
3505
1387
3213
67
589
922
2108
1316
1041
1815
400
3010
2737
3298
960
675
3303
1640
510
793
3549
1867
1966
2455
1931
281
855
3060
2790
462
3056
2901
2205
1776
750
229
3540
1115
363
2313
882
764
3262
2061
94
2817
277
2838
1612
2404
2608
2376
826
1845
3521
3506
1150
1734
1452
522
1631
357
2262
1983
3340
2383
1793
2416
387
3392
28
1392
1695
3479
3356
2227
1014
2906
3072
2903
1192
24
2442
2771
133
978
99
2818
1381
1883
1218
950
3414
1620
2314
2984
3156
2123
1673
1239
1746
784
2128
2533
653
3225
2937
326
1477
84
849
3172
230
330
664
3068
560
929
2646
276
1318
2540
2716
3182
3329
3273
2746
2238
537
3023
2837
2052
3296
1350
2563
2007
2556
2775
2792
1599
1248
719
1160
3385
2588
166
1835
1936
1547
1788
3403
3179
3033
696
127
1985
1561
857
534
580
3502
3578
782
2009
2255
181
3139
947
246
3418
2103
1388
1807
3408
1979
2391
1098
1465
3382
892
2696
516
1430
7
1669
455
1735
2369
1047
618
1957
1498
1238
3285
3563
41
3491
2115
1748
1277
1379
500
1245
219
706
3401
2570
891
1604
2796
1419
1462
2863
1323
1459
2150
974
1580
3067
2768
1757
938
3263
754
3132
1004
1282
1787
2973
2653
385
1970
1826
3275
1415
2854
818
1860
811
1651
2577
2392
506
1054
737
3041
1312
1176
3352
996
1573
1564
753
3004
1541
2299
2667
2698
139
1625
2306
110
1265
720
2799
1558
773
1331
2420
1543
665
176
2891
3211
1956
2598
2266
1841
1531
2835
1420
3433
2595
2604
3309
1034
15
1536
58
78
1627
324
2474
1945
2425
242
1686
3062
1015
1011
1678
1634
1832
45
1769
2666
3050
1464
3024
2839
240
1125
2512
2553
292
1553
1866
2783
201
3110
3181
2354
2466
1829
1114
3507
990
1962
2715
839
3449
1468
2134
1339
2263
710
2025
3301
1418
2386
83
3114
364
550
3450
1085
1806
841
639
397
62
3188
218
2456
2738
483
2583
1700
3424
3434
2728
616
3036
2827
971
2027
1789
3018
2718
1364
2472
3240
3201
1843
3155
940
1349
2022
2127
2930
1908
401
3198
757
1685
3200
2090
732
2953
1577
2911
1598
1266
2564
3163
2271
2340
564
1761
1650
2412
1608
1907
1365
354
2552
955
2910
1087
1711
2125
56
189
2285
2592
902
2441
2909
52
314
1287
211
2525
3119
2034
3333
3402
621
2755
600
760
735
3481
1206
3124
566
1720
223
2477
1157
1436
317
679
1210
2876
1120
3317
2409
1301
1492
2858
2121
2996
1080
2905
547
2098
2812
2690
2956
2695
222
3472
1656
2531
1374
2740
3346
1840
3370
1869
1853
3377
645
1254
2892
835
836
2565
1675
1094
3005
2132
134
2557
1111
1811
351
3059
3080
2776
630
2236
1042
70
1987
1329
1940
3241
2008
1122
2927
816
576
2099
26
3562
634
898
1785
3339
3235
2265
2810
819
1548
456
1199
3009
3128
3291
2228
2938
1892
2558
1579
3406
3351
1410
2023
2665
1812
1920
2000
213
1578
262
1375
2074
3248
3029
2497
2896
482
2343
1409
3203
2133
2530
465
1016
43
79
1518
2016
911
1180
1429
1606
2179
1802
1820
1198
2458
3585
1972
954
2055
2250
2644
724
1771
3031
3476
3584
765
3315
614
1346
1055
972
603
3425
3227
1178
3415
468
369
3065
3396
570
3485
16
3510
1724
654
3374
2804
1639
3269
428
112
2500
478
288
3027
3345
2523
2448
1622
809
1680
2936
2043
1528
828
1433
1557
1701
2107
625
1476
1898
2047
852
733
1753
3237
3319
3470
1948
1506
3336
1032
3055
1389
384
170
3271
1583
2881
3547
1755
981
2124
117
961
2360
744
2044
2699
3046
1672
434
1525
3431
1732
1404
958
755
1676
100
515
355
3369
3090
150
2764
130
909
714
3270
1274
619
582
774
3152
1411
1779
528
2678
2662
1166
278
1684
3008
2389
3496
2576
2642
1223
2100
2865
2935
2981
2457
2396
2874
2138
1893
1819
1959
2110
1888
395
2279
3405
3456
182
505
1431
1666
2050
2199
3575
450
1068
2849
2222
1456
792
3375
952
2961
303
1394
740
114
412
1886
101
373
1993
1117
2638
1040
1270
2495
1596
195
1803
1161
2243
1449
3176
2298
2310
723
3205
2916
178
1555
3265
2859
2686
1522
2139
3076
2379
3381
2758
743
1213
3167
871
1586
480
3300
1542
1447
1942
520
3323
290
389
1934
2372
2135
995
2226
822
3197
3230
1628
3552
349
2460
2012
2672
1038
1592
331
788
2072
2998
1101
256
1822
658
3463
1311
799
948
55
2325
244
2521
1427
1582
2649
2879
1179
1229
1092
509
2371
2154
1896
414
495
2362
2254
3371
1031
504
3131
2445
459
3175
2526
2966
2520
1549
920
1567
2814
1241
436
2259
329
3214
3063
2573
493
2831
712
901
1164
503
1273
470
2972
1440
1921
3122
813
3577
1425
2078
2741
2417
2109
1660
2323
1008
2527
98
2046
1619
220
3165
2333
1432
1147
1978
226
1566
2337
1726
2070
1401
2894
3373
3115
2432
609
1025
469
2178
858
3051
769
646
2855
25
2476
884
1275
1483
561
1075
1258
405
2449
2407
1043
3297
1852
627
3133
651
8
323
3332
682
2291
2631
2032
994
2964
1859
695
933
2822
2267
3187
1738
489
3094
187
1353
59
2190
2181
3389
3548
2575
2584
3186
2898
2483
845
1250
2821
2088
2601
2705
641
1754
1119
2566
2411
1281
2143
2415
451
1205
2028
1466
1321
1654
1858
3343
2144
1781
667
669
2514
1099
2807
1988
2142
1950
976
729
3250
2648
3102
3148
2517
57
1132
1996
1874
2220
766
583
2599
1057
2828
2245
1451
2062
1380
2336
486
1244
3526
36
2943
945
686
3421
2297
3453
2355
10
3040
1417
286
1260
335
309
1910
2658
258
332
3462
3149
1749
1614
692
3439
2700
3393
1585
1139
1663
2974
0
3066
1437
2948
2051
2836
1500
1162
1545
3514
3135
398
2703
3220
797
1722
88
2212
1358
3015
2331
2413
2232
3007
333
1093
1343
597
2717
685
526
1613
2160
914
1961
1013
2546
569
3497
2095
3238
748
1516
810
257
1688
886
613
1540
2555
2708
999
1124
2693
2452
1361
3466
1808
865
261
444
3116
2286
3520
490
190
367
3221
21
3147
2982
3511
2479
2990
3003
1715
1299
1045
548
3409
3391
1460
2679
1768
2327
2105
2058
1344
1368
3123
1107
2166
502
2612
2322
936
1036
1285
821
2030
722
1696
1149
180
352
687
2382
2388
1005
3266
924
903
2510
3565
1569
1517
2334
1562
1862
801
2381
1816
1716
699
926
1576
2541
1146
2904
998
2816
268
11
2454
3098
967
298
198
2141
1153
40
2057
964
1371
558
2242
1727
1752
2574
3500
3388
1902
726
2209
3195
2120
2309
2652
3153
2475
711
1969
1397
1128
1116
1784
2082
640
3222
1707
2282
2547
2537
87
224
1296
637
123
956
1690
102
2344
1370
2042
297
2656
1039
1952
3483
2450
1167
3140
3208
3146
2346
108
590
2723
2824
1357
930
5
691
3537
3475
780
908
344
97
2470
1052
3243
1636
3553
3079
285
771
1376
2054
620
1089
648
2567
585
1488
1575
1423
3112
2172
539
3073
1730
2373
1618
279
217
151
2324
131
3311
1584
2516
2833
3168
162
1171
672
441
2118
1067
113
2745
3130
1136
3542
245
3259
633
3171
1590
3001
707
916
2073
3111
1078
143
1253
3459
517
3161
2781
1513
2311
2710
205
1061
531
2671
2377
2283
2660
2431
365
3177
2572
1679
702
1123
3420
1809
1284
1088
2393
2019
3000
1877
498
808
2347
322
142
2071
3249
2701
1828
3196
2886
2762
2491
842
3279
307
3394
194
155
192
2387
3504
3522
1648
1904
39
265
2985
2077
399
1439
1556
1571
963
1563
3086
864
2895
2853
2647
807
900
1810
2952
2912
601
73
1989
407
2230
888
2687
379
3435
2041
274
1310
2173
2237
175
2661
2017
1313
571
2502
3312
1854
17
3158
1278
991
3566
390
897
2965
2885
1550
2275
1570
1426
1
1641
1002
1422
2188
2840
1915
2951
3252
1306
199
1930
2473
1212
850
3438
2131
1777
2038
3077
1713
1880
1106
1413
541
1975
1855
1879
1692
693
1319
859
2772
3495
1736
419
1046
2955
472
3061
304
2084
1130
1505
394
606
1454
9
2403
2197
1739
2252
1049
29
2447
3454
2493
708
1861
573
904
1870
2335
823
3404
1927
2636
1110
1668
3579
2080
3278
1169
2068
2410
1144
881
3075
1104
2462
1385
2137
458
820
843
2878
3242
1533
2976
3519
1510
3101
2751
2832
2870
912
196
2189
1396
944
1103
2947
1770
662
862
2691
2156
815
3099
519
1408
2921
3251
3341
1552
798
429
370
2119
551
1247
545
1424
3020
1689
1338
2685
1949
1944
2320
3550
1876
2261
2846
227
3555
2182
697
171
1801
427
3261
1006
225
1135
3289
2585
239
2968
2770
3191
1027
3325
1304
700
2712
3154
2359
1022
632
2426
1083
2871
1168
2749
2731
3217
657
1066
2290
2398
2769
588
2217
2559
610
1480
3551
1355
2215
1782
1214
1399
1796
2083
3012
1919
1783
1610
3490
2200
216
1792
3207
643
2079
1084
65
452
2614
1196
1059
362
383
2364
3349
236
124
2967
2694
1574
3292
2004
1526
2161
1102
2707
1712
2240
3054
3437
299
1999
877
3049
879
1909
709
3561
2219
2875
72
1382
3515
2066
153
3267
2163
193
140
2600
454
51
1740
3527
1224
559
1884
2908
63
2024
2149
2789
2015
2329
1485
1283
212
3492
2451
868
2991
1588
2256
805
210
2370
2709
2093
13
752
1024
1398
2931
2026
800
2276
2860
1955
3432
3039
1333
371
81
2439
2971
1800
1335
1314
3095
713
319
3574
2907
1818
1997
1538
305
910
894
287
905
340
1159
2970
259
1286
174
136
3103
660
157
3536
1532
1923
3430
536
31
1386
2091
1307
3215
1105
474
1941
3444
1295
772
1693
160
2659
2469
3180
1694
3032
983
2434
3493
184
3082
1012
499
2913
1534
3469
1980
3162
3316
2654
553
1523
1719
2464
203
3580
2782
1131
987
27
3026
183
1646
2300
2326
2234
2688
3002
2719
1633
1242
1965
2825
581
1463
2702
2350
3280
2020
739
1554
1704
336
2126
2988
921
359
2351
38
1268
2162
3397
776
2802
1481
3106
3134
2380
3478
3192
164
1236
2289
2815
860
3228
847
1857
1645
1076
1991
2625
2210
555
2735
3173
602
1709
2186
2809
1435
2501
2877
3257
2622
1188
688
2950
37
1601
251
853
1703
3390
2288
1830
3320
2940
824
923
890
93
1741
1327
2239
375
1718
1444
2548
543
538
1478
2949
1028
105
915
3417
3078
3335
3160
2235
2765
1217
802
970
1797
1009
1491
1220
1559
2368
294
2177
2780
2063
396
1300
75
2053
2581
393
1750
1445
2013
2844
1844
1294
1152
311
1412
3272
1661
2651
1928
2509
1342
1595
2732
2319
1351
1635
2104
1891
2395
1233
1272
2713
975
1127
411
2721
655
2847
1222
2869
2492
2089
106
44
433
2797
3025
2318
1593
716
2561
2778
1767
2459
137
1288
715
785
3480
2669
1629
661
1469
2293
1086
2619
795
2097
3545
598
346
3117
937
2900
1591
3378
1881
2065
2944
1109
2049
2211
1616
2338
12
2808
1133
666
1384
3538
2524
3157
3447
347
2511
885
1974
3190
2977
2889
2247
1264
2356
1502
2192
2542
2919
149
3556
1998
1805
542
1193
1954
2983
1096
3353
103
3144
1665
2560
388
1090
2628
2593
628
1994
2246
386
2670
934
3236
1184
1873
2668
2826
2779
1667
2941
2616
2339
2085
746
313
1071
231
1453
1029
3384
2794
3581
125
53
1051
2440
2029
1827
360
2419
1189
1863
1251
2995
3416
973
751
525
3533
430
2357
2677
1487
1849
1890
2959
3306
1186
3503
730
1097
308
2545
3293
3239
768
3530
2767
2939
690
1758
207
3150
650
3137
2274
1963
717
3331
296
435
1187
247
2427
2579
556
2986
941
3465
1441
1624
694
1565
617
1493
878
1900
1958
2689
1240
2086
1383
607
523
2010
794
432
2129
3412
1154
3083
2634
448
2785
1003
3126
2196
1551
2269
467
2730
759
2643
649
2312
2185
20
3127
2424
2400
1209
3017
1215
2176
1912
863
2405
1833
3573
2471
3093
2587
1317
1846
1764
2414
2993
3294
851
2223
3264
2059
91
584
437
2001
135
1514
1560
1340
742
1406
907
3028
1044
487
1643
2168
3355
2887
32
2624
1360
623
3045
3286
1790
315
989
3571
74
3524
3386
2518
2641
3467
368
554
2805
3322
604
1065
1721
2112
3223
2155
420
148
869
2917
3569
488
3428
925
1271
415
2532
2330
1402
1544
959
2867
2850
2519
2430
3344
138
1529
272
1348
3535
2342
535
476
2207
2806
2399
530
3528
1521
1814
1138
2494
2202
3445
1504
2763
1924
3096
1405
918
3210
767
1977
361
1191
2463
1000
2130
3525
22
122
3334
596
533
546
1395
2468
1262
1878
2317
3229
2750
1403
1794
1530
745
1330
3531
188
668
2467
3069
1745
2872
3159
1780
1756
2087
763
1960
1621
350
1644
1259
1589
568
1889
2116
1597
2268
592
1126
3226
1326
804
2193
3255
1243
129
2488
2704
177
3070
353
2610
3019
2880
1372
273
1070
2682
2438
2506
2060
856
2681
1611
2045
3436
2484
1602
2848
64
1683
485
1367
3052
3321
2214
1082
107
3234
3288
3307
1773
3509
1142
60
235
1072
233
3232
50
3484
1058
1140
786
2148
19
2101
267
1063
1479
3209
1246
736
89
2663
1967
1195
1519
1414
3108
2159
1652
3487
2684
3413
1851
563
689
527
1535
2926
167
372
1450
161
1659
642
721
2251
1710
1658
191
622
69
249
1766
3104
409
2092
1925
2187
2711
3212
2366
2733
3206
1872
479
875
3337
2851
3560
578
837
513
77
3372
2571
1772
670
1443
2486
1475
2757
1341
3354
2754
2145
302
417
1174
2482
2253
3313
1895
867
2433
3546
121
939
1623
572
3166
2146
109
23
3013
1079
2216
2798
1778
473
1653
2726
2102
1255
1508
2490
789
221
2862
252
2888
917
3178
817
2997
66
1702
635
1332
2003
787
953
2367
3038
966
965
1813
993
3057
2461
2761
1897
1763
49
2503
2031
3516
1899
380
2035
595
392
378
42
2408
1060
1947
2813
957
579
2341
2249
3488
2784
1871
2485
2801
1145
339
1292
3398
2586
3541
946
2795
756
2401
1762
2918
3006
2554
1023
638
2499
2316
3363
1276
2496
549
263
3452
1363
2504
1416
2280
985
14
3037
306
1914
1887
3350
727
158
3044
701
1137
115
1448
758
587
829
3534
289
1691
1194
366
3326
1524
460
861
2147
1511
3109
2962
2522
3464
1473
2303
3583
2171
1917
3486
1655
2284
2069
1490
1207
1328
1263
1885
738
491
358
2914
830
2444
2683
1687
1048
2591
2692
2722
2759
1129
997
2480
3387
3358
962
128
208
1470
775
2140
1982
1662
48
2999
2596
85
2534
883
2011
2406
1400
1017
872
159
2613
2075
778
413
3411
2640
1230
2349
2428
418
3164
1091
1939
2635
2674
255
2033
984
2039
2361
848
2184
1366
2866
270
779
3567
2307
1256
2040
2165
1953
2924
1108
2729
1221
1817
1937
1497
2436
681
2747
3559
2626
338
2296
116
3120
671
3308
1520
2111
3304
1019
986
492
2987
608
2174
186
3125
145
1933
2915
438
2315
949
1362
1334
2423
2278
1911
1007
1297
337
678
3557
2281
761
3100
1279
1864
2834
1118
2264
586
1894
2655
703
3193
1143
1172
3284
969
1995
615
511
2198
2748
356
2363
3455
464
1607
2302
636
391
3458
381
880
1882
1489
507
1173
812
1671
870
1472
3512
1984
1467
1134
874
2760
1208
3477
3170
3441
248
3202
725
1537
2257
1269
260
2037
1095
1249
1211
762
781
1177
2714
1964
2478
1037
71
1765
343
612
2170
1509
806
185
1158
2980
449
3446
1795
2260
2629
1637
1156
3107
2752
154
3113
152
647
1568
1377
1512
2609
2321
1546
2081
3368
2348
2841
2603
2328
3554
2803
831
421
6
3022
942
1649
453
2657
1474
3231
2589
674
2221
2958
3145
1471
1499
2788
1446
889
834
3443
747
1216
3216
2487
718
2605
2394
1202
2248
2365
562
1804
264
3532
169
3543
2611
2175
3035
3097
540
215
33
2697
2978
624
2529
1354
18
2864
92
1219
844
1203
2498
3517
3376
2002
2720
2673
1587
2551
2899
2481
3361
1141
680
1393
3582
3021
1775
2304
705
1990
3442
320
3088
237
3244
269
3427
1484
54
282
316
3448
2273
2607
3034
1486
2067
1751
2800
2884
1742
2934
512
1113
1020
1697
1356
132
1706
3318
2006
1155
931
2615
241
3
1918
3348
2873
1291
1165
1798
3508
2167
873
3169
3357
3513
3523
2539
443
1642
2992
2725
1630
2213
2597
1698
3360
214
2164
2637
1050
3290
466
1976
447
475
1232
825
1615
2623
3570
1799
3074
202
1572
3366
3365
1503
1151
280
312
2513
1725
1664
2195
3141
2932
1021
3457
2294
250
3419
424
2122
3576
1913
463
1850
481
979
777
552
3224
2773
1458
1237
2528
168
2201
1181
402
1225
854
1495
1617
2791
382
318
3199
3081
1298
1391
3277
988
34
1714
144
524
3407
1875
2225
2830
2437
120
1336
1121
2590
2204
3379
484
1231
1325
1747
3426
2301
1527
1856
1228
1226
3295
2923
3233
1723
833
1442
791
2787
179
3087
96
2578
118
104
2569
3281
982
494
1163
2136
2868
3245
3558
3400
2489
76
293
243
3254
1148
2734
295
2183
3048
2946
2446
3342
2543
557
3274
2056
2823
2890
232
1901
3268
1190
3138
3030
3302
2505
1638
2820
3347
1705
35
1494
2897
2680
1581
1609
1759
1932
1081
2422
271
