4018
3927
2072
1489
2555
900
1841
59
1488
535
2721
1276
750
103
792
1041
1531
3911
3462
1250
939
3493
757
11
4079
3566
511
3021
3115
3697
2238
1677
1728
2795
537
96
4013
305
3321
517
715
2486
2128
718
3142
2390
97
98
132
3340
25
2674
357
3553
1912
553
2825
2091
3754
778
207
2758
556
3822
221
723
35
606
994
985
294
636
489
3556
2139
1186
411
1394
3859
3409
2312
3425
2250
4054
426
998
222
2739
3182
2816
2175
1378
3307
2083
1475
2494
1500
1140
4075
973
329
2066
3862
686
3093
3304
3879
2726
214
3009
3919
3623
3311
2490
2266
1170
1167
913
4092
3652
823
3625
1162
3354
3720
3802
2878
855
2305
821
1345
2218
1751
1405
1441
2938
2467
213
2877
807
2880
73
2859
87
4047
3609
307
988
3608
3191
449
614
3489
2575
2226
4016
15
1311
404
3323
3992
1122
1302
2043
3763
1503
714
3497
494
1578
1573
3785
3089
3312
1974
1317
1215
1030
3171
1964
3341
1644
3116
3963
596
2843
1905
1222
1145
3987
1448
266
2061
1795
1088
3465
1738
2717
143
2897
4093
2420
3127
3038
3846
1819
1235
1696
3327
2997
2620
3650
1539
4098
2690
4010
2513
1673
1628
41
893
276
253
937
2590
3434
1851
3049
1662
3541
3973
2341
1086
2002
1914
1558
3696
2069
1637
1377
805
2470
178
2431
2671
2763
1473
2125
1549
3708
105
141
239
3854
3488
3890
2754
131
708
2766
2748
4020
2934
3845
1955
617
2582
2715
2891
1963
1915
3023
353
861
2757
662
2900
4022
3386
4065
940
3905
1809
1221
3985
1158
1499
1445
352
2162
176
2453
1540
1953
853
4066
3466
1726
3384
2990
3817
3678
702
1472
1961
461
726
1652
865
3342
3594
3939
2661
829
4096
1592
1610
3943
3260
2441
784
2627
3358
1893
1885
19
492
2028
3836
1883
827
63
2161
4086
3281
3619
1372
320
101
1872
2522
2919
100
2461
2132
851
3687
3331
2689
403
3738
4094
367
663
3432
1091
707
1557
898
2536
3779
1428
2093
1274
2632
2738
2586
3390
2767
1870
3091
2666
3048
3225
3852
1379
689
463
621
4031
2629
165
1554
3736
1642
2528
196
1541
368
229
1152
705
434
3602
2947
1209
1142
3081
2970
2569
656
3243
872
3308
3971
3296
1528
3828
2217
1368
2477
2169
2866
981
26
1244
1415
1011
3186
3094
3776
3564
2214
1521
333
2452
4055
2055
1660
2395
772
2991
2269
1694
3600
1046
2077
2698
1792
134
764
643
3317
1505
3253
1722
1024
2963
340
2572
484
789
3443
1225
2617
2871
2928
2216
2338
2910
1836
888
629
2658
3502
179
2778
3324
3531
4100
3378
1371
3882
776
1956
1962
1255
1691
2196
1765
3847
497
3767
3511
1173
1513
2044
1384
2322
312
1337
3955
3659
2152
2402
1981
820
251
2058
1923
3698
2349
1329
3675
1319
2095
3165
584
2457
3996
2410
674
3265
3770
1210
2064
325
3730
1093
2568
2080
387
3876
1510
3263
109
1891
3045
1393
21
2773
3280
3150
1855
334
2983
1907
3301
68
2419
3273
577
44
1967
599
1700
2651
2398
1932
29
187
1803
2893
2839
3966
813
1814
321
2712
1746
2600
3944
4025
1273
2302
409
798
967
3348
3478
2149
1658
1860
2382
814
335
2978
2482
3098
2524
2488
3084
1535
2174
2659
1766
2819
2886
2926
2509
1801
3617
1785
2372
2814
3579
1968
1895
1056
1055
195
1097
3125
3473
2860
3616
1729
1833
3293
2319
3030
1776
468
1064
3916
2401
754
2895
2546
3567
7
878
3244
173
2408
1815
2584
3373
3201
1630
3157
2330
2837
1443
1132
654
1420
298
1192
2527
1733
381
3918
2366
2687
2500
1587
2224
2892
3073
480
592
753
2487
1866
158
573
603
40
1970
2499
1098
1247
3799
4068
2576
1917
1449
1625
2337
3121
832
3379
3442
3286
2321
3124
114
4032
3790
2888
2255
3838
802
33
1328
4002
569
2502
336
297
623
3929
1297
3634
4104
2022
3282
3302
3494
1878
709
37
2544
2625
3863
2498
1806
2443
2643
815
1022
1478
955
2684
1060
3416
4057
1619
1949
622
217
3217
153
2510
18
3289
1545
1218
564
3364
3925
2036
2525
2249
471
670
1650
2787
3571
3570
1990
428
216
3520
2353
3816
3287
3014
475
948
1092
2857
1960
993
1579
2517
3107
1783
3840
1156
804
1224
3775
2984
711
3456
3050
2683
1987
3079
826
2874
1612
3034
3441
1897
1054
1018
3995
3447
2807
1068
1362
1226
3773
1115
2667
3087
2559
1639
2180
1433
626
2100
2563
1636
2444
1400
3078
1327
871
3997
24
2277
419
1259
1683
3149
504
999
1670
1260
2829
1366
3783
850
1305
1736
3930
2235
115
1507
149
458
3805
396
3224
1451
3712
1121
2841
1999
1857
202
1322
1110
3111
2762
3509
1591
220
2541
3889
787
2580
1827
2784
1129
2923
1120
3132
685
22
1271
36
4011
2759
1747
533
3714
2021
1051
3039
2288
1436
46
2342
585
3664
1504
1529
568
3219
2019
2103
605
3319
645
2672
870
3757
3993
2953
3975
3392
3825
1176
1590
3175
1561
3682
3375
268
3525
2549
3429
1363
2122
514
3433
1834
956
3713
326
1343
659
4050
1947
1340
3885
3172
1306
472
2421
2363
719
4036
3042
2045
4035
817
1824
3290
1175
2053
3035
2414
664
1070
1889
295
2183
198
2118
519
1985
3335
505
2752
2623
1730
1066
4084
2761
2791
1759
356
186
1151
848
2998
2047
3218
739
2336
1867
3455
3272
3588
1320
542
4074
1195
3704
362
1348
3025
3510
1877
418
3337
2099
2873
506
1887
104
2468
372
2894
1365
1965
912
2191
1994
2727
3830
631
1168
3059
491
922
2304
124
337
2577
405
374
1522
2724
3423
2278
2475
79
3267
525
2445
1976
3046
741
2854
3459
2723
1724
2798
1258
2668
2234
549
3230
1542
1406
3508
2471
4061
1822
157
2553
3598
1111
3128
1595
62
1497
736
2391
2193
1036
2548
3077
1165
358
1153
462
587
265
593
2373
799
1392
2905
978
2972
2333
2964
3642
2956
2274
2005
224
3676
740
3611
317
3484
3343
3144
2352
2832
477
3174
2636
3424
2062
2863
281
2826
3204
1984
1295
3216
885
1335
1560
2483
1622
273
1686
3388
2961
3314
151
1902
661
2171
3756
1903
355
698
205
148
746
3897
859
2211
3540
1918
1216
2777
3010
2943
3528
2649
1203
3857
3705
3515
4024
3399
1137
1950
706
2820
1649
4040
1008
389
2381
3482
793
2404
943
2775
3061
2040
3938
3318
2789
437
4081
1681
89
3751
677
1254
299
1946
3083
3826
3586
2051
1019
2425
1983
113
431
1155
417
1705
1996
3969
2899
3397
944
2074
1715
1916
3249
3007
2335
531
344
2170
1289
1601
2142
2079
3333
1687
2451
2023
1049
85
2530
1756
1864
120
2883
4064
3359
3499
1659
3483
2326
1454
3262
67
346
1126
2594
2418
3475
982
910
3056
3437
4052
2621
3294
879
2458
1555
1753
666
835
3212
2564
2219
170
3226
4070
1574
3140
1112
2465
769
4049
875
1490
773
3744
3749
244
1245
3970
3663
1138
733
218
2280
2227
2867
3538
2948
1285
3006
2703
3453
1351
1452
3254
635
2113
1808
3818
1280
2282
1537
3492
3908
1020
1750
3152
476
2613
3027
2813
499
2112
1979
3766
3871
2189
1690
200
630
2534
3940
2359
3471
3618
1922
0
2126
383
2197
624
2236
433
732
545
3555
1438
382
2013
3450
618
995
3834
3931
3726
2808
2244
3276
3486
2986
2260
3979
3166
1243
2262
2876
2209
4077
1303
3461
2856
2840
287
1679
2472
4060
247
3606
3673
1739
589
388
1740
2253
2862
371
3002
1752
1194
3271
1332
3490
2806
86
3513
2275
3974
2638
1067
264
1238
184
591
771
450
2324
3875
760
2699
1839
2709
1341
3745
2394
1361
378
4091
2904
2225
2932
1416
2350
2450
1468
1087
3192
947
2950
3381
2068
3190
4103
420
3636
1727
500
106
4033
3504
2303
3951
3421
2480
3242
935
2802
2688
3622
3232
3410
1336
503
2756
258
1847
950
530
646
4067
3228
2030
174
2380
269
1720
2237
424
3853
2587
1106
1219
2088
1190
328
309
3891
94
3693
2592
2020
2980
1959
2034
279
3207
4063
566
47
3250
1061
3887
1325
3176
1100
3831
316
1333
2927
3865
2018
249
2208
3967
3656
3151
393
3028
1050
3800
1874
2941
1143
2392
498
1973
791
543
1770
3530
554
2143
3841
3470
3612
2713
54
2046
1103
2907
1458
3849
752
2323
3603
2937
1227
3313
4039
1556
349
1307
3671
2121
1624
3428
1825
3082
166
3690
941
3303
1013
699
3239
2344
2075
3724
1264
3821
2221
996
2098
384
1816
3011
84
2557
3221
3350
1437
762
345
2127
3463
3741
232
2836
653
675
2417
2205
3155
2206
2622
3133
1613
2073
3356
3198
620
2200
2571
862
310
1798
107
2447
3188
1300
254
1986
1232
735
2542
83
1214
1568
1799
2704
1370
3380
2801
3903
1390
2673
3584
3928
2686
2645
3346
3126
182
1446
548
2188
975
2685
501
3900
3575
2000
1105
2116
136
559
1089
3347
2558
2616
3258
1775
1559
694
1684
1205
2735
1737
1338
90
2014
1629
2296
687
3351
27
1550
3715
1075
77
3701
3349
3694
3526
119
1678
552
3782
3448
3108
2815
3980
2440
729
1278
3060
3405
274
1342
1621
3615
2393
2599
1201
3842
1240
2604
634
1033
1718
2179
2615
1141
3120
3896
1481
1198
3325
301
2187
4089
1249
1125
465
1414
1570
1256
1653
348
2591
2109
3536
3353
286
112
2356
2115
3043
3500
1330
1035
2855
578
2016
163
1471
199
3909
2574
3880
2198
1424
1003
4102
2578
407
1804
611
3731
306
1220
162
2543
608
3774
34
3640
522
275
380
1496
4042
2793
2133
1734
1418
3156
118
4105
3235
3569
203
3114
237
838
774
1593
2466
373
3117
2697
2911
2416
3355
2501
507
4021
1355
627
3735
55
2520
3605
2595
1790
2551
958
56
1410
2772
347
206
858
2887
1164
3468
3535
2281
2942
127
1211
3118
440
1685
1480
3054
3796
1270
30
2917
2573
3234
747
1638
3051
2345
551
43
1725
1356
1376
190
2229
3922
502
3824
3136
1757
1059
2982
1241
3306
2865
1600
473
847
3563
2583
953
390
3789
4085
1763
3686
135
2786
1197
588
2794
2790
1517
644
2755
633
3843
911
2159
16
2001
3215
2476
1969
2439
3729
4099
3099
4048
2493
3819
1078
490
4107
849
3363
2902
1958
1635
2812
1566
1279
1509
2611
3368
2508
1104
3154
2
2489
529
2065
3960
1431
1482
1469
704
3506
313
1599
2740
2716
1890
2677
293
2706
1972
2119
2732
3336
3792
108
3180
1928
1951
1588
770
3477
2644
2111
1324
2760
3360
1703
2413
2679
13
2009
3961
3632
3977
1388
2429
1532
1633
3194
834
3898
3807
1074
3578
2675
927
841
140
1576
459
2339
811
1096
2618
2565
1323
3647
1072
2929
1312
2436
1580
3148
161
1614
1442
144
2025
3811
2750
3537
1998
1023
867
2884
155
1634
1223
1292
3138
3627
3284
1045
1512
3587
3562
731
2858
2270
3795
3209
3872
2507
1492
414
3338
3945
145
628
1748
1236
3057
1777
4083
3976
3211
4046
4045
3812
3183
1611
3512
716
1352
3941
1862
930
971
3495
2848
538
238
88
3585
1853
2976
137
2102
1818
3361
3197
2999
1533
3709
1516
1788
2240
1551
250
3214
539
2769
1980
2207
257
1993
375
2290
2842
2370
3158
524
2817
758
3164
1732
12
1802
2328
423
1604
639
1006
1812
4009
1188
2156
3396
3460
676
3019
3832
1462
50
4078
3683
3597
2003
1787
2915
2852
924
2977
3635
2922
3357
4030
1742
1767
391
2435
2166
2588
509
167
2220
111
2607
3548
1034
2146
536
3786
2268
1936
1982
1169
883
3485
4097
3328
147
1880
843
2540
1453
2945
3134
2560
2827
2831
2850
3914
2289
2035
3097
32
2959
881
2844
1094
1992
3984
2692
1354
315
2299
1246
3277
2554
2669
1411
2438
2140
1648
1080
272
2031
1871
1017
3669
2334
81
2038
2516
783
164
1484
1474
3407
1487
513
1837
2619
3894
435
2150
2606
1391
3677
2598
1702
1672
2243
1884
1663
712
1015
359
866
386
856
2909
2148
2154
3780
3320
3000
658
3813
354
146
2504
1234
2070
1291
3367
1369
737
2695
751
1631
1494
3544
961
3185
284
1486
2292
1130
2379
2492
2506
1977
488
2215
343
2222
1572
1553
2955
2258
283
1429
3886
1044
3539
3013
1166
1940
933
3917
1602
3288
3924
2130
528
3958
3546
3292
2424
1927
1402
3376
3965
3438
3912
2138
1148
2640
2981
3728
2719
701
1189
3820
439
1524
1875
3326
734
3096
3240
1669
23
3137
1493
3534
1398
2300
795
1594
2484
422
122
2946
1523
3305
1615
1028
3401
1843
1113
2012
1617
2810
2570
1925
4080
2247
1846
2515
1844
921
181
466
2318
954
1807
3839
876
3651
2914
3199
332
2872
2655
2108
2213
169
4008
3184
3371
4017
4073
3552
860
3236
1609
1425
1641
478
2545
152
2792
1937
3008
3561
3653
3759
544
3765
824
962
2646
755
2403
3700
583
2949
2362
1387
2293
3208
3946
2589
2173
1268
1346
2147
2231
3110
884
1789
1810
1231
150
189
518
3086
1000
3252
3860
1603
2741
2529
2110
690
2400
964
3582
2753
3075
976
70
3994
3881
240
3193
2308
894
3837
604
2720
3691
1233
3238
1172
3981
445
615
495
2481
3068
20
3316
1401
1217
2432
416
3768
78
436
331
1081
4109
3065
2228
2995
3024
1085
2232
3161
395
3662
2340
2459
2039
3888
768
2428
3104
303
683
761
2718
915
3649
2521
610
3469
1174
142
3703
3012
1413
1262
2455
2351
3275
2960
902
2310
2024
82
2389
3394
1723
1434
3645
2678
2071
2054
1676
2933
3868
777
3255
1933
3688
2037
2248
1350
3033
3667
3596
2360
3113
2246
1995
1239
1506
3018
691
2137
65
2642
208
3937
1904
51
992
1498
2314
1139
2117
1253
3196
1114
2804
1564
3436
3491
877
1680
1900
532
2294
4027
1310
3672
2276
1502
822
2063
1849
5
616
2464
234
1772
833
2835
2639
1913
2764
3829
818
1741
2407
1647
3607
3902
2648
1228
3168
3626
1656
2749
2090
363
2987
479
2396
4037
1768
2291
650
3408
3968
3233
3088
991
4101
3533
460
1326
2178
1461
586
3547
1971
1179
231
1463
1284
756
2861
2665
3041
725
960
2283
121
1709
2562
696
3949
1304
227
2317
3067
2186
1042
2251
245
873
469
3457
2722
2765
3762
1863
1954
657
3948
3798
640
4059
3419
3604
61
1640
1657
2286
3542
3178
194
2992
2889
1193
1782
1177
2608
2567
457
3269
890
3573
1520
790
180
241
1043
3991
2365
3733
1399
2454
3870
429
2399
2307
1389
2930
1744
1144
1881
3630
92
557
2329
3374
93
688
3181
2301
2355
984
1919
800
1109
745
1760
2526
2971
1269
2306
2364
692
2057
1095
1
1832
3231
3481
2233
271
1717
2979
590
2223
3978
351
1084
1934
385
2202
3109
555
3291
1944
370
2369
464
129
2965
1101
1793
785
2811
781
1069
3362
2940
1762
2533
3864
1666
3105
2693
1159
582
1004
1869
1888
1501
1519
3827
1608
2743
1711
766
945
1154
980
609
3173
957
1910
1001
1755
1508
997
1589
2920
2581
3036
613
58
1577
3241
2141
4090
1823
595
1632
2316
600
300
680
1026
918
42
1052
2818
3815
1546
1811
2968
156
1373
3430
3809
3141
4015
3229
193
1294
2406
649
401
2078
2106
3129
2734
3472
3957
3524
1422
3684
3246
869
3529
697
3668
1695
2067
1991
3063
4095
3439
929
612
2295
123
3300
1716
1334
280
2635
3476
3177
1283
2885
1117
2822
891
597
3444
191
133
923
2181
3666
1286
3279
1620
3804
483
2864
1277
3772
2157
830
3257
3295
1181
3474
139
2087
3517
574
3638
3954
3718
837
1353
211
2469
857
1665
2610
3382
2160
765
45
3130
3913
1386
2774
1989
2397
2029
4001
759
3278
52
2579
1876
1265
1010
2006
534
2913
1575
3983
1412
3711
3755
1543
128
916
212
1040
296
1567
3551
1358
1183
3590
4006
1721
1339
942
3614
2273
3631
4026
447
1039
1879
3413
2745
1655
1699
3658
1584
2952
3017
1924
3004
443
2259
562
159
454
3031
3372
2264
845
2096
2257
3721
3732
3467
455
1920
1858
3707
444
3131
1926
3990
3383
1182
3339
2988
110
1606
801
160
1467
3498
3739
2985
516
1769
360
3248
3206
1037
3309
2201
267
4005
365
4069
1758
2433
1124
1083
2032
3160
3654
2361
210
1419
2596
1031
1374
983
2434
2017
3641
1281
970
738
74
3071
1296
2788
3220
561
1465
2614
987
648
2097
3516
3274
2805
576
2437
408
2626
1396
3387
1147
3942
2151
2663
3648
968
3670
2771
3100
1784
1525
2101
2881
2331
2168
1180
2879
1514
2637
1439
665
1771
1477
1359
2654
2385
1957
1208
2272
812
1938
2256
3874
1859
1191
1071
3674
602
1127
209
38
767
3015
1821
2474
289
1063
2242
1450
1048
235
2313
2700
3422
1547
1150
1485
1116
76
3856
3844
1896
540
1200
3657
895
327
3988
1206
3725
2957
290
3521
852
3717
3352
3454
3310
342
1360
2696
2547
3734
1552
2514
3365
4051
3403
1199
925
3814
3022
3205
959
4023
3003
392
3568
2052
1381
1293
2343
3722
3464
3808
1163
3266
669
400
453
1704
3621
318
3259
1948
474
2027
1852
1282
1713
1966
2176
1668
3580
1184
936
2785
2094
2830
2048
4041
3806
3742
1710
48
3283
311
880
66
3620
1930
183
3080
402
2882
8
2682
2267
952
1027
1423
3106
1380
3740
1865
2298
3907
3026
1813
2597
3402
2263
1527
399
1563
1349
1272
1850
3679
2550
2015
3298
1797
2327
1102
2204
3268
2707
3633
931
4003
3787
3001
986
3810
2511
637
2681
3595
2503
797
2190
2566
394
579
2747
432
2593
1764
1288
974
3866
99
693
3187
57
2309
969
1073
2320
3680
3519
3322
1830
1598
2916
364
3514
2849
3145
3899
4076
1597
3769
1009
3906
2538
3330
2084
80
928
3153
642
854
413
796
1675
682
3053
1906
130
2123
3452
28
324
2135
1796
842
3959
819
3270
3417
2737
4014
3119
2800
412
3052
2780
571
951
3581
1248
1315
3406
3256
3095
1719
3445
4062
1430
1842
1794
3926
3391
2325
1706
2230
3915
125
2347
3559
425
3487
863
1261
291
2647
1800
1331
1275
2460
2694
3784
2966
2539
3576
2448
541
1688
4
673
3334
1712
2834
4007
1160
607
3112
1607
1945
3163
966
2838
2285
1978
3245
3058
9
3695
3005
1123
3101
678
2680
3999
330
4044
558
1908
230
2989
2701
721
2060
2199
322
3947
262
3610
748
278
49
3076
3251
3904
154
2958
1047
323
1079
2585
3044
3543
430
3964
2241
3748
3047
1682
2114
3989
1548
3070
3247
2415
2939
2265
3803
2782
3389
3085
2155
481
722
3764
2076
3501
1266
3451
3518
1157
1901
2634
1397
1854
3415
527
1309
2921
31
2962
1251
2711
2010
1459
2605
727
3344
3681
1107
3895
2714
1838
655
1805
2505
3665
1534
2026
1826
3285
1204
2011
550
2497
3699
3723
3743
2552
3858
3761
744
1761
2136
2367
3935
3458
990
314
256
3950
1701
874
1778
3449
3135
341
932
2050
292
679
3661
3777
470
1909
3589
261
1651
782
2868
2422
717
3545
2348
794
4058
786
3893
1171
102
4019
1367
1921
2041
3851
2446
4012
95
1185
3884
2358
2427
2768
1014
2532
4106
260
1257
3823
252
4071
1894
3933
3426
2384
1321
641
215
2479
3189
2975
1654
3629
1404
839
512
2192
3855
1515
3781
1586
1007
3411
2405
1242
3195
2797
864
285
1530
594
3400
116
1892
172
619
3427
3583
3639
369
438
1464
467
3040
914
3064
3624
2925
3066
575
831
1773
905
3706
2376
1831
1643
2368
2059
3591
2742
1118
406
1743
2828
667
886
2603
3227
1627
2134
703
1440
2896
2951
3069
1417
816
2781
366
277
3593
3867
2085
2776
1616
2631
496
3299
977
219
2210
1898
2821
3869
2799
3923
2702
965
904
1457
3901
2531
2386
3143
1058
3523
2931
2104
2254
2875
259
1128
339
2728
844
868
2387
2120
3016
3369
493
2670
1447
188
521
1344
1544
4038
1364
3601
2657
1882
523
2430
452
565
3801
223
2809
3345
1395
1942
2377
3170
3934
1626
1409
3833
724
1605
1466
397
1848
448
728
1581
3440
319
2185
2924
2092
2212
1861
1021
3123
903
2442
3850
2710
1735
1664
2898
2375
2129
1975
2007
3878
570
1290
2833
2371
788
917
2131
989
39
1161
3599
2518
3953
2485
2770
1455
581
171
2954
695
1952
681
3550
1754
1645
226
3370
2284
1025
2145
3092
2164
3507
2177
3758
1316
69
1707
3020
3877
1038
1562
3592
510
4004
3752
1012
2624
338
1526
2462
1899
899
3404
175
4034
2662
1263
361
3972
441
3577
2519
225
1780
560
3412
2203
1786
3332
2630
2279
2042
6
2870
1714
2378
3560
1939
2691
71
601
2890
1076
1689
1136
638
1781
2823
1495
3986
809
2311
1016
2261
3480
1426
201
1057
828
1565
3522
3237
3797
91
2163
2537
1229
3558
906
3264
3737
1820
451
1661
248
2167
1090
263
3446
2195
1062
3146
2049
2144
1053
3998
3090
4053
3202
1207
2423
2851
2004
713
4000
1299
3637
185
282
2194
1301
2086
3747
2056
485
1133
3315
1444
1313
3122
946
1435
1476
1943
2652
3655
2751
3557
1935
846
17
3753
3861
3692
652
1828
3167
1791
1082
1212
3873
2388
2383
3398
75
1213
4082
2912
1868
3329
2664
3162
3702
1538
1731
1135
2973
1536
1511
1308
700
3414
1997
1347
3532
2969
2845
2708
60
889
3613
3395
3848
775
2449
2153
3169
2994
270
4087
2456
2641
3572
742
979
1840
3222
2346
1708
897
4056
3956
825
1432
3921
508
3883
2478
3103
803
3297
4088
3685
2412
2903
2744
117
808
2491
3159
1698
2158
3261
1002
2736
3139
3074
779
1749
456
1407
1427
920
2008
1385
2082
1697
1596
2656
3643
3936
763
901
1032
3032
526
3393
3223
4108
2089
288
192
308
168
3037
2846
4028
2184
882
1941
3072
1774
1518
1408
668
806
255
2847
3479
3982
3431
1375
810
3418
651
2918
2496
2901
1911
520
3689
3920
1646
3646
72
625
2633
2730
972
1623
1357
2660
1202
350
2602
398
3210
4043
2182
908
415
1674
126
1146
2409
1745
3055
1856
1931
1149
2271
840
302
1318
1483
3420
1585
1383
2315
3527
379
3574
1108
2297
3771
2676
3503
1403
3549
2357
2033
14
3200
1829
919
3213
1988
3029
2561
730
3760
1131
567
1583
3793
907
2783
3788
949
3750
2650
2426
486
376
2906
236
887
1491
228
1237
2374
743
3746
572
2411
660
1252
2653
243
2245
3710
3932
3962
53
3719
421
1817
684
1470
3660
2107
2332
1077
2124
647
1267
1460
2523
410
2733
2165
4029
896
926
2908
710
2725
1835
3505
1582
963
1671
204
1196
1873
3179
1667
672
934
1287
3102
3952
3
2172
2731
3794
3062
487
1187
2287
3628
304
598
138
3565
2105
1099
1569
2974
3644
377
2463
2803
2473
1119
197
2944
3554
836
909
1421
720
547
1779
3892
2081
2967
482
442
1479
1134
1618
780
1382
4072
2556
2495
2746
3385
2612
2869
2853
446
246
2512
1693
233
2535
1178
938
3496
1692
1886
242
3727
2609
1230
563
3778
2601
1929
427
3203
2824
3835
1314
3377
515
2796
2729
1029
1845
2354
3147
64
1571
1065
892
2993
3716
749
632
2936
3366
177
671
10
2252
2779
3791
3435
3910
580
2935
2996
2705
2239
546
1298
1005
2628
1456
