2436
588
89
3292
3449
2959
3430
2656
3376
1863
2029
3151
2183
1272
3272
2702
2816
1226
380
1507
309
1714
2126
473
2706
1146
2473
213
1773
1903
945
453
2500
2155
2487
1568
1348
2826
3445
563
554
1010
335
2363
2568
2923
401
1987
560
476
3464
3388
1253
3021
2306
2901
2552
913
3496
604
1627
2933
1245
406
2373
3508
2342
1938
1873
727
229
225
3511
400
2979
932
3407
491
1204
2197
748
3298
2187
322
2944
1841
2973
1080
2667
792
1459
2313
1658
234
1303
551
3282
279
2147
3500
3207
1160
2210
425
3316
1153
3394
1509
2281
893
172
2130
2459
3509
664
901
2764
3103
1416
2565
1518
2977
1132
602
26
2319
1634
760
1573
2043
1898
833
914
1295
2769
930
2603
714
1918
1433
2860
1449
2416
726
1405
361
489
2984
1778
2370
890
3348
1760
1460
1070
1663
530
2964
2034
2413
2070
267
780
1076
1328
1125
1483
325
2300
1182
1719
2235
2616
2589
1837
912
1432
1054
2900
870
1666
2938
1069
1304
3472
986
1672
922
2196
3239
2648
2317
2693
374
3163
2265
911
3457
1078
125
417
1286
883
250
2611
2359
1769
1090
2808
2472
2994
344
2820
746
1385
201
1179
839
2381
240
3088
1866
2270
1852
612
442
2588
3201
1698
2219
214
1492
3219
3265
607
1251
1571
695
128
866
2447
3417
2710
1323
652
2857
785
2529
62
1755
3470
671
1235
3340
827
1582
78
134
1951
2051
3275
2795
3539
3314
3291
1022
2970
3110
2657
507
2906
1997
2207
1127
1168
2387
3018
975
2099
3390
2664
547
1745
3101
1478
2671
811
2442
3211
1393
2750
1907
2504
1006
1624
503
37
1716
1879
1340
2045
2891
1858
1948
548
1545
2054
386
639
2886
1476
1676
2401
730
837
3419
2877
615
2819
2377
208
875
1142
2158
2930
1984
2952
3304
2934
2697
2343
330
3420
2123
3526
184
492
2078
2469
2876
1911
152
3181
667
3535
1119
2928
3286
1905
880
1671
1922
3231
1612
1137
995
2867
1604
2162
2899
580
2993
3351
3082
2193
872
270
1563
1157
1868
1913
1633
2887
946
1691
1174
2902
921
2409
836
2471
3116
2084
221
6
3544
1403
1712
2573
389
887
941
601
536
3345
931
2340
974
3375
1934
1969
2422
196
1005
2856
2278
1575
2917
2735
2605
1659
15
2839
954
130
3199
1939
3065
822
1538
790
3525
624
3198
3077
422
2267
1244
1298
455
1780
373
1635
1265
2360
2144
331
1196
1720
1123
460
3370
2940
3459
3334
1957
1480
690
2079
1779
3320
185
1585
2738
1143
2747
1030
1426
3378
2971
2645
2236
1203
2751
3171
2785
2333
840
3486
1736
2146
2775
102
1776
3000
87
2456
2835
3023
2380
598
1064
523
2071
3141
3209
1077
1101
3418
470
1254
1436
2831
2594
2942
643
3346
2181
1859
1962
1139
1674
307
1223
1395
3270
1255
1035
2050
1110
1899
1664
3458
821
2305
1498
2520
2384
1410
3090
841
493
266
1430
212
164
561
1927
973
181
649
1063
2714
528
1264
1175
1711
1379
2729
1580
1434
763
2448
2536
2438
1116
1104
118
2194
2976
326
1387
2551
2136
738
1447
992
274
329
70
1180
2283
3473
465
327
122
1848
2912
3308
2888
1311
2450
2434
1106
256
258
323
888
2903
2511
53
2454
741
910
2852
919
1992
314
768
835
390
844
2871
1847
1884
3034
1023
3058
951
1224
1058
1838
859
1484
1390
3010
1875
3245
20
520
800
687
966
2941
855
626
2805
1376
1800
661
104
387
3252
2558
3203
449
924
830
1455
127
43
3070
1516
2564
2765
1408
1650
1378
1218
1185
1561
1758
533
56
3152
1326
1183
1818
2834
1544
1190
2148
1357
2668
2263
1209
226
88
1592
2239
3297
1614
2326
1200
3481
2931
1817
2335
1250
3371
2285
623
524
2935
3249
58
1795
526
1187
299
1670
1520
1952
1935
1343
3289
2397
1337
2044
831
516
3087
1534
1407
2635
1943
1238
675
3046
886
1468
2814
3007
761
2035
3307
1846
1008
3102
1607
3413
2408
3520
1384
3383
2427
22
316
3261
3170
2075
2766
1053
1161
3086
2998
676
2385
1854
488
3335
1172
2105
157
311
1438
3069
2200
1040
1246
2046
1191
3156
420
437
1199
2062
109
1505
3052
3133
832
660
160
1836
3157
1619
933
281
436
1091
2295
2161
1014
2405
1257
3168
1532
1263
3536
2576
163
3024
576
2271
541
3402
2369
2316
2541
12
948
3453
3196
1535
1503
1312
697
151
772
3106
2128
2525
2772
1546
1404
2843
1102
454
2173
342
1844
1609
669
858
619
2719
2629
1103
2571
1414
2366
2367
1136
1781
2531
706
898
1062
2259
2650
477
2768
1111
3541
756
3482
1865
776
3180
2637
1819
613
2874
1812
3460
337
1222
2538
3379
475
2311
1975
651
2411
2492
2179
918
205
3184
2892
984
2711
614
2980
1914
1762
1332
133
121
1178
432
199
365
570
885
1940
531
1733
2101
3240
2830
3040
3212
2855
1864
1114
33
3403
1920
1807
3381
1212
3333
3455
1164
2947
2331
622
2290
696
1942
111
3241
107
1878
2368
3153
2507
2124
742
2562
3532
2802
1900
2057
1373
2604
1816
3091
2437
1024
3193
896
2253
141
3097
679
3487
1821
2080
1016
441
3426
923
264
382
1015
2796
1313
1236
3138
1954
66
708
810
2349
1517
2929
399
1487
357
1508
1129
1639
2460
2240
2774
2743
351
1528
3452
3132
1734
487
1072
2154
3424
286
1007
144
209
674
862
1944
823
662
2082
1317
495
3429
484
1189
3285
786
511
3039
2675
2019
1001
1372
200
2205
2778
315
1428
3434
2966
2910
80
3356
203
1369
1696
2708
2809
633
1437
658
2674
1205
2599
878
1620
2841
2445
3013
725
2431
275
2060
1757
1703
1679
834
1084
2275
2289
2440
2117
3519
415
1032
645
145
2262
819
3226
2968
2382
1919
3401
55
707
2282
131
3064
1980
3079
798
3405
24
1248
1362
217
2449
2276
1749
3053
293
976
1892
2698
3114
2975
2292
367
774
1657
1472
368
573
3104
838
2339
2700
1511
2773
75
175
1747
2836
17
2049
3306
57
3255
1049
2748
3358
2002
2762
2315
3197
120
532
1986
1541
3366
497
2840
1805
773
1397
2213
2378
809
2362
2174
2722
2404
3136
3001
3029
241
1662
129
1358
2803
2038
215
1435
3411
935
86
1375
2109
2372
44
2321
3230
3073
1220
1742
3183
1269
2216
1551
2845
3256
2094
3020
2110
1359
3328
895
3398
1289
816
2883
2957
92
2314
815
162
1158
1644
1685
702
308
1392
586
261
1549
2392
1945
2017
1748
392
2247
402
562
1133
1721
478
3299
3301
3374
2430
2680
689
1056
1959
1485
2234
1793
2988
1000
3499
1461
3
2547
288
2143
3491
642
341
2498
1466
317
232
2885
1274
2152
2972
1148
2954
434
2837
1383
2734
462
1579
408
2151
1490
142
2665
1150
1371
1368
1381
2543
759
820
1931
2325
1669
1598
2723
710
3471
2102
1727
1985
2139
1443
864
797
1797
410
1832
846
1299
1493
2425
1529
372
1567
2465
2338
218
868
709
1249
2792
2546
3071
3017
3465
3011
770
889
1011
1377
745
2244
2992
1442
2866
2232
3202
3480
252
224
1855
2550
3258
1463
2113
1835
3036
2745
2222
3033
1341
303
427
2807
1894
302
2023
1909
2640
3176
101
2451
1950
2394
3514
190
2258
799
3485
2396
3395
3067
3262
1988
860
1474
1297
3126
3368
2949
2967
244
1231
853
3215
419
3456
1842
3186
2097
2915
3528
1445
1856
3522
2224
339
3267
3463
3393
2189
3061
3505
625
3047
829
222
2847
1972
249
3347
3489
2746
899
2119
2741
1396
2512
1597
494
173
2365
892
2068
2580
2056
1402
2534
713
1411
616
3083
2752
1701
1367
3360
1305
2458
2601
3483
1491
1330
1625
231
1783
3050
3287
3406
1391
722
395
1320
2591
1017
186
681
2494
1029
630
2679
23
1584
2004
3167
3179
510
3022
609
789
3339
2514
1537
1998
1314
1923
2169
1699
1655
500
1893
2217
174
1815
198
1382
1413
1351
545
1766
1522
3352
2182
1599
2020
1055
703
1018
1151
1418
3042
1051
1173
3177
2692
210
360
2560
2231
1247
2613
3093
2863
1467
638
2346
2137
2701
1675
461
2919
2691
320
117
1616
2602
343
3515
3188
3165
471
1861
2503
2517
678
1692
2788
95
2981
1626
729
2485
1176
72
3140
2621
1608
3476
2007
1232
618
2251
1481
549
2997
1589
2854
1495
605
3435
2433
3533
2617
2121
50
3302
189
939
686
2894
3155
3142
1978
3361
733
2673
1145
1488
720
1753
1526
1470
472
1068
1889
2951
1642
1118
3529
429
2330
2481
1902
1089
617
2006
273
1216
635
2608
2956
81
479
3477
2669
1611
2586
3266
2715
3273
1705
2030
391
1105
1386
35
1904
2047
2515
1363
1258
1267
228
3004
3312
1452
2464
1730
1610
1523
597
1754
509
1799
2508
1202
1588
2357
677
2914
757
324
262
2426
1225
295
1539
2756
2666
956
2353
1963
1982
1688
283
1645
1743
235
3492
366
977
1792
518
457
2432
1706
3253
3350
3331
2188
2159
443
1654
807
1784
1794
2242
3229
659
2542
112
2000
2120
2811
2012
826
599
2336
2274
2823
3096
3159
255
1060
1044
1740
1081
650
2329
306
715
94
2737
2237
2100
1845
219
2230
194
68
762
3344
1079
750
3014
10
3313
3408
3172
1423
3175
369
3269
1555
2010
1154
1501
119
556
2125
958
1409
1327
3192
1862
1667
1527
1510
2913
1960
1207
1924
581
656
3396
2470
2625
149
1117
394
3451
1457
1686
1380
2296
3063
2721
2354
540
3462
802
1420
2249
413
628
2615
2763
3112
1827
3250
1163
2784
534
682
2703
276
3187
1346
2320
1830
280
106
781
245
2999
2755
2435
980
3173
294
2345
1422
1283
2297
2415
863
1702
407
3538
1829
1308
854
2936
67
2444
3019
2215
2388
2907
806
251
1728
2318
3068
3438
685
2800
3488
788
3115
2201
2324
1967
2838
3380
3295
1039
1966
621
575
1682
2969
693
69
1034
1708
2443
1002
1690
2528
486
2893
2461
3074
459
1739
1130
1316
2518
27
2111
2527
535
1632
791
2186
754
2104
1932
378
1618
1574
2709
1542
801
1149
2909
1124
467
3323
1424
248
2400
1415
1515
474
1908
2579
627
2761
3527
1891
2945
2026
1243
2141
464
3377
165
3222
2090
1198
2927
591
732
2793
544
2524
593
451
2131
1725
2089
2646
1881
0
1512
2299
3384
970
2132
168
73
2203
2592
383
1770
665
2364
179
2643
2257
2243
2654
2946
49
2114
3220
2850
3254
1704
2620
904
991
2676
1774
1285
1059
828
1640
1162
778
2978
574
2713
796
640
3280
1360
2310
3128
3038
2965
3414
2087
1810
414
979
132
1514
2647
116
2022
2797
1860
699
206
3263
2280
2582
2801
2753
502
418
657
2833
202
2048
304
2489
1955
850
2025
271
156
874
1465
2116
1678
2652
1082
1094
2865
1731
3259
3530
909
2245
1071
1653
3191
3041
2961
2178
2575
994
1710
2086
3164
1581
1028
529
2754
1193
2821
3468
1602
2013
3543
448
2540
143
2420
3466
2530
435
2535
943
3506
3479
2864
2868
903
1890
3431
852
501
2939
7
557
2705
539
136
2286
2083
2846
3066
1052
2355
2414
2115
719
1482
1651
1421
2073
3386
1929
1329
2
1777
1197
1031
3120
193
236
3300
1738
91
82
3364
2822
1886
3225
3437
2220
1540
2896
2626
2619
3531
1583
76
3433
1750
1872
655
2190
3545
1617
2904
1120
3363
3397
2429
1531
1796
527
1140
553
993
2636
1895
1989
2150
3501
3030
1648
723
207
1065
3145
2428
1631
287
2301
2356
2501
3293
2516
2418
2736
666
3227
349
1155
1737
1506
238
2689
289
2204
1087
569
277
412
1548
3062
161
3210
641
701
1916
947
3127
2653
2256
3131
2184
393
3147
1210
1013
1684
2172
2869
469
856
1660
1912
1406
2749
2829
2312
227
2439
3524
170
1042
2269
1319
764
19
1009
517
2140
2555
1121
3130
197
1566
3076
1370
2895
2024
3044
3329
1431
85
2474
1569
1350
1689
845
3542
765
926
1201
409
997
1857
2641
1928
1188
2583
3161
2704
363
3319
2284
2696
1344
1211
2744
2798
1707
1479
2003
3493
1277
1680
769
3521
2574
3189
1233
2569
2041
1578
938
2478
2165
385
3343
636
672
3516
920
3009
3436
155
1300
2166
3148
3234
2523
2685
3309
566
176
433
2695
29
2127
1681
2926
1085
1325
1026
1936
2577
3444
2557
2911
2250
668
3324
2061
934
3200
150
543
2133
1694
3294
1292
166
3235
3012
795
3305
313
2539
1167
582
1345
1394
3427
747
3490
2593
1519
2467
362
2678
1953
445
691
1849
2334
32
603
2386
3357
1469
848
2728
3025
1027
2347
2844
2566
1057
1464
940
1271
3075
567
3392
2633
2209
1156
3264
813
1802
2171
1278
683
550
3422
1045
1171
2495
2424
2389
2943
2690
2787
246
3365
147
1388
1968
2103
1096
3513
2361
447
355
3387
1152
2463
2191
2399
990
1088
2660
2076
1361
3447
1656
1228
233
900
333
2134
818
3080
421
2475
3233
1533
555
3043
438
1605
139
334
506
1043
2229
3330
3056
2376
1804
254
999
1882
744
2502
481
259
1227
2069
3415
865
3085
2776
2157
2655
332
2519
376
2135
3111
2018
1048
296
2570
1883
1339
243
77
2499
2423
3369
2332
1764
1937
63
1787
1448
3078
2107
3315
138
2677
1840
2985
1798
1636
2375
985
2106
430
908
2199
18
2526
3461
1099
1270
169
3137
3242
2482
964
1217
278
1075
3218
1834
2812
2859
1958
724
1440
1995
522
2880
572
3089
1309
1979
384
3246
242
1126
1732
3195
2092
982
424
1661
1785
1003
1462
1910
398
1933
2779
1412
2587
124
2170
877
1310
2214
843
873
97
1839
1993
2288
123
2682
955
1843
646
431
2897
71
1971
620
3081
1697
606
318
1241
1290
2417
3274
608
2684
705
2622
2770
2991
1276
842
3028
1500
952
158
2421
3268
108
2352
1628
2948
2180
3425
1965
2176
2572
1273
594
2496
268
2742
3321
631
496
2466
2670
1302
1098
1446
2884
1552
1947
2077
808
1906
673
2403
3277
1824
942
1554
712
965
485
1268
960
647
1429
3208
2925
2476
2008
1092
2287
981
3109
2509
917
718
1623
2996
1471
358
2849
2304
1729
1259
2521
3284
1194
1976
2005
1282
328
3032
114
2537
3059
2879
867
3002
2383
2584
1637
1977
3534
2486
90
755
41
239
3035
2757
2379
1594
444
3303
1621
2627
3223
927
1398
3006
137
1543
1208
2724
1301
1356
440
847
2554
1401
897
2303
1504
694
1477
1665
803
2987
1399
1113
3327
2813
52
2861
3469
2402
1853
1715
1577
1586
1347
3391
779
3251
2624
356
2905
1441
1646
2688
579
1280
2406
3057
1751
3224
191
654
1366
2632
305
2118
2098
1279
2031
1587
3454
936
876
996
521
370
558
3446
1560
2683
1983
2606
1041
1973
350
1419
1237
2153
881
483
752
2642
928
1095
552
1169
1486
1759
2479
1275
3494
105
2393
1170
632
2799
2687
906
1453
2918
2307
1925
1122
743
1451
2156
1530
670
3372
3092
559
1074
3122
260
411
2623
1956
1037
3428
2659
1296
3326
1456
3045
3243
3442
2059
1284
2254
2064
2781
1643
2545
3119
2924
3099
3182
2726
1877
1791
11
2882
1880
2870
1365
1850
2771
25
2021
83
2058
2226
1454
3271
949
1765
3113
60
1833
1606
312
571
525
728
1547
2014
3467
1801
98
3296
731
1687
2167
1822
153
9
1147
103
2858
1917
2790
223
2596
610
2873
2898
2066
1321
1324
3051
2853
2042
2223
3443
3166
1266
2142
2462
587
3416
28
2848
192
739
146
2607
2040
1214
2598
204
230
2862
1897
1306
1061
1159
3213
1991
812
3354
2578
2027
2490
2302
2791
1473
1622
1806
2804
1775
1186
348
257
381
542
3497
1047
2561
804
8
3008
2218
2639
2733
3382
2053
2468
2009
423
2881
1475
1761
2212
345
1570
1813
564
3421
1789
1550
3178
1649
2028
902
989
2563
698
1240
3317
1331
2457
36
1876
916
2168
46
1004
3146
2818
634
512
1724
3214
2658
3107
2323
3121
825
3283
2452
758
177
2374
1115
2717
3441
1458
65
265
2391
446
100
416
2815
711
2395
1067
31
1206
1735
3134
1964
3341
428
2960
2732
2585
3540
2484
3404
2681
1641
1668
1291
3185
354
600
1803
1513
793
1450
3353
1521
2890
978
1066
2725
1771
183
1489
1020
2266
3123
2228
1763
3448
21
2016
1718
2878
359
2358
2963
2390
2255
3337
3355
1744
777
968
1256
3336
653
1851
1038
1336
2937
39
3031
849
1524
2067
3108
4
171
925
2794
1596
2990
3288
2327
537
2718
321
2093
3084
1107
3385
767
2453
2875
2610
1590
1595
14
2731
3005
30
1100
2908
379
3190
3475
983
3094
3359
663
1288
16
2786
1683
2707
2720
61
159
2198
963
1417
2293
1439
2291
291
629
2851
2920
1557
2497
1576
1036
2986
1990
751
2252
1930
3135
1591
1871
1021
1499
988
5
565
2272
1046
2817
237
310
884
178
2036
2260
3367
1885
346
1281
3095
1996
1287
3169
247
2328
1252
2446
99
1874
894
734
3450
1525
3139
1033
79
371
1260
2544
2177
3118
3474
2783
879
3281
3517
2037
1134
2628
1752
794
1355
3049
1826
34
753
54
2294
3129
1135
2341
2759
2268
2072
1322
1767
2264
937
514
3325
3027
3003
1219
482
2553
1901
2506
2825
300
2175
290
110
1613
961
2806
3310
2694
2982
583
1131
740
1600
1083
1974
736
929
2962
824
2398
3205
944
272
2441
2916
1717
2600
3143
135
480
1502
3238
2842
1946
1941
3362
1242
51
2983
2824
388
2958
1012
1999
3098
2149
3257
1647
1825
1593
1556
2549
2039
688
2595
3276
1086
857
749
42
3015
3100
1814
48
2206
3260
2088
1374
1177
1741
2371
3149
2548
2672
2298
38
3400
3389
1318
1638
907
1970
3217
2483
1869
282
2638
2730
2663
577
195
538
2590
2221
1820
2455
2063
375
967
2108
2493
3279
297
2716
3221
882
3236
2419
987
2612
1425
452
568
3523
126
3204
3440
1019
3507
905
1261
2344
140
3144
2789
1828
1097
2989
3373
364
2922
787
220
3216
2810
3206
1888
253
3439
3237
717
1338
1315
2567
2164
1333
2246
319
1887
3158
1564
644
684
1230
2122
2074
396
737
3048
1128
59
115
490
3232
2273
1234
592
263
2740
1352
505
1184
1213
397
47
595
3072
2351
2185
3484
998
2261
426
2065
3124
1961
972
700
1823
1195
2614
1629
1652
2011
2777
353
1994
1896
648
1239
1723
1572
2609
3037
1867
456
13
2208
1981
782
1050
1427
2032
2410
2832
2649
971
466
499
3228
1808
216
1165
3060
2477
1677
1389
2211
3117
352
585
1713
851
2662
2712
458
2192
1811
1093
1536
3318
3054
1109
1809
692
1949
2889
2974
515
1073
2412
1307
1364
817
2129
180
2112
3495
1709
336
284
3194
3399
1726
2085
2827
578
1400
84
2767
2644
2727
1334
784
3162
805
1181
3332
1497
1926
2225
1722
3504
2081
2618
2233
1615
1342
2513
93
45
3125
1141
3349
704
1494
1349
2248
2686
2277
1
3150
2950
1630
2631
1144
915
2096
1192
3311
2163
3278
2309
3248
377
1831
1673
1262
969
513
1166
468
3016
2033
2872
504
2195
404
2491
1782
113
1221
1693
2015
1921
3503
3498
953
775
637
3290
2202
2238
2348
2510
2350
1335
1553
1353
2630
1788
1444
40
2955
2581
3105
3409
3410
2522
2758
508
3518
167
2651
3338
2828
2337
3342
1229
1138
347
2480
1112
2932
596
3174
957
2533
2559
1601
2634
611
861
3247
1559
871
269
3423
1695
2279
2145
2322
959
814
590
2597
766
3512
1790
589
148
546
1294
1565
716
1562
3055
298
2227
3537
403
721
1603
2953
1768
1915
2995
950
2760
498
1700
74
2241
3026
519
1870
2532
1025
439
338
340
3510
2488
3478
2001
1558
188
2308
2782
2052
2661
3432
2091
463
450
154
891
1786
1354
584
3322
405
2780
211
3412
301
771
869
783
64
292
2055
1293
2095
2505
1108
182
1756
962
1496
3154
2407
2699
2160
3244
2556
187
680
1215
2921
3160
2739
3502
285
735
1772
1746
2138
96
