1763
1057
1798
2829
2405
348
1556
874
2970
3119
3221
1873
2225
2077
1071
1655
614
842
681
871
2450
2240
154
1629
2820
1350
2760
2548
1360
355
3260
1216
1113
2004
1953
75
149
312
2321
908
2330
973
2152
2033
2565
853
241
2270
2212
833
2186
2834
58
1801
360
2444
3030
2542
2727
1425
111
1615
2847
1341
1456
2161
2232
2676
1895
2020
2943
2838
1517
1877
476
2474
1051
3057
2578
696
938
1526
2902
174
2196
1134
2890
1014
2369
1023
1944
1231
1827
2017
1732
2465
1806
2127
2340
844
3137
868
342
481
1549
1760
1103
957
1972
3253
2661
1416
1568
3175
3194
1857
2273
2182
714
119
3031
2072
235
1764
1270
1781
1275
462
22
3058
495
1229
3184
1791
405
701
3039
2589
2120
66
2563
2119
1262
622
2941
2184
654
715
2675
1108
2357
513
150
1746
1340
108
1787
783
917
1840
795
223
1204
820
2188
1232
2603
1410
2511
1337
89
2013
2230
761
2504
1998
2955
90
647
3199
225
1566
1745
893
762
1246
961
1864
991
1665
3075
3206
2193
1066
2427
2393
471
1663
1094
2591
524
2210
1824
825
1098
1346
170
3210
1913
2922
1064
293
2898
101
1420
585
2080
2272
2562
425
1912
2714
829
2602
1386
2793
1423
1328
1656
2136
120
2218
2643
712
1319
2670
91
493
2404
1205
2308
1755
1808
883
2821
769
85
2546
3053
2672
1716
743
1623
2484
2810
2416
2823
686
2772
3113
2179
1795
2910
1731
641
2222
2317
1373
2183
259
1924
604
1365
1082
2171
2169
2443
882
629
2194
2271
989
3050
2421
451
1412
776
2928
1139
1381
2323
1017
649
3076
2756
1241
2723
2949
1926
2730
1653
445
2370
1437
2968
1110
172
2395
173
1671
625
2449
3152
2354
1868
1652
1995
97
1969
435
1303
586
827
2914
2814
1805
1736
1651
1850
1196
1131
1603
2780
781
2469
1522
1087
2314
2813
334
1780
131
2988
1748
103
484
501
1574
2667
1092
708
560
2495
2797
1436
1672
1028
1890
1931
2441
1221
1925
3192
1053
459
1178
2854
2735
2952
2172
2731
1428
1540
13
3129
774
2974
2688
281
1569
1317
125
985
2217
698
1876
930
428
3032
3096
1305
1001
1548
1170
2418
2185
822
911
1375
267
376
1031
1343
1016
502
2423
2252
2149
2358
969
1542
2381
656
127
619
3202
2962
1162
1594
596
2466
1019
2319
2778
3114
2410
290
1729
1496
1981
1988
864
2191
1143
782
1680
736
3220
3168
2699
971
3132
122
891
1172
1725
2973
2502
392
650
1891
357
2801
1503
2610
1640
753
2882
2818
237
2786
1096
3078
2571
3140
1739
2519
740
3098
1980
2397
2920
2480
1357
1276
238
1212
975
3173
1364
161
2596
1469
627
1959
1237
1788
2626
541
32
1886
1061
248
2871
1118
2023
2269
343
288
1834
582
720
1101
2678
2244
1538
1863
226
2572
2043
2996
1135
2642
713
234
1942
1722
1431
3277
1677
1797
1171
201
2049
94
379
725
3102
249
754
2352
1486
1004
496
3099
2992
2691
803
2622
1536
446
1285
57
2288
1287
64
1460
2180
1259
104
2137
1502
1385
2734
393
2018
1296
2436
3091
2620
1115
2061
2135
1495
678
7
74
2627
2121
1726
1433
2126
1785
688
1404
1372
2353
1774
556
12
997
1044
2651
1075
194
1896
2003
2875
993
945
717
2931
3153
228
191
1009
2811
875
2040
668
2470
1370
705
378
3244
362
2038
1399
1831
461
1686
2830
2006
673
2710
1535
268
1888
1318
70
2630
621
413
2533
884
165
2056
1501
607
1607
2311
2099
1985
1161
1380
638
590
266
2948
1608
1430
1654
2412
2693
551
1482
2513
1254
1590
1052
1909
1185
1837
54
983
1290
2324
1242
748
1919
1609
3134
796
83
3262
2307
792
198
1851
1929
2375
2437
3147
547
1747
133
1037
1591
2190
2828
1737
2635
731
24
1771
3242
2936
2278
2792
2144
573
593
1400
1961
3069
448
1937
1173
2396
2284
1945
1268
1628
3148
2757
15
2263
830
1779
1679
247
17
2844
2809
1441
2945
1636
508
1292
121
806
2748
419
1356
130
3029
922
2275
1351
2022
963
1728
2458
2328
2677
1141
657
854
2641
3108
2782
2804
548
3015
521
314
1602
1478
3197
2490
2351
2891
1465
2459
1966
473
515
1920
1553
834
3117
554
2148
2784
2822
1965
1015
1804
2
2045
662
1712
2837
2382
955
313
1871
943
2205
2706
2983
2883
679
87
388
79
145
2343
2292
1777
332
858
1422
3063
296
1327
2071
3159
1950
454
2550
457
2114
1206
1884
2905
146
1181
2899
813
2783
1927
1207
427
2338
595
346
2762
1119
1077
2054
1401
1979
729
942
371
1678
2446
1882
387
2958
1089
726
279
2585
2100
230
1218
3089
1803
2619
1756
571
2592
2068
903
3245
2112
1177
664
709
3136
620
3142
2634
1418
77
3144
628
2123
3018
82
1928
1792
569
1138
519
2959
467
2302
2385
1176
345
2295
2971
3041
745
1904
2198
609
1984
919
46
2849
1079
1488
3135
1446
881
651
2145
420
294
2681
2399
2987
304
724
3051
1833
2637
319
2479
913
311
2664
3145
929
144
1069
88
438
1315
2473
1646
1921
898
384
1159
2334
1114
1650
2768
2060
1670
2527
1330
1724
485
1398
1342
1539
333
310
3178
1710
718
2059
2733
128
1676
2116
99
522
1796
297
3035
801
1415
3179
552
4
1644
843
1293
2855
2478
859
1689
655
123
2242
1352
2925
939
2625
3230
2911
1641
507
1195
794
1493
18
1906
1611
352
1632
157
2053
669
785
2520
2607
2226
3208
2091
2859
2611
1191
3252
222
3034
2807
1718
1362
926
1989
2460
1700
1202
2274
1448
2122
1504
1776
3141
2383
530
1952
2545
3232
3007
2235
1003
1224
2736
372
2753
2749
3226
1887
469
1562
383
1956
305
2069
359
245
2924
2400
3112
3123
2104
2584
2488
799
1821
739
3066
3067
1403
751
684
3087
2779
536
105
1157
1081
1554
3216
366
2919
2687
2977
504
2873
2377
2528
2906
2683
151
1145
553
1358
600
2942
711
998
615
1734
2763
167
147
1683
1169
2487
2554
2434
1443
1897
1740
2997
636
418
2632
2076
1705
798
210
3025
1219
1175
3188
3104
2741
1272
1855
966
1005
3198
635
2961
2221
2239
1741
2640
685
2456
1211
1565
580
3215
433
1133
3181
517
901
2885
2967
1127
1508
3204
933
329
1440
534
2750
2696
2501
271
1382
1444
1735
328
760
28
3161
2368
2046
2742
1775
3000
1907
214
2553
1899
100
1915
723
1582
789
2364
591
1239
1649
158
1338
2787
986
1154
1117
2737
746
1982
2991
1027
3268
3171
1889
831
2566
2224
516
2982
1869
2030
3275
996
1702
1957
441
2125
1258
1397
2438
2231
1580
3156
2445
3164
411
65
2259
3200
2534
788
1298
815
1100
1630
1693
2361
2535
205
2156
2570
3014
1379
2327
947
2841
846
3223
1300
1072
1955
3187
394
589
2800
814
1614
2349
2576
1902
3218
3009
2597
3049
0
2313
2481
1714
33
67
800
280
2796
2579
2129
463
2402
704
3036
472
1308
1892
1963
206
1697
3243
61
377
802
1911
1721
2075
2743
254
3274
1753
1281
1977
1264
1518
2178
1648
1413
1073
1106
1893
1021
2350
956
3121
810
1124
1706
3229
1265
2858
1620
1674
1036
2702
914
2228
2108
1283
262
1848
2798
808
2815
1784
2087
2079
738
2454
1621
1025
55
2770
694
2256
2294
1049
1770
3026
2214
81
1799
216
3072
1054
2335
2206
3106
3191
2530
1149
2477
2491
987
1530
2802
2255
900
1095
2215
1610
3118
1905
2086
1140
2514
779
1361
1789
2708
772
2755
642
3094
1688
3239
1421
124
682
873
648
1329
1662
2457
3084
1816
3143
2268
63
96
1647
3190
984
252
2716
2029
200
588
44
3024
1368
2461
2536
990
1768
265
2937
1084
1189
482
2850
1267
78
3227
2332
2840
1471
2993
2095
3001
2103
1467
2915
767
581
193
2577
1978
1769
233
1286
950
3138
2650
1234
2791
2773
3201
1506
1062
2893
2998
181
2900
587
1879
3139
2777
951
510
403
896
1244
2884
2157
356
2889
758
1104
2074
2944
1881
3006
840
286
2234
2312
2606
3176
1078
1395
321
283
839
1238
826
449
2874
1377
972
1313
1282
979
76
2547
285
599
2897
786
1086
468
117
568
2296
39
498
499
240
1546
1520
2264
486
1719
2684
324
2956
2665
695
2701
2559
2254
2098
1468
540
3037
50
1642
1949
2223
2645
318
3247
3261
2245
1457
1199
1155
527
3109
2867
1132
2277
189
1366
1252
2666
1939
2594
1034
2853
2717
2078
229
1334
1516
1059
2932
3040
412
276
2048
1699
2865
667
3256
53
2431
2092
1861
1472
3125
2516
1
2260
865
730
2200
1575
491
16
3236
1156
135
2564
2978
2093
439
1918
3251
221
2609
2139
1284
3166
1136
666
1323
2836
960
988
1505
373
69
722
1715
1335
1102
1750
2851
2440
3110
2266
992
2866
410
1278
80
944
1273
1450
941
287
1717
2892
2362
417
3234
958
1898
2455
2359
2660
1585
1484
1859
791
2522
2694
2346
1336
1083
602
934
1708
1759
2344
2972
3162
2409
2265
2007
2842
109
2131
2282
3280
640
2682
106
1751
2253
1940
3065
1461
1500
2000
2326
1534
3238
2394
1000
2021
1578
3225
369
904
1353
1521
1999
861
478
605
1660
102
407
1878
869
2329
2128
2879
2887
2725
702
84
1592
1631
2745
424
3273
1587
1248
2016
2251
421
1426
2639
894
1209
38
2994
954
2386
1227
1849
697
3004
3131
1659
630
2010
2621
1186
927
819
453
1842
1626
3248
325
1550
1856
637
2398
34
623
2980
965
1962
1765
375
2512
832
835
847
339
2233
2189
2795
2754
256
2322
2775
386
1332
2318
3155
1818
1707
1997
2057
282
763
2084
1302
2880
1908
2751
2552
115
2724
3228
559
141
703
35
2163
2483
116
2538
2379
594
220
1681
1586
2764
2468
1435
677
14
1757
350
2653
385
1475
218
1455
1266
2403
2543
1870
1661
1685
2769
1130
2497
1047
3023
2195
1810
3133
579
330
340
337
1946
555
2258
1617
2047
1280
1490
1853
1322
1967
2419
447
1579
2083
1344
617
1509
1794
1813
162
142
2509
456
1378
578
2374
1943
3255
1935
2826
2638
787
2593
3020
3124
2026
1529
2355
217
2599
2805
186
2117
2316
757
1987
3082
2556
2969
364
634
1289
1772
56
1838
749
3027
317
1598
1793
118
1622
1411
511
1167
2857
856
2138
2558
1288
2659
2387
2923
2499
2237
2704
2614
2082
3090
494
1050
1634
2686
2595
354
2895
2019
195
2685
643
2581
557
928
3250
897
3079
953
3266
1080
982
1511
2824
1532
1993
2767
396
1976
2052
2658
2531
2933
1744
2471
2489
1583
1938
30
2746
2025
1782
1537
1560
2247
542
3092
3240
1844
465
1065
936
1390
112
2774
2107
2167
1559
1179
1703
3219
1311
2700
2549
1076
179
1852
358
2886
2510
2803
1854
3254
1454
2759
1812
1144
264
1406
1233
2262
3055
1846
62
570
3258
1325
1183
1010
768
398
1333
242
1354
1116
316
327
492
1223
577
1018
2561
1858
1832
2655
2347
443
2376
1063
2981
1190
518
707
51
1675
860
2435
1409
828
2417
2617
841
2005
1783
2508
2290
2475
3174
1645
2726
2132
2028
766
2064
243
506
1687
361
1295
1738
3209
2175
2999
1723
3003
921
1142
2940
1743
2918
887
646
2947
1960
315
544
426
26
2333
1936
1442
967
73
2707
857
1581
1125
2537
1480
199
1573
3081
401
503
1684
2036
773
2846
137
374
3207
436
42
2090
2299
3211
2373
177
98
2301
1152
19
2493
2283
2703
1123
3073
2624
1635
2447
2930
3263
888
182
2174
838
166
2315
1291
1570
2567
3169
1643
3222
3281
2158
1826
2105
1046
2372
1393
2133
207
1880
2081
2555
2367
169
1867
1627
572
2229
2238
3095
2422
3093
1483
1220
185
1828
737
1545
2041
2747
909
2582
368
872
2428
2207
353
2709
2248
3241
790
2463
298
2752
2615
3052
2310
3158
940
2306
2827
2287
2960
72
2715
2213
3196
2261
92
1099
2984
1860
1544
126
2055
1427
3083
706
778
437
1463
1947
2281
3279
2825
3071
3150
529
2390
2657
2765
2070
1473
367
759
1449
2001
3046
710
2498
1184
1022
2130
444
2365
1658
309
906
2623
1901
1701
1809
307
434
1247
2872
2199
1388
1601
2453
272
756
1107
3115
1704
2711
114
190
2990
1730
899
320
3010
1958
2776
2429
2420
2894
192
136
197
2540
889
2219
1055
3189
2197
2505
3085
2738
1326
2250
2539
1572
3212
1312
1151
2636
575
2722
1571
1695
25
171
2011
583
3205
2649
2646
3278
134
416
1709
1991
397
1668
113
1217
20
2201
2876
1277
2042
1097
2816
2986
948
2293
811
978
152
1778
863
626
1720
2015
52
1489
269
1146
1067
497
1045
2695
1243
187
1974
683
299
156
477
2839
1228
1160
2464
3070
672
2790
452
1163
797
1041
895
999
1932
1197
920
2425
1458
1407
211
1316
1389
3011
612
2904
2492
2378
1669
1192
663
3054
2698
1215
1250
509
71
2588
2177
520
3249
2712
1773
3224
159
616
2411
1600
213
1822
1900
1260
2515
2613
526
1374
2852
3101
659
2305
2917
2888
2963
1514
1762
732
1020
261
2298
2339
755
2309
2331
2176
1369
2926
2935
1121
2202
2320
2051
849
562
3265
406
1349
1201
129
661
196
1992
1304
301
3088
1625
2668
335
2644
2785
1811
2921
1297
2168
1088
1664
1633
1279
1933
528
1606
2267
1452
2835
870
3233
1922
168
2532
2862
1158
2391
3195
876
2587
2089
3045
3080
1619
1561
1035
1321
2600
1306
2648
2415
2669
574
2946
2663
1013
862
1166
1593
618
2808
2758
2211
535
2111
251
1564
3213
3186
3180
275
1235
1841
1843
1527
2608
1182
3060
1038
2832
558
2616
1122
1552
2881
381
1168
3163
2507
728
258
597
805
470
2345
9
184
700
2442
1941
1008
916
423
1951
1294
771
2975
132
2389
2979
2243
727
645
1510
2155
1068
1299
968
994
3237
1885
2147
691
2009
910
1613
3264
952
2085
2341
487
1711
1541
1584
741
3107
2521
752
227
1618
231
2629
1042
2985
2439
399
93
1576
2728
905
2039
460
163
1807
765
775
2285
1214
624
1203
563
2598
1990
538
639
2671
932
1916
545
1225
976
37
1825
1519
2870
3062
8
1487
890
1512
2903
1903
2761
1682
3
483
1474
110
2027
1438
584
43
817
2336
2864
2162
244
3185
3203
1830
816
2304
1464
923
257
1543
851
1257
1085
1396
793
613
1694
49
260
1638
160
455
204
2929
183
2096
1507
2360
719
489
3021
153
935
2720
1256
878
1058
877
1451
2300
658
1767
224
632
3077
41
450
1012
1485
60
564
3154
2227
1194
1835
2705
1577
2209
505
2448
3028
3172
429
2713
2652
68
3151
2432
2097
1547
2605
879
3019
680
2732
2170
2719
341
3160
2574
370
2806
539
1986
2939
653
2869
3002
1033
1894
1367
2166
1766
2740
2208
915
1271
721
3097
1320
442
2485
2002
1249
931
2280
2066
2406
3217
523
3086
3043
2062
2462
1971
1032
567
3235
2868
215
716
671
292
1462
1307
1666
2654
566
764
2303
1637
2789
1727
1240
867
1314
1820
3183
440
291
1528
1875
2279
2426
303
1595
1639
2976
1690
1002
836
323
1847
2721
1394
1011
3064
236
1188
3111
2506
2154
95
2618
1060
2907
2766
1948
488
804
606
1090
855
3105
390
1310
2964
2690
692
2371
300
306
1391
1105
1752
1596
178
208
747
1230
1823
1148
675
2204
1531
2109
1551
400
31
3047
525
1348
1424
1973
2106
2113
1345
1029
2909
2656
1383
2153
140
47
2380
1263
3170
1324
479
1339
995
770
1269
1024
1476
2366
2289
175
458
949
2012
852
308
45
3214
284
1253
1417
2799
3005
2557
2008
2159
466
2633
3269
2035
1453
1914
1964
1193
1865
3056
3042
3100
1996
1733
1392
644
1387
1558
1419
1007
2140
1040
2856
2467
1187
2500
2544
660
1043
107
2088
1150
2569
2192
500
10
3128
351
3068
1026
2408
2115
693
1845
2216
734
744
1567
546
2187
1758
2143
1432
1261
823
480
202
2560
3008
2913
780
5
1070
2662
1048
3116
380
415
2739
533
2689
565
409
2160
2401
1402
676
139
561
733
2430
239
2729
1091
2878
937
603
2912
1126
326
601
1074
3259
532
1147
812
2953
2518
821
1930
289
1245
912
633
880
2118
1910
1802
3167
2679
925
2845
2604
2203
742
395
1612
2580
1657
1109
537
2954
3033
674
2124
2424
1429
2951
2908
3182
2586
1497
974
2451
1331
2995
1954
2388
2517
3193
3149
2476
278
3012
143
837
1200
322
598
3022
2877
807
338
414
232
1836
2063
2024
611
2164
1866
2612
1513
970
2101
2291
1604
3146
3103
1355
1917
1180
3246
331
2348
1524
2529
1494
1874
2482
2165
848
1153
188
2927
777
1492
2392
2452
3276
2356
1111
2916
1208
1479
422
1696
1174
1691
1445
608
1692
1434
1481
1405
784
203
1164
2276
1883
2236
2102
892
3271
253
2647
209
1408
1301
1477
2181
1673
404
1588
344
1371
430
3038
1056
3157
866
514
2568
2337
670
3126
2583
886
48
610
349
408
3231
543
1470
180
902
2551
2843
36
2414
531
1165
2771
824
2246
2718
464
29
809
1030
2965
631
402
2034
3061
1616
1563
2384
885
2486
1006
592
3122
550
1523
1459
2433
2680
2142
1786
263
431
2220
2590
735
1137
2067
164
1970
382
1222
2134
2861
2744
2094
148
1814
3267
2523
2819
1498
490
549
2950
3130
155
270
2896
1975
2541
2032
1817
2601
907
2413
2989
2863
6
2496
1376
1414
1120
365
2325
2014
2631
964
1533
2833
689
2966
2150
750
3044
1968
3270
576
1309
665
246
277
23
1839
2938
2146
1129
2050
1213
86
2831
2860
690
391
2848
2044
3074
1525
1934
1447
3272
3177
959
2151
2058
1112
2363
1491
21
1384
2241
3017
1439
474
1515
295
2794
2934
1749
924
1819
219
3120
1210
1347
2257
1761
1815
2781
1128
1597
347
250
3059
1698
40
946
981
2697
980
1274
1466
1039
687
3127
27
176
1742
212
138
1589
274
2901
2249
2342
1994
1198
1624
918
1499
2472
2407
2065
512
2957
363
1555
2031
2628
1862
2073
2141
1093
2812
2692
475
1251
2575
2297
1983
845
1605
3257
2525
273
699
2494
2573
3013
652
2673
850
432
2173
1599
1363
1236
255
2526
1226
1255
3048
977
2674
1713
59
2788
1359
1923
1557
962
2286
2524
389
1754
2817
1800
2110
818
1872
11
2503
302
1667
3165
1829
3016
1790
336
2037
