2883
974
128
4468
2463
2351
3757
1553
114
1312
2446
2400
1281
2947
367
2715
4676
2531
756
3190
5274
606
5270
2544
3455
4119
3875
1613
1950
365
1253
132
468
3843
4707
285
2662
1004
2163
120
1886
1542
1138
554
1861
253
3527
4500
963
2264
5116
2309
556
3784
2983
141
2666
3357
669
1295
4556
2558
3709
1706
124
1998
3782
4163
2117
1770
3919
1557
5324
3702
1209
1468
2928
5219
2925
368
4969
2234
3833
237
509
5099
1385
410
888
730
1968
4706
3862
1341
4538
3502
4892
929
2491
543
1352
2632
3269
3170
2899
4320
3393
1108
4442
1626
894
814
2802
878
70
5147
3626
5283
3730
1674
4233
2625
1867
4824
1157
2495
90
1315
3025
5054
2266
214
4770
1291
903
2028
1549
1856
5023
250
2190
5407
1015
841
3228
4137
3705
4359
5340
2241
2808
2616
4742
394
4473
2979
2045
3352
3996
160
4400
1726
3596
1713
3297
1704
817
2538
2976
2572
2153
3303
4566
4049
2024
338
3019
1118
4652
4482
2691
142
5214
3203
2612
1682
1561
1725
2486
4411
2820
694
4143
1571
4423
914
5102
5082
3807
2590
2256
872
1333
159
2433
1887
1802
1593
798
139
2465
2757
241
4031
24
3537
2786
1211
3754
1155
2369
1491
1394
4904
2567
3169
1396
4518
2644
78
2381
1570
884
4418
2205
1909
2912
1043
3318
2375
763
3046
3253
614
4719
767
1293
2317
4018
4324
330
206
985
3165
4111
4175
4091
627
3511
2426
4136
4873
2434
4929
4832
3078
3075
3498
743
5040
280
1915
688
885
856
3829
2110
2826
2532
436
2496
1338
3433
2148
3377
4237
3759
3574
3120
3381
5401
857
5328
524
2817
5327
4573
57
4594
1734
3
2120
4169
5354
4775
3071
1737
2040
2678
2902
4806
2872
931
1284
1719
2343
2348
4834
722
2157
3831
5004
4791
102
2830
1515
2533
4761
706
1838
136
731
740
5042
2094
4795
2880
3665
2767
1078
4512
4579
4849
2409
4777
3992
4130
3962
5318
3820
301
5000
3432
5055
4984
3140
522
1647
2711
1001
1871
3216
155
3487
1873
1030
3787
3337
820
3633
361
3647
1143
3102
863
5098
3099
5103
794
5044
3431
2709
4325
4656
1880
4909
443
2410
1939
2292
4392
245
550
1418
3137
635
112
588
2000
401
1414
5225
1346
2428
5014
4779
4756
5190
2882
4254
2706
3385
1056
2177
1994
3905
3546
1830
4800
811
3795
1087
1492
4979
899
4251
3493
3796
5349
4179
2373
4052
81
3001
4846
1130
4560
5060
833
4703
3725
1957
1093
4999
193
75
2768
1656
4564
210
2868
2149
3870
3023
3551
5117
2664
4717
875
4720
1587
624
920
3206
1509
3084
1023
3097
1794
3486
372
3587
279
1864
5368
941
471
674
2126
646
1914
2186
773
3722
1203
3408
5033
258
249
4870
3471
520
2672
4332
999
1775
2897
2803
2611
1657
93
1835
4271
3774
4128
5331
3906
80
1938
5053
3871
3943
1330
2079
4796
4058
2564
3472
571
1707
2627
3563
599
578
3271
4054
236
2445
4889
4908
4009
2155
2546
2225
2036
2305
1164
742
4409
2556
4106
3721
326
4166
3405
2448
4241
869
1506
3818
3731
2085
2876
987
1697
809
88
3697
1660
4571
5128
1694
5267
5252
3707
269
1495
4924
373
4750
1104
3167
3679
4994
5256
5395
2209
1934
3096
3785
714
97
5111
1807
172
3130
486
3201
1432
1184
3457
3806
5087
1421
10
1294
3490
3325
2894
482
2787
370
47
1433
782
3873
4622
3933
323
3506
3614
3273
1227
4362
822
1454
2371
2958
4497
3467
5019
736
4726
4847
738
5221
3489
3664
2517
4123
1174
5305
1107
1722
5096
2956
4664
2357
412
2435
2132
4509
5240
3514
5150
3247
2697
2456
2215
3223
2342
1755
4433
3363
3866
1154
3631
5142
2162
7
179
30
939
3912
698
813
5068
1241
2852
4070
1831
2727
3817
3436
4215
4162
3888
5419
852
3118
329
5306
1460
4964
796
3667
2251
650
4315
169
2424
224
512
5043
488
1995
2306
5417
4530
4278
3951
1847
3558
4361
4221
4413
4168
2527
176
2893
273
4548
2467
5293
3313
4734
3499
4991
3164
1160
388
1586
1105
784
2226
3234
5420
3601
491
3326
163
2418
1788
651
5251
3354
5011
1709
1981
4698
4667
5326
4986
3430
1244
2327
3129
1640
1218
846
4559
3972
3729
4005
1962
1230
4118
3402
902
3483
2324
2650
2039
4496
5409
3510
4373
178
2469
2279
2330
4818
1429
1109
5285
3466
1208
2992
3530
1416
4463
4132
4141
2384
3735
2278
4928
3317
3687
2547
4790
1670
3474
3362
5027
673
1712
4304
1929
1311
3978
35
1701
837
967
5343
4897
1377
3037
4352
4395
3091
340
687
3082
4731
1040
1967
2347
3954
1908
1204
4607
1878
4621
4462
5009
3298
2326
576
583
2943
1910
2147
3002
968
2885
2011
2719
5038
357
3147
533
2425
3261
2584
243
331
2845
3396
5203
1785
2455
3907
349
922
1695
4978
2133
5411
1446
4599
1386
824
2708
4798
3476
4063
4955
4952
786
3878
2097
4533
4947
3928
1221
1260
3998
400
2370
3848
1659
5065
5207
3292
1917
4685
514
4115
4992
4537
5346
2809
2060
5180
4674
419
1472
800
481
4001
2080
2277
2827
4879
3851
1528
3761
1642
4201
2936
4272
781
1913
3364
3528
4287
5315
1167
1852
3834
3745
4755
621
1117
1129
1389
4323
1951
1423
402
1422
2055
1703
51
1242
407
4598
441
2626
2954
924
3620
3678
5217
2081
2478
5012
4802
2396
4953
2027
4084
1083
3181
230
3033
2143
4082
2900
1685
3773
3562
5007
4983
3967
2704
2788
2758
1901
2720
1812
5236
4024
5226
3462
753
1999
1879
1524
2087
1579
3717
4617
5341
3141
5056
2228
1198
1953
5347
2344
5391
3726
3714
511
4850
1944
3444
4950
523
3952
1092
1466
5086
1228
4716
1692
1933
853
2413
1272
3650
1194
4288
3692
563
892
2881
2891
5193
537
2953
4338
1231
213
1633
2318
3283
3008
1139
4441
559
977
5015
4256
590
4619
4600
4521
4120
2181
4155
3797
2973
3404
913
988
1319
4181
4966
1567
217
4925
1615
1556
639
1166
260
149
4085
2481
1369
4308
5171
1885
4383
3038
3121
5281
1115
2617
4429
5085
2336
5370
1795
2331
1500
3403
3035
5130
403
3960
1162
140
1262
3150
715
3557
53
4002
3085
3900
3772
1069
232
3956
4311
596
4612
1181
2066
2509
5059
1021
1481
25
3036
1882
1893
4047
1062
4829
4654
3236
1534
215
2030
2090
316
997
3646
4090
1443
4936
4246
4995
2859
5105
218
4663
2575
2473
3460
3361
2380
1427
5423
3415
3581
772
3610
4673
4769
785
3459
4107
4200
2088
1523
2635
803
421
1881
4519
4988
1280
1286
2886
5339
2713
1364
5051
1395
5405
2022
709
3812
2995
4551
2174
4299
4072
4805
3163
3778
5362
3000
1566
2197
1816
2086
859
1061
5195
2213
4055
700
925
4854
4424
3939
4394
553
2490
1937
1931
4331
4962
3447
4415
3518
1930
302
345
3874
2731
4510
547
3593
3028
2848
4997
3413
5017
4931
2289
1710
387
1306
2576
934
2466
1844
4525
2159
4839
1224
2732
1558
473
2419
4883
4154
1483
5120
995
2762
3470
484
3886
474
2723
2608
306
3089
5246
122
446
378
3139
1837
4397
1868
2150
1464
2530
808
26
3864
3567
4675
3235
898
3556
1106
5045
3662
5379
2173
4354
1966
1270
4445
3786
33
2296
3891
161
938
3341
4113
3425
4730
3986
3445
16
211
3949
2073
1956
4370
4073
2537
5358
557
2712
4006
202
2680
2745
4874
4649
2026
3496
2248
2016
2699
1068
3288
1790
1907
3052
3869
4696
1708
2674
3624
2846
4351
4712
5424
4680
5261
3080
569
4859
2923
1851
272
4363
2038
5366
4178
2948
4396
4529
2989
2670
3029
5058
821
4735
4641
3090
1723
5371
2805
1662
4189
978
5389
3334
3750
3683
518
3200
3549
1085
4427
861
940
168
5255
1990
255
2161
2982
1424
575
3286
1595
4222
1059
2957
1200
1398
4420
4704
3921
2119
2139
3569
4036
1525
4690
4173
1373
3589
4670
3645
1116
4601
2222
1158
2404
1476
12
2582
1489
2513
3145
144
702
5191
290
1016
2099
5384
2986
1846
4138
2365
1289
2269
848
611
4410
292
4495
877
480
2366
2700
3296
2287
1448
1357
2656
1170
4539
552
3143
3222
2298
927
604
3154
5063
4692
67
5400
1239
2843
464
3657
513
1621
951
3622
4700
198
1574
855
1326
452
2615
3482
1360
2199
2721
4378
2737
3542
3835
2385
1946
2443
4932
3618
4291
431
423
3924
3367
1801
2203
4752
4133
2049
3578
3264
3830
1663
3604
2191
3822
2358
2551
2514
3762
849
2075
1904
5307
3748
1102
3196
2124
2740
5016
2420
4156
2291
4949
3265
5050
4108
2006
4038
605
2484
972
5034
2774
4327
2917
1342
1924
4066
3974
1751
3649
779
4183
5415
5106
2047
1874
1029
1193
2999
1403
4451
4157
5297
1202
1667
99
1419
2579
4772
5320
186
2406
2431
4693
4305
1906
2965
5088
2408
2179
3280
424
154
3183
4048
1065
2249
56
100
2412
1413
1014
3561
4375
3704
1484
2333
4228
3054
2607
2421
207
2750
1405
1932
703
4013
5037
9
1923
3138
2171
2840
3963
5250
655
4203
1412
3897
4546
3741
5248
3481
600
570
4683
812
1919
721
3244
3682
4956
4164
4328
3763
3219
1201
2722
601
2109
1374
1964
1191
2182
1513
2800
3994
5222
592
2640
1729
1113
79
3389
1329
432
1212
5323
4855
1605
3424
4244
4727
69
4037
2471
1336
197
618
4197
1283
3968
2168
4651
713
3805
2919
4092
2493
572
909
61
3539
3074
63
3225
3287
2303
4007
3301
1084
3576
1535
1009
1689
844
147
4915
1316
2921
3724
2578
4145
3838
5124
425
5145
2164
37
2243
591
4079
3885
5262
4475
3218
3209
3836
5072
1955
1275
73
1384
2457
1249
3948
1180
5001
5425
5175
5220
295
3122
4582
1236
371
577
1278
337
982
521
343
5212
4517
3790
1053
2905
2154
156
3632
4170
1583
2518
3611
764
4837
4075
3945
2319
41
5201
2012
1032
2966
46
3934
2506
1641
2996
1622
1089
2903
4767
91
3522
4454
5402
332
360
3067
4910
2599
3146
4213
5196
638
5021
1853
2093
1008
5062
1332
937
2274
4697
4547
2682
4282
1022
2340
3242
696
2742
4526
3276
3252
277
3149
1261
3144
2918
1353
2603
5172
2913
4469
1705
2751
126
3671
4753
1066
4188
2236
3034
1178
1869
5287
3227
2977
3257
3282
3237
2730
2909
4430
1197
4337
5304
271
4301
2100
2667
2057
1759
4268
1814
560
850
66
1071
3841
2247
3422
4127
1644
4317
3598
2522
1793
3112
3151
1298
4341
4481
1635
672
3892
4065
3332
2068
2084
242
2138
4882
1564
4522
3997
3779
2212
3839
3374
3156
152
1895
943
3957
4562
5361
4998
1891
4021
2414
1099
3058
2698
2701
792
2402
1779
2778
13
975
1776
4713
1865
3571
4774
462
949
276
2908
4003
2451
183
4205
3926
4715
2738
4863
5186
5067
227
321
98
1568
4312
4426
3940
2968
3591
3903
2622
1428
3929
5330
3093
2586
2037
2281
4575
954
1012
930
231
4202
1339
4477
4736
418
935
1399
266
1541
4234
921
1318
1409
2023
3428
3030
1499
2009
4104
1190
678
379
695
799
3760
1229
336
1163
384
4260
2059
2651
1024
3443
3254
5308
1268
5428
4763
4086
2630
4914
3854
4592
1921
4192
508
296
438
636
548
564
3849
677
3630
448
3911
905
2106
3882
3586
2394
2232
1767
2430
4764
501
2550
5332
1756
704
719
362
1699
3479
1430
391
1322
1735
5356
3168
1820
3698
4431
2233
2123
4718
3211
1098
4419
3677
699
4068
3378
1141
4041
3452
5286
2288
2216
2115
3232
1431
768
1576
3013
223
4639
1533
1899
1979
5022
1857
3791
3776
3057
1417
2858
2972
2122
3570
2878
881
1132
4660
1983
5079
4578
2183
1624
3310
1980
825
2316
3279
3648
4631
3330
3311
2437
4593
22
113
5164
4089
4056
151
4366
915
397
1519
835
2221
2812
226
247
199
4022
3999
344
5166
2107
2795
5296
389
1963
716
4682
2018
422
595
4814
5280
4895
3608
1696
1391
2781
1761
4425
3478
3720
3239
4319
3159
3284
5265
3418
973
5377
3204
2461
1349
3390
528
5167
74
71
3599
1780
4095
5232
2577
4627
4794
3639
1572
4466
4640
1627
3930
4159
2653
2566
4372
4414
2816
3976
1629
2004
2349
3821
866
1245
2867
4295
137
826
1269
4903
4464
4393
1612
3844
2765
4206
517
1845
4937
3266
3728
1452
1800
4139
5233
769
4321
4807
3348
1563
4402
1142
1798
3621
3965
5039
1487
2660
77
986
2862
1833
2910
4270
2619
664
4773
3935
4126
1223
609
4858
221
4438
1151
3775
1343
3416
2951
4135
3534
5374
816
2235
1892
1920
3635
5138
4358
1637
2356
2151
1420
89
1175
4508
393
3946
2474
4816
5162
3417
1965
1977
3356
617
4793
3194
628
632
3197
5234
860
2136
2206
322
4825
3172
864
1560
3060
3092
3108
4232
293
2915
3533
3246
1805
5353
4
530
406
4609
434
1082
2112
1598
4314
1650
3859
2389
2837
2477
3308
2614
3105
854
1146
4797
4780
4867
3495
3400
1573
2361
2525
3983
3302
1839
2890
558
3879
1784
1803
133
3653
2043
50
3509
5134
127
268
1090
5146
5118
2211
3217
2335
1522
2284
807
4691
493
358
602
4574
1120
1169
567
2620
4302
1054
1300
4450
4380
2553
3718
3382
5215
2724
4490
890
1378
3128
4852
3488
1577
637
3742
4711
594
405
1952
1514
989
4980
5294
1020
3815
2178
5161
2388
4540
4146
2201
52
4861
5359
2008
634
4862
3792
5230
1603
3420
5260
4853
667
4180
3070
2990
536
3538
1368
5289
3894
1292
1526
123
3106
5271
979
1026
1590
2334
4535
1973
3268
1161
366
747
392
3623
5151
4613
4527
4815
5216
2875
3463
95
840
4467
658
4672
1822
2017
3162
818
5385
1539
2668
2988
847
4292
4684
3048
1688
4121
3519
1356
353
1147
1473
4831
252
2970
4235
4399
1103
3606
566
1862
1309
287
2998
4293
5344
1047
3738
3585
4836
3973
3863
1588
4524
1125
4810
5380
1894
1758
440
2761
2345
3004
3199
415
842
64
4369
3376
195
3178
3504
3814
3290
3872
4263
2242
827
4398
718
3837
4134
200
2444
1475
2685
5266
755
2580
4792
4355
4096
38
1554
1876
375
2847
4160
5244
4364
3531
945
4671
5372
1601
1458
461
4344
1890
4043
643
4939
4391
4417
2031
3103
3003
4520
4421
4823
4281
2141
3895
470
1875
2299
1340
1799
1888
2597
138
359
495
4516
1119
3660
1565
1750
3355
2574
1796
5337
994
472
209
2892
1787
4198
240
4186
1651
1548
3580
289
2549
1063
2873
228
3852
4960
4957
1714
1434
1136
3051
1550
1562
1179
3899
4459
3641
1507
3880
2831
5334
3109
2933
5187
2775
3579
1823
4439
647
170
4808
4114
262
545
4989
299
5291
1392
2401
442
3180
2238
454
1829
966
771
2063
2398
5084
1773
4071
4743
4921
4557
4954
829
1496
1011
177
28
1017
1112
5089
1661
3427
3238
1494
2294
645
5177
4161
3395
4739
1739
5229
248
2861
4335
2427
3883
2849
725
682
581
1114
450
4695
998
3220
3516
4833
5184
1247
3811
3959
5410
1786
4721
2113
2127
3477
4550
2058
5404
4097
946
1616
1196
1993
928
1510
5131
1076
5414
2695
1654
1046
697
3136
867
455
4942
3437
4342
1057
3177
286
4972
1159
615
20
119
4778
4492
3942
4907
4590
5342
2083
3753
3187
2160
3017
184
3182
3115
2323
1086
2665
3353
679
1532
862
256
971
3914
2062
2669
2772
1676
2705
5264
125
2693
5403
1007
4386
5169
1618
4382
274
2392
1658
3747
1219
2483
43
36
2649
3184
4259
3765
1060
3410
2821
2759
5020
3369
291
1638
662
3065
3970
4140
3955
4868
1156
4390
109
2313
4309
926
1013
3826
3384
1690
229
3050
3501
1235
3245
3304
4666
4553
5064
3073
2683
1597
3153
1354
3824
3590
3736
5373
3083
1449
2561
3449
233
4848
5421
1718
2255
4306
5282
2568
734
1797
3397
1619
3500
612
4958
990
1345
4025
3064
2231
1407
3345
3819
1928
2021
5179
726
4103
3680
1821
2828
4589
3853
4447
1002
4194
2056
4561
3688
2944
5284
774
1498
3840
1051
5132
3133
2501
1470
4158
1401
2314
451
901
2825
2046
5204
5408
657
2393
5241
1578
956
2687
4898
4996
2877
3686
1645
264
765
3656
4749
4977
348
996
4976
1335
4381
4940
2134
2570
1607
2855
4062
2718
2975
2267
2887
4144
1131
5369
4965
1019
882
3612
4787
4881
2941
2459
404
3634
4185
3676
1959
1222
2480
3802
3407
1337
503
208
194
2540
83
4099
2896
3958
1653
4877
5168
311
5078
3699
2273
162
339
2376
3166
1304
2618
3710
3100
832
720
3383
917
1608
2922
2935
5002
4296
4819
1596
1858
1721
2144
4513
1958
775
2257
1859
3063
876
1711
2128
1736
1080
4588
2253
4757
5075
191
4374
3764
1655
3990
732
5418
3291
760
3638
4702
3543
2098
2268
487
593
2440
2130
642
3088
838
4801
1940
2725
546
4705
190
1905
525
1883
4934
1406
1186
4708
3021
5073
984
1611
2543
5239
900
2061
3715
2015
3615
777
1840
4110
3584
3026
960
1252
3494
5113
1824
1693
1521
2798
4981
4668
413
1505
1743
4283
2092
3062
3981
1589
4474
59
4227
5413
3693
5127
2631
4207
3031
690
2013
2964
538
3370
4894
2368
3663
3148
2604
2240
3977
516
1813
4109
44
1079
1639
5237
1455
42
1811
4567
4167
17
185
4534
2587
4809
4042
4891
4591
992
4485
2411
1970
2782
4204
4498
4286
5183
4269
1376
2208
883
815
2780
2563
3231
2187
2898
2512
653
3327
1365
5036
2194
4974
4339
780
2078
1000
1630
4830
396
1402
2354
3007
4614
3458
1625
711
640
2945
3950
3107
5218
3568
1081
2841
327
4851
5211
4880
3887
2679
4577
2789
4172
630
4714
993
2454
86
3947
4689
620
1768
3668
923
4866
1764
3368
3674
4817
3358
631
5159
2939
3560
1052
2476
4860
1754
551
5275
2638
686
3152
1757
4835
4329
1715
5352
4405
2784
3740
328
3346
2198
1643
2014
953
2399
3771
2901
3783
3752
1361
2429
430
4905
4255
1215
3300
948
3582
2654
4470
2169
2311
4275
2158
2717
2103
3485
4276
3681
4264
460
759
1467
2854
2974
3876
1187
4177
2482
2981
2245
408
65
2270
3174
3039
1771
1225
2888
3340
1985
1649
374
2573
1772
2172
4812
544
1408
622
2623
4581
1469
111
3613
1746
4738
4408
2515
153
3658
3798
1617
478
76
2450
3654
5243
933
4552
5292
5350
2452
4900
4035
3347
3446
4245
1445
1437
4595
4840
666
661
3011
4460
4961
3289
2472
313
1044
584
4586
1425
3689
3375
2613
2441
5107
4725
2003
3526
3609
3469
1034
4710
5302
4973
4584
4267
4217
1127
4917
3769
959
180
4171
3451
317
2321
2776
1440
314
2304
2135
259
4376
420
4284
1537
4638
1602
1411
3278
4887
2536
1974
4004
1297
2628
758
919
3575
2468
3860
2741
135
2863
502
619
4480
3545
1039
2140
2170
4122
1313
1520
1632
2185
2397
1397
1055
4388
5013
4449
108
244
541
3988
4602
3503
312
871
5298
3865
2360
4745
4610
1388
342
182
3068
2938
2020
2230
2637
21
3652
1742
1351
4218
2280
2934
5024
2516
2415
4083
1982
1363
4856
5069
4647
2261
3521
3450
4618
3550
4569
4785
1668
4210
1273
5185
1517
4583
839
4872
5115
2914
787
220
3434
708
2074
684
110
3644
5139
3592
580
3603
3583
5182
4890
2565
1018
4842
791
1135
1850
4077
3588
5
2734
435
5170
1003
1144
4231
2969
1863
1733
744
1006
4093
2508
164
823
562
2042
4799
4768
4902
4945
4645
804
1860
165
3391
3372
2301
1551
991
603
4300
3335
439
3453
4182
2769
3256
1486
4273
2505
173
1810
3229
3134
3492
4501
3529
1393
5387
2329
3132
2760
1325
4448
3989
2089
4195
4356
3056
819
1547
2379
3314
2312
3366
2643
318
2528
134
2382
3438
670
2535
5152
175
2051
456
2511
916
5383
1954
1140
2202
3801
3135
2583
4253
5390
2978
2652
1916
4634
4913
3014
858
2048
3241
788
1972
5189
1355
1480
174
4116
3573
5376
1897
5205
2869
4152
4461
5386
1819
2642
5133
5279
1101
3350
504
1010
2764
1375
2971
1134
5394
2114
2503
4261
3629
4504
4101
1925
238
5223
2844
3523
1777
5006
4951
5123
2589
4901
2332
1479
4257
2052
4722
129
27
2792
2152
3716
5393
707
5046
3727
2866
3104
3022
962
5276
428
2601
2310
955
4437
2010
3896
1152
2462
333
146
3768
1671
2911
1741
2930
3884
4789
5316
3079
130
535
1778
2906
3406
1559
3918
908
3607
4285
5090
5200
380
1836
2753
5003
3552
1436
5188
3179
4209
158
3675
2464
2070
4019
1989
3734
265
5076
5071
409
3789
1182
5329
3701
3262
1037
1508
1666
2870
5325
283
31
4012
2663
4811
4357
2591
749
4803
1740
469
3733
681
3126
1884
4926
845
4252
4023
444
790
3161
4148
4277
4435
1237
4899
4147
2252
4046
4740
3643
315
3009
2783
2337
4507
5378
297
1744
4017
4515
2453
1996
1546
3095
1672
3312
5165
2258
4044
1529
1462
3547
2557
2594
2777
671
4353
4387
3524
1471
1961
5125
2224
3473
1444
1531
3827
1137
3045
1552
23
4191
2790
3053
5153
4377
4723
761
5049
3116
2034
2636
1482
4346
5121
4813
4646
2728
5119
4365
356
87
5077
3672
4628
5095
3944
398
4067
2053
4762
3394
2834
18
4330
1872
2449
4087
3192
4919
1064
3047
980
2676
1575
1058
3020
2671
2378
2436
4249
1254
4100
1527
3850
485
11
1371
748
608
2595
5135
4486
4406
652
555
2688
196
1826
3040
4990
4027
1536
4465
1328
3365
1691
2129
752
3577
1266
2007
1206
1359
4060
3917
1591
1749
2815
2639
2714
2282
5026
692
2647
32
2405
2879
2756
3454
3260
573
1271
5355
3186
4606
2485
2229
2542
1435
2184
3448
5310
1279
1121
58
887
2290
4948
3360
1347
1205
5277
1036
459
5025
282
1648
2814
4384
2857
3114
2624
2095
4603
3923
3336
3373
3566
1321
3226
5263
3628
4554
205
3893
1387
1675
3670
3155
4088
3110
2111
1763
355
1765
1752
2960
2077
3565
117
793
3193
1683
157
4453
288
2521
1463
2166
3435
4748
3777
4724
5157
2581
4236
3464
4238
1530
3739
3480
3069
479
1926
1960
1652
1301
4760
2692
2189
2105
2539
1232
5303
1896
3953
5364
1730
352
3541
633
212
341
1747
1077
4585
1188
3651
118
3794
1177
2082
5029
3285
507
3941
5317
3937
4754
347
660
150
483
836
3087
1474
1314
3401
1789
1606
3243
534
2924
1753
3605
3349
2488
1681
1817
2684
1005
654
201
2997
4514
3429
2932
4258
3195
498
5093
1070
2019
3294
1045
4196
4875
4444
2937
2696
3042
2479
5032
1307
1678
778
1969
5258
1727
3015
1636
4499
1731
465
964
2904
4608
607
3160
1265
2743
82
3380
5097
1540
5061
5231
3157
4404
281
4545
4568
1220
712
1110
2254
4318
4020
2746
2165
103
2658
1594
2833
3637
4440
1808
597
3309
870
705
4248
2791
4367
2438
2729
3512
417
5348
2694
4326
29
4014
2364
5396
3711
3322
1274
3338
2807
5081
1511
5109
1745
976
4472
3756
3909
4479
2681
5048
2799
275
4040
5269
5273
1849
3081
1303
4865
4686
216
4827
167
4804
801
449
693
4857
727
1984
2308
3758
2959
1111
2071
310
3685
5110
3706
2041
3018
5005
4782
364
1504
2275
2395
510
49
2072
3520
1362
3125
2244
4199
4893
1305
1027
2850
2813
2286
5083
3248
3214
116
4657
4266
2634
5367
1367
5392
1978
4078
414
1941
665
5429
166
1256
4758
1669
5160
6
656
1400
2927
1370
5321
4845
1133
2350
383
2432
4028
386
5129
2524
2391
4920
519
2991
1774
3213
3475
4971
4303
3249
3868
1700
4214
1310
795
717
737
5091
1327
3210
4993
2842
4630
5253
4626
2035
648
2029
4176
54
2502
3855
2320
1126
2819
5173
475
2237
4572
3625
270
3024
4432
5213
5080
3845
1518
2507
4487
4457
3507
2994
5047
2374
1538
3465
527
4542
2749
3055
3202
895
4008
5422
506
2307
1911
2609
5057
4643
2633
649
5163
3094
3719
1825
834
3975
5278
1516
1025
5406
4184
1128
4061
2116
4452
2600
3306
5158
309
1975
4623
5375
2200
5257
1259
4289
1088
267
4741
4678
1173
2193
4946
3655
2673
2367
4687
3809
5254
2363
1123
4074
4389
1185
3421
5178
5028
399
4491
4422
1677
1276
2386
2655
2145
3272
1176
3920
2272
3856
2785
3828
4555
1379
1302
4000
2146
4434
3233
2192
4150
3695
4747
886
4347
381
4174
1604
3515
3708
4918
5426
4503
307
1948
319
3987
3359
4129
2585
2167
3931
2188
891
390
0
806
351
4229
4142
3158
3191
5319
4826
5288
2352
4416
4484
3804
4298
477
3816
2293
4886
15
4343
5272
3767
3323
3616
1976
5140
1543
1716
3086
2794
4193
4596
4968
3640
776
3898
2387
961
2646
4336
2929
4446
1834
5322
1665
1459
5199
3984
3006
1171
4105
3788
3627
2422
4864
5141
2736
2470
1584
5192
5365
2403
1782
789
3861
5335
3175
3419
2689
2920
4938
3456
1728
2210
1738
5149
4506
3832
1848
1465
1246
3293
2338
5094
1172
3423
1870
3439
55
3208
4279
3043
568
2832
4190
1380
3980
4187
5174
4737
3484
4944
2766
1348
1781
4045
2377
2962
3277
4131
4541
3619
532
4407
579
5336
2851
1991
4032
2562
2702
626
4688
2985
2980
2137
3305
574
2390
4076
2961
4776
3270
1048
4225
1168
5031
830
851
376
2602
4611
1732
3061
5154
3513
950
4821
3544
2559
2069
4297
4532
1250
724
4658
5208
783
494
4456
5035
4635
334
4489
4403
2265
1094
1091
1827
3881
1748
3985
4310
499
2259
84
2297
2497
4015
4699
4625
4069
105
2690
668
5008
1854
204
585
4701
2716
1791
1687
2571
48
2239
1350
4536
5122
2811
4239
1299
1441
427
4616
4307
2548
5300
3808
437
2747
4313
4884
3131
1664
4975
2001
2710
2300
4240
4733
2884
4340
958
3857
582
1192
4039
3548
5224
1028
39
1457
2475
1832
3185
5112
4563
2383
4165
85
2824
2763
433
3098
4604
1183
4502
3411
3275
5299
5198
1213
1041
219
2865
1702
1290
1943
4781
2102
5333
2005
1217
3255
3751
4788
2458
3012
324
278
3142
2853
4242
1815
623
5210
3555
5143
1555
5092
298
115
4558
3414
369
4597
565
1945
4026
143
251
3594
4896
5295
14
181
463
2942
3315
2949
5176
4265
3281
94
2417
751
3600
616
1503
2823
2836
4385
1592
4149
3927
2748
1438
1450
2
2246
4576
5227
3595
429
447
880
320
222
497
802
1073
3913
4665
4746
4505
3441
1841
4967
3032
4211
5245
2302
4493
3010
40
2955
2797
5209
4959
2359
1634
5397
3961
2295
1646
3101
904
225
659
5126
2520
4838
2325
5247
947
531
1760
5314
294
1296
2926
4212
3027
3553
3215
5104
1569
2856
1679
1903
3938
4662
5381
3823
2271
1049
2339
3198
889
3259
745
4729
879
2963
3468
92
2033
2054
3694
2895
395
874
3316
1258
3344
2541
3901
416
2744
4732
2504
4124
1415
3205
2703
2002
1097
1031
5197
490
750
2686
2874
5041
4443
897
3426
1149
1461
1804
5206
873
4677
3117
1936
625
4985
2416
3744
3497
1842
4912
3755
4620
5382
3207
2931
1673
4094
3351
4247
589
4544
1042
5155
3703
3803
3995
4605
4871
1628
239
4224
3910
1623
1267
3979
2315
505
810
4098
542
5249
335
4010
246
5399
689
2489
4511
1585
746
4081
2610
1096
1818
2526
2064
868
3617
4262
2596
4029
1095
4368
2104
2739
629
3111
466
663
1609
2529
2156
4943
4117
3386
3412
106
2362
4771
2175
5301
4669
3766
1497
2835
4765
3536
1582
476
1075
2407
3123
1512
515
4102
2588
1324
303
1240
2050
3321
4401
3127
500
131
4681
3230
107
2285
1124
2864
3669
911
1248
3059
5228
1308
1898
3066
4488
3713
2065
34
3799
2946
3224
1442
5388
5259
4059
2176
3991
1226
4941
831
3442
3877
641
5052
1074
3319
2593
257
4888
203
644
4642
1485
4151
325
1331
1580
4843
445
4455
261
3993
2641
5268
5412
2180
4822
3712
1072
2801
2735
1986
4820
3684
3971
2645
5427
3780
893
3331
4349
1383
1238
3540
187
2328
2733
1277
5351
5202
5018
2460
3324
1390
4543
188
3825
2554
489
1287
981
2121
3661
2276
3176
4783
5181
2555
5148
2423
4709
346
3743
2871
3842
1320
1488
3212
3964
1900
2629
3113
385
4345
4922
4927
4885
3746
3700
4906
1809
4841
5066
1684
171
3371
1033
4766
2494
676
3915
354
3982
1949
4274
526
865
4876
4869
2260
4570
2773
1477
4633
4933
4223
2838
2677
4659
1698
4379
3572
3867
189
2219
2218
912
1614
5235
1855
4632
3732
2353
3251
2598
1922
5010
3659
4655
2125
2606
757
3810
710
1927
2806
1866
2771
2076
735
3793
1987
910
3904
983
1210
2907
2552
2952
234
496
235
4333
5242
4844
2839
1947
68
4784
3328
3342
5156
2500
2987
2510
3800
2940
5194
3221
382
1344
3847
1581
2661
1216
2534
1600
3517
1680
1257
762
896
3723
2519
1
1828
3250
5345
1410
2355
4280
723
1724
741
3258
549
1620
2196
2214
4963
2091
5357
3329
2032
1902
2605
148
3119
918
1877
4653
4661
1806
1493
4050
4360
426
4334
610
2950
1988
4728
5030
5238
3295
965
4759
4316
2498
1264
843
458
2447
2621
4650
3813
4970
828
3535
3969
2439
104
2492
5360
906
1918
675
4294
3274
3491
2220
3636
944
2648
1447
5363
1035
3858
350
5074
1769
3770
4648
2779
304
2195
3173
1971
1766
4016
1366
1334
1189
2916
3461
957
4528
1912
2118
121
2227
970
1067
3049
192
4226
4064
1150
2770
1381
3072
3532
4911
3602
254
308
5338
2372
3932
1599
453
3044
561
101
3902
2967
1453
363
5309
3597
4935
4483
4428
5290
4580
1234
3409
1285
4243
4348
3922
4786
4644
1199
1686
300
691
3041
1478
2341
1255
2793
4565
766
4471
1717
4208
60
2322
2810
683
2108
4615
8
586
728
3379
685
1145
2804
4125
907
492
4549
952
1038
4751
3005
2207
2142
3263
19
3267
2818
1195
4112
1762
1942
932
733
1243
2860
2101
1382
4828
2707
2263
1502
3966
411
1251
587
4412
5313
3673
1992
1317
4878
1439
3908
3781
1935
4230
5398
2096
3440
3333
2044
3846
2250
3696
5311
2499
1207
1501
4494
1148
3189
1288
4930
2442
1282
3387
1456
3016
2659
1610
45
1889
5136
3749
1404
4290
2726
2025
5137
2675
540
2829
4053
4531
1997
3890
2889
4478
4080
3666
2984
2752
1100
2283
4350
2131
263
3564
4030
4744
3554
96
2755
3399
1451
3124
4034
4011
3398
2796
701
4033
1372
5100
2346
3525
5070
739
5108
457
3936
3642
4679
2560
3240
2754
4637
3307
1545
3925
1233
4923
3339
3077
1153
1720
377
2592
2569
2523
1050
4458
467
2223
613
72
3737
2067
3188
4051
4629
2217
3690
4476
598
729
1843
4219
770
4250
529
3916
4587
539
5114
942
4153
3691
4636
2822
4982
1783
1544
3320
936
284
3171
1214
5101
2487
969
3299
3076
2993
305
3392
2204
1323
5312
1490
3559
4057
1263
1358
4523
4916
2262
680
5144
4322
1122
4987
3889
2657
4436
1165
3508
797
3505
3388
2545
4624
1631
4220
4694
5416
754
62
3343
4371
145
805
1426
1792
4216
