2331
3601
3492
4394
3088
3263
3111
1262
3125
3204
5071
2043
2207
994
4193
4326
4174
3952
750
1338
4252
4435
703
2501
638
1017
2544
870
3516
3865
1370
267
2590
3818
2907
675
997
1238
2552
4302
242
4645
5200
4495
1384
2348
4242
3282
2897
2086
4333
1531
3488
1448
4753
2780
2037
4958
4396
5399
2099
685
4999
4669
1607
3361
566
2001
3942
2365
1849
2418
3713
2441
2428
2611
800
3486
112
3686
3844
4021
4997
1631
5367
3948
4616
164
3751
1487
2376
989
2926
701
1900
4562
3843
3490
3386
1976
4944
3196
3159
705
5194
1020
2193
1031
2818
4075
2716
50
3702
2998
2223
4450
3619
4602
2513
5049
4128
2967
3643
4185
4456
5403
2264
106
285
1345
4218
2454
4493
1784
4358
558
359
2114
1902
2468
1087
5015
1337
4076
1281
5083
5251
5040
2665
1924
1260
5257
1527
1617
2388
2812
2487
3689
419
389
2179
4356
2899
581
4086
1242
4632
4610
3654
1245
962
4658
2901
1899
586
2814
4975
2063
956
3439
1882
1870
196
980
2200
2884
3005
3127
4029
2569
178
1227
2660
4438
146
2984
1437
15
4777
2736
728
4988
2278
1602
3936
1832
5336
1479
2176
380
4147
3422
3376
1583
5240
1569
3616
348
3962
3113
2302
330
4118
3221
528
2377
3914
539
1147
5094
3526
3418
3637
4615
4509
4107
3363
4099
968
3157
4121
4030
1096
5207
4039
3123
769
954
950
1828
2867
1898
71
3075
1291
5357
3226
4489
2917
2671
1978
2154
301
2709
2687
4476
4122
5247
4732
105
3407
1321
2364
3103
2421
244
4737
4346
3531
779
1377
2182
3910
1430
1715
109
1472
2046
3220
2492
5261
5356
1314
3232
725
4428
2668
4508
3305
1309
4920
4755
766
5243
3696
3329
1367
1668
3980
1223
3069
2228
5268
4872
2140
4847
2600
4290
754
3626
1013
5029
1048
1489
4772
2858
490
3440
2514
1407
1823
320
2442
1176
3680
292
809
1167
4810
4550
3918
3766
2271
2764
2520
3304
4082
898
2471
1946
5304
4278
2090
2869
4614
4407
124
2391
3740
1968
4803
653
3211
2053
4568
3748
1772
1967
2275
2096
5197
938
3049
5306
2463
4267
154
1076
4524
2776
627
4470
3337
3687
1777
3937
10
3567
3358
3902
3188
76
2164
2337
116
3443
895
92
3121
1064
1758
2539
752
1054
2769
66
4201
1536
1694
4492
961
2408
3026
1383
249
696
5127
1633
896
1355
1610
5324
4926
4459
4455
920
4962
4583
19
2547
4261
3791
5158
189
4217
2759
802
3349
3106
3223
1838
496
81
911
3562
2483
560
880
884
5105
2648
2889
3834
1052
2368
272
1739
1769
1323
4543
2725
2646
2789
4255
1114
3951
2381
1453
3183
3260
295
3076
4304
3720
4609
2663
3153
1669
2533
3610
4580
4866
853
512
593
4725
1331
3167
3518
406
5390
4703
4162
3677
738
1815
4369
1347
2718
1203
3214
5163
1082
2760
1979
2656
144
3931
4704
1819
5001
2056
1640
5354
1143
5039
1413
4849
1336
4881
4893
3114
3399
300
2973
3522
2733
2235
353
578
4634
3280
67
2398
204
996
1915
4285
3311
3807
1983
2683
2412
1515
4110
1024
3649
2805
2417
3814
4276
3315
1922
5395
130
2273
5162
4544
3612
466
1467
660
4332
4170
2203
2033
2098
5376
3270
4787
4308
4899
4414
5307
4234
3588
3692
3176
3529
2070
3622
3523
2057
2534
3429
2313
4158
2402
3244
1960
1837
584
863
4001
2434
1916
1482
999
1842
2623
1885
711
2795
5271
4391
2191
628
2528
1574
5419
4786
4155
199
4268
463
60
2058
3290
5210
4880
5380
3605
2334
2074
4073
5052
3799
1966
4675
5069
563
4256
3985
3120
3549
517
2578
4204
4715
571
1361
85
4871
753
2217
3573
86
5309
1009
877
3162
4794
2021
2913
2737
3520
3887
3714
2653
3249
3101
1284
3940
694
2202
710
2383
1287
493
2521
2472
4138
3348
1271
3295
2
3681
5260
4169
2643
252
569
1028
4095
3933
4349
4164
4378
3958
771
4272
1447
1075
1697
1749
4223
2192
1207
4112
1084
4361
3286
3892
2177
4159
1306
4460
589
2527
2028
5171
138
1169
4036
222
2930
5180
2727
3116
5320
4434
5170
3036
5002
1836
2589
2803
3458
3566
1732
3838
3444
3189
1701
1063
5012
175
114
2319
1433
763
654
3303
4032
709
2855
886
1806
61
4053
3027
128
3096
3126
5054
1561
2346
791
5428
2270
3653
2706
2246
5228
4465
1656
3431
1359
2212
3742
644
22
1493
104
387
142
4334
5198
5325
5064
2704
4892
5327
3072
1071
3707
4430
323
223
2631
1677
1034
1783
2903
2405
681
5280
5335
1480
3090
5155
893
3355
3780
844
4701
952
5220
969
830
876
5252
2155
2775
2842
28
3862
3813
393
614
5104
5366
2526
2266
4486
4972
3966
1920
4058
4011
229
2445
364
355
4741
4324
4682
5079
4182
2991
2026
4751
785
5259
201
2703
1326
5421
2883
916
3170
3736
408
5273
1969
613
5294
744
1508
5308
3944
1209
4056
572
1303
3779
726
707
287
2466
900
2961
4742
2342
1699
2233
1046
1719
296
4409
4574
5173
4248
289
256
4142
1130
3676
4748
4565
5400
1722
1942
4317
739
2243
2249
1587
2693
4898
4940
1160
3496
2684
243
2141
2719
5216
5387
2396
5290
824
1965
87
4135
1822
3391
442
5031
4521
5416
921
4936
5080
1424
3086
502
2395
3978
1042
343
3082
3449
192
3625
1509
2783
4839
1550
1455
2557
1814
3863
1077
5110
2955
168
291
4502
682
2774
1478
781
4499
4994
988
4514
4458
3975
2333
3105
2163
3302
1890
1841
251
1662
4009
3396
180
446
5059
397
1765
1282
5326
340
3327
4844
2696
4977
3197
2345
276
293
1951
2204
1943
4389
4768
377
1549
2172
11
3251
3572
2564
1380
1760
5093
4160
5035
1773
2784
5285
2032
4101
2277
2433
326
1459
2410
1845
655
1414
625
1708
3083
3149
1666
5022
1710
2170
1588
2720
194
3102
3173
202
482
123
4767
2715
4180
2523
260
1446
977
499
2729
5138
3491
749
1366
3891
4983
3667
2159
3819
4711
797
3664
2102
4815
3877
3990
850
4387
1310
4506
875
1780
925
2109
2947
732
5225
537
115
2344
290
1612
3916
3100
862
4116
5278
2928
4832
5165
2187
5256
2835
434
565
4392
3657
2864
3236
5295
3413
905
1464
4654
1000
4360
2013
2373
3987
1593
3575
700
818
3796
1226
1494
3453
3134
5337
3478
3231
3825
1808
4549
1537
3118
332
2756
2054
1503
2563
3999
2953
451
4672
5186
2206
4677
2467
4288
3000
1417
234
2375
3084
4350
3790
2979
3809
398
2894
4707
1937
1290
1829
3323
585
2762
1068
2686
3037
3851
314
3473
506
5378
3067
1023
5332
1113
1936
217
3923
4301
3759
4561
2036
1098
2324
1566
3683
3946
4054
1613
2599
366
3964
2017
2585
562
5167
1622
4851
150
1570
2050
2222
4002
1007
2952
4485
4113
5181
2245
5077
4591
871
3271
3029
3632
601
716
1400
5007
476
4951
1770
3284
2960
603
4238
3137
132
3328
4027
3139
1396
436
2293
2943
4960
4500
519
2877
940
56
2459
464
991
358
3699
1866
1038
2196
5146
3930
2328
1525
5246
2190
626
4575
1854
3427
4226
5202
1850
2863
4660
3015
3901
1629
1833
101
2419
4823
1721
637
17
1252
1131
3745
5402
4374
5140
5283
5087
576
4108
1257
786
65
4736
1658
3202
3498
495
2073
3869
4393
4395
4537
1575
422
1471
5249
120
2288
121
5368
2436
1741
2085
1299
324
4884
2511
4318
5117
4327
3965
1427
4282
1530
1342
4194
4478
1914
834
171
5323
1652
1403
1767
2495
2879
2145
4720
2875
4306
4993
648
3278
1883
4729
5095
3095
2898
4909
396
2297
4990
3541
1213
3341
3119
2504
907
4363
4380
1763
4875
4746
5003
83
3395
2157
259
1270
3213
227
4229
384
2049
1162
3829
4539
2654
4311
4588
796
3595
2754
1289
239
1532
1155
356
4569
552
35
1926
3259
5043
4089
2027
3941
3040
5046
5234
3776
3618
2829
1556
2075
4451
1193
5061
5262
3347
52
1961
2567
3640
2411
3152
3546
1486
1123
803
5130
2605
5241
4827
1999
3663
118
3506
4606
4536
948
857
72
507
4945
1897
2239
3638
5191
1542
741
2165
3326
3716
2355
5045
1008
1689
312
1918
1002
1674
2360
136
1659
513
1698
4651
3381
77
4496
302
2409
3734
5063
1439
1706
2077
2792
547
4477
2575
3706
2540
2498
277
4949
3624
4471
650
4051
3773
4519
617
1483
3564
1053
2162
2664
2494
4286
3025
2166
423
1852
2456
3192
5038
4635
4950
254
2023
1962
3064
5296
3917
3853
1906
1516
3525
3405
458
1931
932
2394
3633
953
3551
2925
5230
4211
4643
4774
3836
4848
3804
5055
5205
1809
3060
3591
3527
1800
1369
1684
198
4617
604
1518
3864
2062
3594
1995
4090
126
3515
3184
1435
3754
3705
445
2581
4230
460
3623
2292
2739
784
4381
3371
4183
5238
4605
498
2816
5153
3620
1105
2904
342
2804
3561
5009
333
1567
5147
4655
5385
2558
3351
5414
551
3558
4161
246
1755
4530
2308
2323
443
1079
4516
913
1533
3222
746
4625
4472
452
957
3854
2091
1018
4622
3896
4425
869
2910
5221
4906
2744
5284
541
3943
184
5405
508
839
3307
2583
5047
5291
4480
3406
4299
768
1606
38
3508
731
1204
2938
4808
1673
3534
2878
5078
4246
1092
4792
3922
4527
4668
3457
2335
2594
1402
2055
1988
3296
5131
2550
1908
5298
3895
702
435
2902
4834
2044
4576
3179
933
723
1512
2908
3233
4900
4607
1907
2624
4788
1237
2731
1896
1711
3994
3417
305
3368
3571
3986
5026
4525
765
1444
4690
3318
4821
828
5032
868
1302
2821
718
4481
2460
1636
4207
5250
2354
2886
5348
1426
4907
5231
5082
5195
2993
167
4463
2289
4228
525
1469
1255
155
2087
2728
2811
2194
561
1146
4487
479
2682
1254
2340
3758
5134
2525
3949
4144
1423
5223
4731
3009
418
4106
3066
1517
4227
3332
5185
1110
2636
3291
2669
2262
4019
4589
5161
1787
3879
3730
1713
4534
5404
3731
2717
58
1563
1294
1379
3795
1716
1782
4674
4666
1568
3963
3603
1895
3597
3735
2379
1399
1016
174
4533
1125
1085
1322
4739
542
309
2450
2284
4040
2937
1280
4683
1887
3028
3092
4933
2614
5037
4312
4592
822
3580
1382
4684
1197
4754
1692
646
4064
372
3093
4854
2363
3874
5169
2110
4429
3786
68
1621
704
2019
3904
2451
1188
897
1545
1559
1190
475
4154
4178
4640
3356
1644
3175
3911
4497
4896
5266
4323
3132
680
3725
4613
1892
4198
3070
4421
4985
4966
970
5232
1003
5218
2485
3494
1827
5033
4517
1186
3345
2214
3059
4743
307
111
4861
1263
3477
3141
5008
1368
2257
90
5318
4103
924
1442
5352
1378
983
1344
1877
647
4965
2741
236
4025
1215
928
2279
4420
2549
5128
790
1696
1179
5347
1944
4081
4780
2015
2185
3982
3241
902
688
1757
3955
1248
4379
833
783
2116
2351
1847
1505
2596
1216
4718
3761
1320
4224
4745
391
1598
2983
261
4127
3330
1991
943
2840
5245
2922
454
3388
2859
2747
4115
338
5137
4035
2935
1752
3451
2876
299
2956
2060
5013
2142
4347
5269
5362
3741
1643
5203
1220
4784
591
5342
1141
1678
4077
1974
2612
3724
1232
623
5143
3847
4801
2545
1514
964
5074
3893
53
2946
153
4638
1374
4889
520
233
2431
1727
275
4257
1921
3424
1540
2305
4653
2247
3821
4586
845
3002
3639
1933
2745
3108
1805
5190
4117
2413
4685
1341
3379
3344
4084
4225
3411
2915
271
4776
5025
6
1996
3452
2272
3574
1609
4258
3194
2932
3606
3996
4728
3815
4764
235
4793
1288
3981
4446
891
3598
5126
1158
1726
64
3828
1045
5229
5050
2658
4913
3275
4033
1638
4593
4528
3547
4800
3798
4004
1664
2287
3568
5041
1731
1264
5410
4179
872
729
2117
918
2403
789
2662
835
1163
3578
2160
2010
4716
1539
5319
4903
4329
4469
4171
1880
2841
4954
3415
1524
170
1394
3831
1585
3995
1625
4554
935
1391
2610
5391
3350
1201
1059
3454
1535
4262
4221
3647
1375
3497
4271
4096
3521
4205
3325
2336
4098
579
2770
912
2505
3712
3898
2584
798
2800
2128
4969
2317
3404
1519
3925
157
2173
3641
1840
2701
2290
4545
758
1360
319
5154
4650
1108
2657
2038
1032
2536
2543
3584
232
1410
1635
4410
3803
4948
2429
1222
4863
4047
2161
2130
3229
832
5224
2839
486
1817
1671
2571
4048
3993
3044
2730
1477
1811
3897
1511
2372
3882
3129
5426
4437
2678
4413
1276
3528
1881
453
182
846
3783
1060
1825
4535
5222
2966
4483
2688
1834
1555
1292
4250
1591
1181
4208
2978
2980
3867
5129
837
1191
412
2573
2868
4022
4657
673
3068
2267
2397
3873
3408
3953
1039
4137
4125
3377
1994
3099
1952
549
643
3880
4981
2097
2008
3372
1813
1454
612
4093
4074
2430
2689
2721
3848
652
4168
530
2556
3583
3151
1657
4628
5111
645
2350
2857
1324
1764
5330
2031
889
5386
3081
2977
1681
5272
4375
1449
1239
3046
2598
4065
4020
2629
4526
2119
2236
2834
3570
4603
2974
3479
2708
5219
4676
4713
3472
2866
224
1132
200
3544
3265
669
4836
3830
2437
47
3688
2400
2129
1173
2184
3185
858
3586
801
5237
225
2517
2882
4779
357
437
5312
3421
1912
3423
2940
2677
5115
3753
1891
270
3886
2477
1675
1206
3432
1648
288
1707
986
815
4310
720
4050
5073
1792
2229
4277
1626
865
805
3445
1861
3403
4698
2551
3599
1582
5101
2996
2083
2503
3393
840
1388
859
3752
3781
3630
686
1097
5339
1120
4464
3693
4386
677
3929
760
2786
1855
5057
1488
4382
984
1619
1523
780
219
487
5056
4795
842
2942
37
3208
131
3240
2152
910
3899
1212
4934
1279
1798
4758
4038
2734
3971
2862
3538
3671
1333
4453
1353
2496
1111
1014
5060
2852
3661
4597
25
1170
3042
4105
135
4644
3750
3768
3160
713
3499
4249
1788
3629
1463
4846
679
1801
814
1878
59
1998
1416
3018
2072
3833
1496
2227
4200
3997
2707
4034
1601
5114
4266
1461
459
2830
1256
4376
4366
639
2255
5258
48
526
3033
848
5192
2742
2084
2844
4263
3390
2269
2661
689
4343
1594
1081
4241
966
5292
399
3749
5116
1037
2823
5383
2224
2702
823
354
1249
188
329
304
1269
3383
663
860
84
885
1387
0
1418
3135
4233
3052
5382
582
1184
1247
1066
1993
1219
3041
151
2384
3771
457
4671
474
3050
1358
4630
4016
717
1544
631
2672
5034
3216
1596
1135
3145
4828
5157
5062
2311
4
1774
4928
5338
1718
3842
1538
2426
2627
4816
2321
3662
826
2359
238
4773
444
967
5088
5145
3678
4152
2327
100
2143
3698
3412
3857
4372
341
2499
4946
4740
4970
3279
4126
1440
3482
2655
2392
2265
4719
544
3650
947
1235
2486
2997
1419
5321
2135
2502
1950
4468
4971
1074
1142
827
4041
1102
2836
3462
820
4433
3631
3743
522
5044
5067
4251
2827
4129
1137
1973
4037
1354
4577
1506
1363
3501
3297
2964
3621
280
5156
3242
2361
3977
99
1688
352
5048
1192
4862
3998
2582
3182
2950
3747
2047
2078
3234
1171
1397
3675
1712
3136
367
620
3283
4111
761
5099
1901
2782
4046
993
378
5264
186
429
5072
4734
1492
4571
1311
211
2309
4691
683
4321
4331
2449
2127
1714
3071
666
462
3489
2186
49
2016
3080
1959
4003
2853
3447
1138
4696
405
4202
2035
4069
1740
1705
3596
273
1853
1766
2601
3973
3261
2825
4721
3764
5277
321
856
3053
4231
5315
4353
2815
428
3788
3470
3563
1261
3387
4925
1362
919
1724
3289
1704
1928
1145
4049
3555
1286
2007
1208
88
4699
636
3168
5413
4804
4553
32
409
2115
4556
5343
5212
2982
4119
3957
3180
2260
2112
4181
4359
1443
4222
3089
3827
4482
3435
2390
1335
179
489
1826
658
5027
3235
2570
5373
483
345
1977
2457
3230
4083
4856
3900
4996
1319
2535
1450
2493
4531
5014
4842
2118
1846
4991
2541
1177
1230
678
1737
3273
5164
772
2618
4504
3793
4621
3320
4942
2912
4145
2604
901
1386
1080
2254
4166
1036
1027
3287
2041
4551
4244
2481
1389
1476
903
3697
1650
4546
4959
2424
2690
30
651
4427
1266
955
2837
540
27
4219
5152
421
4897
4727
5341
350
2425
3061
2670
1234
3673
1647
5213
3143
245
373
600
1229
1308
4850
2440
4133
3138
2757
804
1404
3812
548
3644
2957
3298
3517
2322
4961
4858
3839
425
3055
4423
268
3481
743
3545
1747
2446
1214
5070
1864
3174
1067
2427
1725
1021
2338
4130
1103
4175
2380
1927
838
2854
3550
2250
721
3258
836
1565
598
1821
590
1126
4984
1044
2848
1275
5329
2510
3852
5017
18
1528
649
1911
5423
4620
2828
5288
2150
4270
5255
1844
2919
187
3789
2218
2559
2258
2673
265
2785
420
4447
1779
2529
108
3484
4692
361
2723
4441
4186
1956
2990
3292
4709
4196
3861
4843
4092
2040
1972
2473
2970
2791
4448
2201
1858
5020
206
3224
2439
3983
2918
1156
3024
2221
5427
1686
516
5149
2790
5253
4298
1500
4239
2751
1700
1061
5334
3539
424
1189
3607
4294
2969
1210
2865
2781
4292
4837
2256
2948
255
2447
4921
2746
775
1350
1872
714
190
1886
4882
4149
4405
4094
2332
914
2205
3343
1272
1304
2965
1753
3627
4908
1603
4370
3945
2500
3906
5151
2438
4689
4031
1025
737
1771
5310
1133
2232
2435
866
4199
979
1634
4245
1816
279
668
2455
2700
595
4102
4955
3559
4153
3268
1824
1119
3419
1831
2443
4351
1597
2768
3094
3339
4978
1194
3757
1340
2676
946
4817
1799
414
93
2347
1462
1553
4688
3514
1083
2945
431
3926
3728
5411
160
4967
4452
1499
278
1233
4339
664
3969
57
1332
5102
1953
3884
133
730
3658
4838
2616
3031
212
3336
4007
1620
2326
3392
4296
2846
3913
5136
4624
3455
4383
3181
3256
3604
1728
40
2009
550
3340
143
3342
2039
4733
3293
641
2353
1604
3218
2131
5107
1307
158
1339
1159
5023
4968
2666
4820
2238
917
3765
1761
3711
4796
4567
1069
1639
4712
3380
210
2771
9
3512
5305
407
63
2286
318
2531
468
722
4210
4401
978
1317
987
3858
2180
3161
3860
129
3715
3410
3038
2667
793
4511
1251
75
1422
1356
4415
3109
3195
2234
3726
4799
2174
1754
2386
1578
5112
4498
1315
113
2572
2659
4163
1228
4915
3883
2697
467
4717
4956
1703
4443
3163
5422
4608
588
4693
5011
4998
762
3007
5424
4722
1637
1180
4067
4206
553
3281
3866
3210
1491
472
3682
2554
4336
3131
559
2489
788
24
4555
965
745
4901
3016
3939
1744
3565
1735
2482
207
2189
998
5199
3772
2986
3840
3805
2167
89
5333
1660
1376
2065
4705
3255
1121
3493
4829
995
3769
4355
3254
1101
719
733
1172
2924
2393
3434
2048
1501
1056
1894
4445
3582
3331
2453
2448
3087
2595
2291
3755
70
4601
3156
4139
2691
5407
3960
5297
1182
4320
930
4014
4079
5092
3276
864
2524
2553
3912
2988
1971
3401
674
5397
5000
2105
4461
3557
1029
5328
4293
574
5359
23
3200
2860
1745
3500
3878
3719
2591
972
4426
2722
5293
4853
2414
4216
4809
4273
82
4449
308
173
1217
2244
4254
1218
5316
3191
1624
2637
1791
497
4806
5166
2542
4647
742
195
1653
4344
1687
2148
1875
2507
386
2826
2268
4063
3382
4662
4679
3338
3954
4281
3020
3004
1571
2101
971
1581
2508
2219
3310
1534
4633
1051
5365
2469
3212
3097
2809
5208
247
854
3532
3056
465
2712
2959
1945
97
5401
2071
3385
5089
630
1702
379
879
699
4775
1690
1305
2763
807
687
2962
2824
1547
4287
3274
1088
1078
1047
4341
690
3389
503
3014
873
3247
2134
69
3907
2649
1888
3219
1134
1451
568
1929
3277
2003
5204
2301
3554
3154
632
5016
4833
33
4189
2819
3300
3841
2147
2171
4340
4867
1026
1301
671
2490
1041
3695
1975
2530
2181
1458
2120
5267
3988
1441
2881
5361
1466
2307
923
4280
5187
2107
2941
1948
4910
3782
2509
1746
1810
4642
1196
1750
2951
1680
3107
985
4664
3359
1848
3694
5065
2230
3198
4855
2602
4518
4052
3817
2740
2303
2939
2872
5174
812
3762
2149
1904
1934
4072
2369
1560
1070
4646
2820
1420
3057
1144
5209
4930
1925
4100
2175
4371
2620
1157
4442
2641
5184
3560
4572
960
2933
2749
3346
5036
1436
1019
1094
5098
351
2029
3237
365
4507
5142
4060
3808
4213
1148
3011
4253
861
2920
3767
4582
4357
810
2726
1599
3205
2111
315
4132
3001
2358
5042
450
894
3794
1751
3172
1062
1865
619
1022
29
3146
441
1244
1187
2548
4236
1139
3845
4578
3165
4466
4665
2639
4542
4865
941
4140
5301
2929
1738
5254
3760
1265
4548
3868
5351
4367
369
4247
3225
2807
4763
4018
2845
2642
4924
4024
4680
448
4783
4532
4365
5276
5415
5313
5097
1460
2280
1654
939
1546
205
2253
4010
3369
3600
2329
1224
5168
2516
3524
4611
46
3487
119
2626
303
3158
3375
43
1497
339
2597
2151
2306
4085
1175
427
3124
3
241
3048
3022
3991
4120
4771
570
5188
3352
3193
1562
2711
1411
2565
313
2546
1202
2464
5349
3905
1006
3436
4759
4000
3802
94
1178
2522
3881
221
2210
215
2314
1457
1759
2628
3709
7
4895
1513
4587
2777
606
2555
1507
3701
2640
963
2838
4770
3587
3756
555
1330
5279
2488
1641
5121
4444
2113
1970
1756
2094
5006
751
4760
697
5053
795
264
2574
1412
3690
4422
2407
3968
1592
3112
417
5236
4667
2059
3047
2169
2022
5358
2606
4678
583
692
3314
4830
841
3177
4953
4406
385
1986
2415
5412
3614
2588
5392
806
4888
433
4557
990
510
328
208
1794
1195
3248
695
347
5081
1577
3634
3471
1672
331
4594
973
3722
4330
2796
5372
5118
4663
974
1661
3322
3130
922
4904
1723
1615
5085
4937
2343
3428
430
3262
3469
599
1421
4540
2560
1456
3459
3317
538
1820
2515
2051
141
1164
2378
2890
2081
3876
346
4300
4309
1730
505
107
2992
3104
4917
2458
5242
2705
2374
799
3464
4412
4345
5090
3826
1917
1876
1372
231
5244
4184
3058
3679
370
177
2444
573
4813
3703
3816
825
4797
1149
2497
20
1432
5408
1736
1984
5353
3846
4335
4744
1529
4402
936
4042
4203
1425
3710
1334
1709
4932
3063
1778
3264
4338
1153
3903
5350
849
4212
596
310
4812
1932
3065
5183
736
98
3201
2847
5201
1398
125
410
3576
2005
266
4826
5217
2767
2069
5096
2068
667
3613
3704
96
1112
2080
5086
3045
5018
4825
2462
2389
3542
4319
2874
4279
2299
4547
3837
3207
5274
2621
2263
440
3079
1614
1867
4026
2144
220
1428
3245
4068
926
5302
3199
416
1608
3313
2356
2615
5346
1595
3209
2810
4781
5340
724
1992
1600
4352
5375
3370
4980
4747
5066
2566
1663
3548
362
325
2613
3684
1011
5311
1804
3700
888
4876
3425
4916
1903
501
1349
2985
3019
3062
2385
511
3367
1445
740
944
546
937
3301
3420
3030
1357
1743
2813
257
4416
4473
2794
2274
156
3505
1685
5369
5076
4648
635
2644
3820
4283
4488
3956
4974
5175
4013
1490
887
4078
1552
4670
2989
1221
4870
1940
3921
3800
929
1115
2694
2758
34
4818
3797
1554
3774
2491
2300
4762
3778
1884
3717
12
4237
2188
3569
415
3636
4702
1325
1057
2304
4538
3480
3824
3763
3171
2968
3115
4874
4400
2750
5182
2422
137
26
1283
3238
2632
1541
4598
3885
4384
597
159
811
4322
1611
3889
4232
4062
2012
3450
3909
349
982
2519
371
931
532
3465
5177
481
1691
1802
2981
1930
607
1268
2580
2478
3035
4563
1473
4918
3316
4512
480
392
4337
787
3147
3984
21
1095
1104
4649
4214
1140
2136
3023
1963
2577
1520
5108
3908
4373
4637
1504
3012
162
1981
2452
394
1012
3927
1277
388
2538
2888
4055
1154
776
4819
449
3463
3362
1475
2896
4560
2699
5004
756
529
228
2891
1468
1431
3530
4284
127
2158
3510
3822
2633
1949
1390
134
5303
237
1990
2630
4757
4167
1997
1371
564
2242
5388
78
3617
592
2608
4354
262
3592
2092
316
5420
3409
821
1548
1030
2104
1742
381
2748
2652
477
16
2095
4987
4807
2793
4191
1632
1205
390
1385
3974
3032
2512
2944
4626
3250
183
3872
908
4730
634
3122
5123
899
2294
3670
4432
831
3659
1073
4260
2484
197
2030
4922
2893
3849
4805
2735
1682
4305
523
1004
5109
4192
959
2880
4172
2766
3635
3775
3590
4738
2987
557
1873
1987
4595
3441
4157
3299
4023
2216
1055
2124
1408
4264
615
817
2024
4479
4431
4505
531
3357
3416
1409
3855
1683
2349
1259
2310
1793
2195
1
2625
3806
3502
4822
4377
478
1401
4275
4726
2211
1667
3215
2237
4313
867
1373
166
274
1839
3519
3203
5389
62
4596
706
2067
216
5344
1127
4104
2079
5176
3017
4979
1551
602
909
4939
1580
4947
3746
2799
79
3669
1954
4362
5075
1572
5239
1947
3888
2064
1484
2808
4840
2480
2146
1316
3894
1168
829
2315
906
4724
2209
3091
2976
2133
2568
2909
3324
3665
1225
4259
2724
1122
1043
4982
1136
3504
2432
2923
1655
5286
1329
4439
469
4044
1795
4364
3442
4558
2849
1781
4798
1860
169
1117
5160
4599
2755
2298
336
3961
1693
4877
322
1905
5281
4886
816
3333
1351
4440
2183
4639
4750
2576
5172
191
2617
3593
2773
554
1116
3312
4419
1695
1935
485
1665
327
103
580
4894
4905
1393
5010
4522
4297
3801
2125
461
2404
39
2680
294
2537
2833
2240
54
2226
5379
1733
4385
2002
165
1720
1150
5091
4265
3859
185
3553
161
4131
2020
5214
3467
4778
5355
759
4087
5425
521
640
1274
527
4652
3073
3206
874
1748
2761
2089
1628
4992
2788
4057
3476
297
3034
4964
5103
1558
2797
3437
5248
2638
4541
2822
4501
3645
1258
5148
2787
2887
693
3935
1295
5119
2954
3495
2198
4938
5322
1211
1049
4424
5019
1313
1768
5113
945
148
4559
2698
1392
4811
4891
1919
656
3257
3374
4852
1474
2103
4952
3708
4109
757
1348
1630
4723
748
5381
5227
2076
4475
1099
4752
4883
3727
3187
4008
2798
2675
4629
3321
2066
1327
3319
3098
4388
2900
5314
147
3919
524
1246
1938
698
3648
163
3364
4912
543
218
4735
2995
4070
715
2579
317
5393
203
3890
2843
2832
44
1296
1005
4187
878
2695
491
5068
14
4303
2276
3013
3744
1879
3533
4188
2475
1830
2011
1285
3246
4404
535
4190
3039
4914
3140
2034
2283
4927
1557
1465
610
3142
659
3934
1734
1151
1364
4627
1835
4143
2914
3556
4941
1786
1579
1495
1982
3615
2387
4150
1679
3967
3272
4706
3269
3466
395
5275
1381
1174
4243
4790
4269
1240
3733
1573
3835
975
1623
2562
3144
5418
881
2752
152
782
3252
575
3253
4835
2972
4240
2647
2753
2692
3186
1939
335
3503
4570
5360
3366
4523
808
622
5028
13
1273
5331
556
3810
438
2295
2470
4600
4390
5159
5084
2963
3581
1452
609
2370
4235
1889
4080
4006
2093
5125
1485
2934
3438
813
5287
3178
4510
3535
4749
74
73
3243
3737
2927
2685
3784
2416
992
488
426
892
344
847
2156
1438
2732
882
3938
3959
1128
4857
1717
1893
3928
1089
3003
3718
3309
4045
2476
2921
3485
4491
1605
5417
1851
1958
2153
4761
2420
4091
3920
258
4765
263
5106
3468
642
2312
1429
3448
5144
2679
4328
1300
4585
2518
2713
855
2593
1434
1015
226
4584
139
3609
4636
3850
45
284
2592
2406
1502
2892
1395
3602
3611
691
4911
2916
2870
1863
1618
1183
774
4148
2139
5215
213
3285
515
1267
209
5429
5282
492
851
4887
1785
777
942
1118
3365
4490
3021
5120
1001
80
770
3537
4789
594
1627
2371
4141
676
3400
2121
2850
2619
4756
3915
1091
2674
3133
3398
2215
2743
172
2681
2634
764
3117
1807
4348
4845
500
4581
1090
2199
4195
4841
3777
402
927
5030
3475
4156
4274
3628
4315
3426
3875
1646
1521
4484
1645
951
767
5233
2895
1109
2168
4136
4604
3785
5270
4043
4307
2994
1250
3306
4454
447
95
368
2635
122
455
3738
509
1243
2651
1564
2122
5150
2320
1198
1498
2399
3950
2479
3811
4417
5058
4467
545
504
3078
3729
5394
1642
3924
4411
4114
1874
311
3655
4436
4368
773
534
3721
1790
2873
363
5021
2366
2861
51
4097
375
2423
374
494
3085
2506
4515
3870
2042
4890
1985
1955
2252
2586
976
41
253
4059
4134
1297
1803
3642
4474
3823
4885
778
3043
2285
2231
4291
36
1789
3308
3651
4710
1343
1199
4619
587
3792
3483
1365
2018
5345
2213
3373
4418
4566
890
3074
3513
4923
3110
298
2710
2765
1328
1093
5226
3433
3972
1107
734
3585
102
4564
2296
2851
2831
1470
4708
1762
2532
577
5371
2936
193
1253
3227
4986
3511
4989
5377
3507
1100
2587
401
4791
473
1586
400
819
283
3239
3354
618
1040
3360
5370
1869
2108
4462
2911
1964
4859
1481
1010
4860
2603
281
4403
934
1298
5211
3054
1526
1352
3947
4314
3008
1200
4973
1406
4864
1941
3787
5409
1050
5398
5135
250
4017
4687
3446
1909
2975
2325
149
1980
1522
4005
1058
5193
140
2778
1812
5263
4012
4659
5178
3932
4146
1584
2474
4124
3832
4943
2885
117
5132
3976
708
4782
5289
2352
2241
55
2779
248
2281
4785
3266
3217
1510
471
4661
621
4612
981
1231
3509
269
337
1670
411
958
4631
5051
661
3294
2004
4641
2248
5206
286
518
2251
2607
2061
2082
2208
5024
4520
5124
1065
2650
2000
2772
2931
4028
3552
2362
1923
3155
3190
5122
4995
3430
3739
3228
735
306
4513
4529
1293
533
4714
4579
2123
432
2958
1543
3871
4769
1957
883
1086
4931
1124
792
2178
2357
4869
2106
536
240
4173
383
1862
1129
2817
4957
1676
4681
5141
1856
5299
1729
4814
3169
334
42
3979
4694
4623
755
1818
4873
3150
1241
4123
1589
3474
3006
1278
3577
1152
4902
4868
1033
4342
2137
1346
2971
2316
5139
5235
3456
3397
4673
1910
2461
3856
360
1775
1318
2465
5384
4197
1415
4656
4697
3166
2282
3608
3992
794
2132
3989
439
230
2197
2802
3335
2382
712
3646
3010
3672
2318
4878
1106
1871
3077
3384
2738
4573
2622
4494
5374
3660
3267
3051
843
616
4695
1843
3970
3685
852
91
5317
5179
3334
282
1868
3656
3732
3460
2014
1859
1989
3288
3378
904
4398
4176
1165
1185
1312
662
2645
456
4766
1035
2138
181
5300
4824
2367
2006
2905
4151
4552
3414
4831
3674
624
4220
5005
4457
4590
684
8
4935
2949
4295
4919
2025
4061
3770
176
2261
629
915
5363
3723
605
2806
3540
4289
1072
4963
657
4929
4177
949
4325
5265
4066
4088
633
1857
4802
2220
2999
3353
1161
2401
1797
3394
3148
672
5406
608
1166
4071
3164
2856
2259
31
214
403
1616
2801
727
4316
4015
2339
5364
2330
3666
3461
4879
4408
567
4399
484
4976
3589
514
2906
1651
665
1776
2871
3543
5189
5196
3402
2609
5133
1796
1236
2052
1576
5396
382
4686
413
2714
4165
2561
1913
1405
3668
145
4209
611
3691
470
4700
2225
3128
5100
4215
1649
5
3579
747
4618
2126
2341
2100
2045
4397
670
1590
110
376
404
4503
2088
3652
3536
