3669
82
2387
2822
3792
4143
1389
4697
2515
1818
3605
651
357
3897
830
1637
4518
1140
3207
3115
875
4146
3453
4244
2835
491
2338
3521
5097
4027
3986
4010
1361
3752
4778
2007
4991
4989
2910
1078
3334
4923
2935
4234
1507
3444
1643
4021
1755
3214
1854
3869
3304
3922
1055
3976
4252
1691
1669
68
2121
3956
2778
1031
1192
5094
1021
2453
861
3952
2777
4053
1444
1098
3916
3133
2931
3202
4643
1057
1408
2335
1219
4340
30
3973
4066
4912
3985
513
422
2099
3757
4558
699
3599
4432
3845
2011
429
5070
680
4811
3656
3035
3784
5105
3874
4882
3814
5369
4341
3509
4472
3155
1013
3122
1729
1562
510
3534
2726
2967
4772
4015
2202
632
562
3403
4832
3877
4216
2424
500
621
1749
4856
1509
1722
1411
4791
4943
4132
2546
1739
4254
5056
3418
2608
3659
3588
2746
1143
368
1702
1771
4606
590
658
2418
3141
317
296
4301
2602
1648
2001
1141
5216
2436
441
3389
4043
109
3595
1983
2261
2518
2443
1898
3073
1585
2144
466
4121
2610
4523
984
3499
1461
814
1962
4781
1156
1018
295
3032
5226
618
1375
3137
4408
2378
3064
1651
1362
1033
686
3316
2918
293
4024
2308
3748
3828
951
262
191
2285
5299
5294
1138
5306
1799
635
558
2087
4511
3083
2720
440
553
1044
1106
4436
2123
1993
4642
4016
1540
801
4887
3434
144
731
107
1790
83
1919
3804
4632
4059
3331
1776
3622
708
953
2227
5428
1804
2026
2542
2331
1785
3020
840
2318
3718
3652
1588
783
3199
4446
158
4099
3505
4895
1674
1238
1002
108
4993
701
1533
3849
2494
3079
3260
5281
2993
3691
2000
3273
324
2302
4058
2145
4414
2895
3203
4756
4515
4008
3226
1769
1304
923
531
4372
5284
4248
1762
1166
608
5401
4516
1798
1796
596
1198
3246
1388
1421
2280
3253
1977
2551
4903
4382
1662
1107
821
1049
571
2477
4849
1745
455
53
3971
3161
3495
3129
2018
3375
4889
3127
584
2156
4224
4335
3675
1645
3645
4315
2889
2883
1801
4098
901
1999
4594
115
4520
5341
2314
1840
2329
1948
2836
1490
2242
1495
728
1423
2438
1287
1809
573
4038
2796
1301
1305
799
4713
3818
1114
4265
3090
2669
1004
146
1422
4935
4314
112
3693
2531
3883
5043
3108
595
3506
5311
2211
4180
2493
2451
4336
2288
3103
1204
4892
3786
3682
4377
1291
3289
2616
315
3113
2855
2220
2407
3395
1479
978
2743
3189
4529
2637
5028
1152
5054
4661
1559
3915
4447
3250
1222
3466
468
1202
1905
3562
1368
1253
3205
4491
4814
1940
2430
1427
3252
1215
3933
5235
844
1446
4433
1104
4844
1467
4818
5262
8
3571
4082
2670
5174
3715
4036
3135
2783
4804
3356
4417
1399
442
4232
4587
4260
2981
1377
3851
3734
1338
473
3277
1728
3568
4110
1400
4223
972
1514
4820
3626
1340
1723
3650
3709
3932
605
5260
2692
4406
1821
3602
1273
5283
2410
1658
5286
1184
2882
4485
2832
4289
73
4385
4215
122
1797
4835
1535
2991
5315
5122
3613
4128
1284
3567
5300
460
2075
810
1099
1234
5010
2344
3387
3190
2600
3683
2031
2968
3437
90
4366
3618
5246
5060
3009
876
4981
4671
624
4575
4579
5096
3873
110
463
3860
355
307
819
2050
1545
4079
1737
3410
3689
2278
5304
5048
4308
853
1782
3102
2267
3339
4925
3111
2827
4741
4506
1359
4280
237
1616
3109
4085
2275
3350
2656
181
3537
4007
5163
5103
4052
883
4166
3993
242
4270
4186
2823
3733
2030
3763
1690
2671
2630
5334
1710
4046
1546
1548
855
1998
4908
2273
2102
4189
5227
1973
4494
882
4592
2237
2770
5268
159
2533
4193
5181
1144
4857
44
1621
893
2516
4324
2205
3732
385
5062
3302
4590
3918
1901
3781
5173
4973
647
3447
5191
5172
5310
2522
1233
4858
2577
2750
4813
2413
3670
2727
1312
1963
3017
3713
5076
2152
3425
2029
3237
2086
1307
2089
3431
1725
1571
3909
890
4413
3086
2568
973
2289
1625
4842
3923
3381
2801
3342
4958
695
5061
3162
4688
1906
529
3556
1393
4306
2971
1470
629
4725
1436
1017
5187
1925
1756
1285
5314
459
4177
3423
1494
3735
177
5351
2890
2900
4711
1082
4419
4259
2263
4559
3482
1135
4522
212
2920
2798
3120
1939
4859
4612
4625
383
2240
1073
2382
4487
2175
4088
33
3962
3658
4178
5090
3172
898
240
1716
2500
1838
4481
116
4585
2062
3364
433
3779
2791
4738
2367
1392
748
4410
4851
1709
3093
1415
1188
4896
5388
730
1575
2356
1679
3330
2376
4172
217
2186
3574
2441
2657
2282
5128
254
794
4961
1597
4245
3420
839
1620
4745
4916
2132
2683
2653
266
4672
2160
5031
4762
4630
1697
603
3219
3721
3076
1086
5412
4461
2826
1629
1041
4524
382
215
4757
1512
133
782
3254
4070
1173
652
1627
659
2735
1823
930
4297
4566
1975
2183
3424
5011
3007
5209
1665
4794
2673
4944
3765
1094
3653
5067
69
1084
5078
4310
1910
2012
4014
3485
182
4600
4890
583
3319
3221
153
2293
3125
4255
1279
689
2917
3491
4545
1356
2370
981
2111
199
2181
2520
65
2479
752
549
4753
1527
1534
1382
2192
1582
4582
4044
4995
3743
2371
1510
1061
724
4740
2659
4496
3891
775
693
3878
826
3440
5242
5378
3746
434
3463
1557
2964
4754
3126
4569
3401
344
2360
5356
5015
2611
2272
3937
5125
4919
3191
1186
1067
1255
3147
302
4455
4976
1213
2401
103
4640
4230
2975
530
758
5326
3590
178
39
188
879
2174
1302
1886
3953
5420
3231
795
1473
687
2216
3619
2694
4638
998
2254
3275
2054
2795
5338
1820
4897
4275
1185
3566
935
2802
283
757
3854
1635
323
1757
3896
793
389
5345
1090
2499
2241
3069
204
2756
2022
3208
3684
1909
3731
1693
3216
3904
3085
5251
20
4682
5261
437
3510
763
1698
1404
3186
2409
4825
5389
219
5424
3585
737
4792
4574
685
4656
4347
3557
5269
252
239
3247
3560
2695
4064
1103
4837
3288
4009
2326
862
4124
3224
4195
1042
102
2146
5091
1276
1673
1923
2595
1449
4318
1406
742
2639
4788
2556
3739
1391
878
1465
5297
2345
3551
3609
5282
4812
3594
4018
4368
1751
4576
2468
5053
261
3417
1263
4022
369
3963
4256
3359
2061
2440
4001
1519
1047
3861
1891
1773
3201
321
197
3712
4201
2283
164
3980
2662
2042
1640
3762
1978
3987
1231
2106
1841
503
2362
3449
4282
3151
1
609
1442
2481
3157
3780
669
4505
5124
2626
4910
3404
2511
3819
5046
1811
4084
3329
4389
4599
29
3419
4139
4526
2776
1357
4597
3257
4758
2736
2921
213
3754
4141
171
720
205
334
4457
2576
5137
2310
201
413
5154
1355
1859
290
1225
3471
378
2417
2467
2185
721
4670
2287
3681
4017
2699
2713
2953
2179
1437
1761
1633
4824
5323
220
4675
1951
2403
2987
3673
2723
4069
771
4174
1760
1857
4288
5279
4644
1323
2219
2914
755
4367
294
777
1189
4140
2819
4945
4763
5009
5366
3258
4881
125
2093
4337
5361
4501
2112
653
4170
2905
1950
5223
4549
4939
2489
717
2172
2346
3287
4026
2994
3764
4876
3884
4992
2732
4957
903
1664
1484
1242
2923
3535
5392
2933
5160
3703
4420
1315
4401
668
2554
1974
4061
1630
5382
1735
4807
4072
1830
2537
3077
3392
272
4065
1783
922
172
5266
5325
2328
3512
4655
2198
954
1128
3197
613
1489
3523
554
942
5012
1330
4296
3726
2519
2449
4986
363
2110
507
5005
3322
5170
3615
2251
4591
1609
3601
454
5307
4488
4383
2709
746
3503
2020
5278
1266
1224
2862
5340
1119
4316
5168
808
4407
4724
566
773
3059
2954
4771
2325
1348
4358
3775
1087
841
2182
944
2870
3022
2601
3539
3047
2178
4509
4380
3802
4639
3397
1646
1969
4490
4138
1385
604
2014
2691
798
3217
1476
5133
37
4868
4281
4826
3245
3944
1954
5217
576
3646
696
786
4332
5342
1791
1117
234
5322
3170
4720
1486
2459
3989
3002
645
1946
31
5064
1632
3229
2800
1160
1595
169
1899
5396
3667
1066
4960
4328
1054
4698
4994
2874
3385
2641
3284
4063
2148
1642
974
4568
2224
5045
4206
2391
1058
3036
1614
1960
1565
3343
1816
4637
3633
1413
1774
443
2647
2837
4405
4699
4649
2327
2978
2044
1097
2710
1779
137
4696
2507
1387
994
1639
767
4693
2195
5063
2771
1981
1504
5274
703
3533
704
599
467
2141
3803
2118
4668
3970
313
918
3966
278
4766
379
2016
2400
3701
4685
2390
591
3300
2294
2898
3010
2927
4955
3811
1230
478
5016
5140
4786
4609
3890
5381
3337
4951
365
1675
274
4463
4744
2383
1369
3378
4369
3361
837
80
4249
2901
2171
4560
3012
2226
5250
3948
2452
1994
1593
3153
4475
3547
2313
4373
2973
512
5292
4158
1163
2972
2284
377
4351
263
5080
5327
5114
3550
4662
896
5247
3955
1882
3984
4880
5405
1405
3470
2124
5228
4978
4521
4119
4329
4954
4567
3654
4554
4705
4203
1491
4087
1478
1876
2567
1577
2388
1987
738
2480
4000
993
3386
4092
4660
1996
1207
996
4704
5408
5423
941
270
4940
4261
1250
4931
1328
1254
5319
3008
698
4900
3457
5204
2561
3184
2864
5377
3666
309
2395
2814
2230
409
2992
2008
4848
4423
61
3366
551
4721
2698
1961
3569
1825
5069
5427
1109
3394
450
1541
2904
567
3663
1471
244
1551
1803
1101
52
3900
920
1367
905
600
2765
1429
3798
1051
1537
2271
4390
3665
2483
260
638
96
1217
4611
1132
1124
3373
2848
3643
4277
690
5150
968
2700
2980
4504
1777
1872
2929
2865
1418
2366
3747
4884
4437
5363
3868
3776
4054
4636
1092
726
4586
1824
1596
2161
5131
5257
907
4227
2740
3320
4305
5288
1469
2620
2668
2470
636
539
2794
258
3842
2679
1561
232
4864
3357
932
2884
3655
2068
4712
544
5390
184
5198
1169
3486
2526
2948
2908
5020
1052
4443
5312
4806
3913
3441
4263
3865
3880
4870
5059
3578
4564
1884
3829
2435
2301
5352
3292
3114
4718
869
2476
1544
361
1015
3623
3228
3825
2166
1390
4915
3536
982
3034
1310
1212
2028
2231
4460
3158
483
2307
374
3396
4005
4932
2365
1488
5146
4431
318
1508
4999
904
4752
2319
4795
359
2184
628
2471
2214
4913
4312
3853
4430
1997
4123
5394
639
3101
1181
1524
2963
916
2869
1892
3067
2661
3541
163
303
1682
4770
1454
931
1813
4041
1258
4479
3863
2414
202
1019
4287
3306
4361
2593
5147
1278
1170
1552
1383
62
1008
5040
38
4242
787
2813
4127
3990
1837
2129
5058
2180
3080
5037
89
3487
2543
917
2306
4168
4448
2085
301
4225
439
3964
683
5330
5376
5259
4323
1866
1286
986
4589
858
4181
1538
168
1182
4459
3283
2270
2342
575
3365
1893
3014
1992
4350
1914
756
3888
4363
5018
3433
2450
2627
5236
3893
2442
2173
4241
3081
3608
1064
95
1889
1501
187
2295
3531
3452
2682
2521
1644
1885
863
176
5113
4293
3209
1327
4780
848
2525
1877
2755
3941
2416
762
404
2386
5003
1516
3402
1187
1045
1829
3167
5092
447
2558
3515
1758
3771
4089
634
5328
3946
2351
2585
3104
933
372
2588
992
4264
5032
4875
1941
2924
849
4548
2168
1200
3518
4412
3912
1241
3117
4068
5400
1206
211
3377
2060
57
3233
550
190
1275
4229
4743
733
4100
27
4471
4102
2664
2651
4694
4371
5014
3540
854
3173
2017
3204
5164
1579
2487
3305
1619
5169
3382
4528
2787
804
3028
4299
5001
948
4893
4247
2389
1380
3497
3422
4789
3838
1523
4482
2149
3027
1718
3760
522
1116
64
538
3583
2203
2497
2555
769
3850
1261
4103
1434
427
2090
2392
1703
5068
4271
1955
1921
909
4971
3906
2189
3015
1134
5385
1453
1733
2221
3573
4235
3256
1653
243
527
712
2486
832
2157
4257
1331
1497
1503
2961
339
1687
1214
1912
4531
3340
2299
637
4356
4495
388
1032
2820
2834
1917
4729
4561
2739
4157
2083
3432
1426
36
1666
487
1102
3446
1370
3736
3858
1472
3502
969
5142
2037
3758
4651
3255
4182
1701
2571
5233
1879
747
1881
4136
3635
2957
3352
5364
2930
3572
675
3999
3227
5130
702
5255
5387
1622
3066
397
2433
3123
3978
1197
4710
2469
2035
5258
1726
800
1581
2043
4196
2956
5415
5271
2005
1451
2109
4653
5117
1131
1641
3100
3668
700
2098
4749
4865
2196
4035
1748
3132
3178
4392
1500
3489
5393
4540
3399
231
1419
2243
3696
2332
2766
3979
871
4274
4428
4534
251
2760
2926
3211
4828
2193
3042
462
1085
2604
606
2566
4404
3490
3040
1178
2744
1456
421
5221
4840
514
1850
1424
2523
1441
4739
3218
2262
889
4147
2239
779
1995
3954
4198
5086
2690
1381
511
3949
4415
1730
3311
3481
4190
2505
1947
2804
4500
5155
86
4338
3677
4171
1688
1462
4156
5421
3075
1229
565
47
5232
952
4339
3324
4311
614
2347
2995
3430
4604
4830
610
1958
449
3930
2159
2790
4747
4583
2634
248
1111
4449
2460
3326
493
2541
987
4239
2321
1584
3193
1883
4577
5391
4936
1894
118
142
1095
4006
3629
280
732
1636
1288
10
3581
4678
1113
4094
4527
1768
5047
1458
908
54
2514
2786
2491
1379
2373
4115
670
1522
1572
1146
943
2340
4573
1402
4673
2730
4047
60
3001
140
2859
2811
825
2958
3118
180
1374
1536
3584
1271
2775
5021
4221
223
3513
2077
2038
1193
5301
4396
1089
740
1807
1414
480
5106
4872
3870
736
3478
2944
1022
4330
149
2249
4145
106
516
5313
2055
395
5237
945
985
3175
482
5004
3753
5182
2300
4553
1480
3847
4213
4552
3299
714
4530
1717
3338
1612
426
975
4800
2782
5349
4464
1048
4917
3145
3591
646
2359
525
1990
1738
4959
846
2048
356
3720
3358
1578
4571
2419
2513
2919
415
5371
7
2215
1053
2052
3185
416
4877
2412
4969
484
4233
2375
1394
4775
1521
5109
2264
4517
3473
999
4634
4926
5318
5074
210
2548
523
2982
5030
4080
1835
4067
3927
5374
1887
2734
4284
2767
2394
3777
5245
3242
5416
4605
4683
4360
3146
4426
4062
1110
4846
4796
2437
1624
4894
1251
200
581
5167
2147
1502
2130
2003
633
2194
1334
4200
1232
2940
88
63
4773
4020
387
4133
196
2594
490
924
1353
2996
1916
997
2225
5303
3895
5162
2617
601
4871
4703
268
2689
1736
4418
4483
3553
93
4817
2942
501
1810
4498
5399
3664
5193
900
4760
13
803
4819
479
2247
2573
3477
4484
3140
1680
940
4442
5104
5132
1531
3053
1878
2150
56
3707
2915
3333
233
3310
2784
4033
3925
3714
407
316
1599
2999
588
1924
3522
641
4565
2004
3479
3407
3270
3596
3996
1309
3280
2374
353
121
285
816
4709
3469
154
341
3790
4519
3525
5429
5277
3249
1130
3570
5240
2946
3719
785
1283
5280
1741
1289
1863
4658
2574
2528
1952
4759
1129
3240
325
398
4964
3727
3526
5295
1439
4458
3159
784
3281
1875
3901
1070
1700
32
759
3164
2136
1746
3852
4533
1459
2586
5194
2666
4654
4489
1530
4748
5013
5161
2333
464
5084
5360
865
400
2584
4572
4834
3543
1661
3997
983
1324
1455
5285
4537
4106
1848
2725
1606
5291
1199
3110
640
1006
1365
3538
452
328
2719
3604
74
2704
2598
167
4411
2721
1631
4107
2154
3274
1007
4736
2080
2165
1319
446
1329
1373
2545
5183
4057
4197
1142
2858
4451
2539
2757
2824
2643
2853
2629
3866
2266
1793
548
910
1704
2868
2377
26
694
791
1580
4387
5275
3836
4816
2107
4272
1363
5188
5224
1347
4898
4562
2880
4623
3465
3936
3855
3627
2605
5100
2893
4051
1814
4542
2352
2131
3807
5051
2176
4192
1860
1594
100
72
124
279
5296
2361
366
281
1171
227
5234
4737
4148
4378
4212
3492
3222
2768
3911
4028
2807
5272
1091
143
1767
1812
4031
3576
3737
3374
2101
3694
727
1280
1615
1808
267
23
5379
3708
230
4963
1265
336
1034
4998
3043
3508
425
1792
1618
87
152
2458
3815
1517
3688
4891
4267
1498
3641
1589
4427
3975
827
2660
3817
1430
419
3019
499
611
4532
245
677
509
2860
3024
4622
3406
3106
2591
5419
3824
2955
162
1248
3799
4920
3839
1708
2056
2753
555
1794
2808
4333
4664
291
3862
2405
3450
1678
2167
5127
4886
2871
1853
4928
4815
2097
1558
4364
2041
4823
175
2829
4922
332
2728
976
2303
3393
2816
3
2422
5176
3624
5273
2057
3793
1147
2550
4620
3234
4040
2125
1344
3908
481
3796
3054
4831
3368
1694
4850
1303
2508
1844
2952
1407
4901
4774
3318
3370
3181
4231
2094
1714
5022
4822
2939
2936
3768
3279
3459
1376
3695
3702
1179
2330
1243
1463
2658
4462
1528
1027
3003
198
2572
1623
2945
2667
2806
284
4399
4862
3835
4060
563
5229
2415
906
5139
5298
1252
1083
654
2752
1236
625
2485
3483
3982
1342
4962
5324
5083
4246
517
2509
2100
2809
362
4
4980
3038
4684
2127
5403
1601
4619
4300
4706
1865
3021
592
2290
2846
1403
4355
50
1591
867
3699
3128
5422
1093
4116
1554
2842
358
79
2763
5290
3692
1332
488
3697
4030
2095
564
2950
5362
1800
2916
2925
3168
1209
2252
4854
921
2722
3822
1247
620
453
1686
995
5072
4416
5095
345
4797
5350
4799
1417
725
1638
3391
5135
2612
873
684
1079
2372
705
4555
4150
1211
25
2317
2544
1354
3026
5082
543
2785
2885
3484
2448
5019
1949
399
2840
3638
265
1913
5402
1847
2074
1957
4613
3062
2158
5050
815
2384
111
2444
3156
2119
4398
1358
579
2265
469
4702
2911
1740
216
173
1611
2681
4162
5075
939
2199
4614
4669
4950
2456
856
3336
346
3805
4376
1972
805
19
2474
1871
528
4967
4546
3876
5425
2279
4921
3785
3532
4154
2962
2466
1397
3926
3782
515
2137
5159
1842
2628
5413
927
1930
691
3344
2731
5101
1778
891
4996
5373
3325
4777
3767
3372
577
1060
1907
3950
4927
3725
3196
2432
3706
430
4353
3617
2177
412
1543
617
3917
2547
4292
5093
4691
4647
3778
4126
3271
4402
3354
2091
887
2538
2478
4539
2606
5153
660
788
1942
113
4987
4924
2222
5343
2473
4348
2260
899
5219
2277
3837
977
5165
961
1464
4219
508
2758
2402
3298
1320
3176
21
4977
256
1928
4899
1764
960
2190
206
1074
2092
5141
1450
3448
929
4042
2259
4142
3848
3788
3794
5200
3598
2501
719
4852
3843
2036
2397
2063
4543
1715
682
2633
616
1272
852
2191
3885
4551
4313
58
4037
2854
2976
3439
2696
790
3552
1237
3549
955
706
2213
1398
4011
3546
4768
2532
4424
5359
3998
5185
1526
1752
4809
2969
435
3376
3603
1836
333
2781
4111
3969
1855
4867
1896
3018
2425
4286
147
476
255
963
2002
2250
4525
166
1240
3759
911
602
2557
396
2951
1506
673
3935
2579
2772
5007
3291
1194
5041
4970
809
1325
4905
2706
1000
1931
3182
135
3755
5386
2624
35
3445
4218
3130
250
967
674
4118
3705
1208
1043
78
2070
4159
3267
5099
1036
2517
1689
3833
552
2805
2817
2665
3427
3400
1600
3328
9
1966
1154
1205
4784
1401
305
4425
380
2847
275
2928
3639
643
2170
5213
3451
545
626
3362
2512
2877
1372
4979
3800
697
3872
1880
2446
2888
3006
1592
2363
3095
656
1180
1602
4845
1172
3055
925
3501
2714
4805
3163
1734
2258
4776
1570
2010
4262
2833
988
2792
3414
308
4934
3124
2021
485
897
2645
1443
1603
4665
2343
1293
2461
41
3286
411
2274
1902
4357
3928
2073
1550
1445
4208
2536
3493
3919
3920
3045
1574
743
1786
2861
1003
2788
2113
319
2066
1659
3084
4641
3236
3349
4474
2909
3475
3943
2907
4593
4086
2894
4492
4283
4715
3507
3488
1839
5035
3889
2712
3030
3154
1849
5195
228
3898
534
4742
34
1395
642
1025
4478
2828
1613
568
1744
806
4879
3938
4163
3416
2408
5231
4833
373
5365
3303
1296
2831
1903
2268
2188
5414
3096
6
3428
1201
1065
2580
3801
1743
401
3455
3272
971
4681
3881
2851
745
537
3859
55
1617
1139
3729
649
4236
3717
5184
4541
3335
2495
2742
424
2913
2210
134
2897
390
3875
2223
2032
186
4319
1378
3662
2751
1784
847
559
2530
394
3899
3892
1457
2818
4045
2286
4733
1904
5305
4502
2027
2589
2570
3297
1157
5238
3091
1221
950
4888
2379
1416
4948
2815
4019
792
2311
4596
351
3464
5026
619
663
4598
4352
2845
1432
2163
2081
3761
3871
3241
3004
1122
470
5077
4982
99
4109
2354
1016
5253
3958
5404
2128
1228
4456
5112
195
3687
5335
1979
2117
4930
5120
2229
895
1984
97
4480
3648
850
560
650
5178
1555
4663
123
3642
3442
5189
4303
1549
2292
1499
1447
1684
1431
3398
4687
4708
208
2632
3295
521
2838
4648
1133
4167
2349
3631
1753
2596
2431
5207
5263
990
1742
4790
1483
1409
2552
4090
2812
3607
3472
5407
4874
4635
1944
4374
1452
4004
520
946
3787
130
4317
2296
4512
3235
5158
1583
3931
431
4629
2615
2705
886
3031
1386
4941
3678
3965
3421
2218
749
4345
915
5230
3390
541
2563
5302
4152
4602
3367
1971
2960
4839
5370
4730
1677
367
959
3672
2496
1719
3046
5344
4547
1805
1005
4039
22
456
5418
4510
3856
3561
1063
1314
165
4692
4556
3749
1610
4885
4843
2724
1336
2064
4984
3264
403
2396
4929
569
3087
586
5348
2464
2965
1681
822
1316
183
1945
1493
2603
3634
1029
3565
4078
1350
892
2380
4343
518
4183
3520
2228
912
2655
1438
4716
4202
4384
4304
1806
136
1965
956
2934
51
3995
5126
1126
5222
4421
4164
3879
4112
350
1765
1321
2863
477
936
2675
1650
349
4188
914
1105
750
2878
5033
5199
4769
391
4454
4580
1566
1136
3016
4346
4972
1724
5293
662
2638
3037
1587
678
4450
3959
2019
834
92
1371
3651
2636
4838
287
1775
5087
2206
1780
3068
1712
2316
1412
410
3816
3559
2903
2867
5289
3152
0
2803
3276
3388
2983
1349
1569
1487
5332
2255
4125
598
754
2312
4370
4942
1911
1485
4550
131
1290
1953
4722
2039
3460
2336
4326
5144
3772
504
2654
1345
5192
838
1149
1269
2244
3348
3834
3023
4513
3044
874
3679
4666
5316
3371
2510
4657
4650
3988
4144
1933
1789
1683
965
1164
286
4695
4199
330
1670
76
4911
185
402
5368
222
1935
438
2399
2143
145
3187
253
5202
3974
4237
1605
3620
4217
4538
2553
776
474
729
179
4013
5256
4731
4486
2046
4802
3139
4949
1150
471
5267
11
526
2323
3951
1108
2253
4359
3516
857
4966
3317
5215
2076
1607
259
384
3369
249
5121
3107
226
3134
17
2151
1695
114
4610
3025
2116
812
3795
587
2235
765
174
648
2872
1148
5081
5119
3945
2245
1295
4210
2613
5136
3347
3589
3384
1223
524
5138
81
225
1828
1654
4535
2498
4226
1505
3686
5027
1351
1159
3832
3160
2013
5034
5409
2762
3844
314
4268
949
3741
1991
506
2069
2067
3940
1721
451
2844
2071
2922
3632
2879
1727
3098
4946
957
4476
4429
3029
4466
2257
2246
764
273
4735
4544
3327
3813
420
1270
722
991
5243
4273
4470
980
3138
1162
934
2304
3563
3121
2490
1556
3052
2618
2988
1833
1001
3840
3511
3230
2209
3738
4847
4386
3774
3846
3554
4104
423
3458
3504
4137
505
1300
71
304
1151
3610
2590
5029
4073
5347
2597
3685
1634
4767
5145
4906
1259
3606
3660
4096
3647
2534
3841
4726
4209
4793
192
4105
3548
3649
3968
1959
5308
4349
218
1235
4645
1656
1663
2297
3496
2623
2642
5395
4965
4689
2875
4056
4012
1706
741
1475
1183
4947
70
3887
4161
3411
3657
1711
4493
4151
354
2115
331
3294
3791
1311
672
5179
1864
2581
2047
16
4499
5073
1035
5380
3498
3345
2849
5210
4603
5353
772
3315
3529
1647
5357
2015
1038
2830
735
5336
1754
2686
2738
2164
4440
4732
561
2358
2120
3060
337
85
3519
2797
739
229
802
3680
3690
664
497
311
4974
1874
1817
4083
1210
4674
2049
888
1088
1976
2204
3797
1153
1306
4101
4439
1071
406
5098
1294
3939
4276
5065
3039
3380
1937
2592
2677
4279
2369
475
2276
1795
4764
3587
2759
3704
4700
1076
2034
3148
5102
3809
277
5079
1333
4023
1244
4278
4618
2810
1216
3332
4723
1956
964
3144
2549
2504
2693
1075
3671
1081
2609
2248
4091
4557
3614
5264
338
1826
1668
2748
5180
2932
3494
709
5149
299
3049
1986
257
3528
4055
3171
1732
768
1039
1123
2524
3094
1410
3265
1652
157
155
2607
2426
688
3405
589
2970
3476
4403
1766
2488
4918
1511
1967
766
958
4204
1843
1685
2535
269
128
5333
913
761
4393
937
5317
2
2142
3056
3564
4320
532
2979
5212
3924
1121
4765
5017
631
1895
4185
4114
5024
970
3468
2103
2053
1011
4631
1220
4321
2672
2348
3092
4861
2912
417
2841
2059
2238
4563
3269
778
1873
3225
327
902
3621
1203
3210
2406
542
3206
4508
335
3136
2322
2773
4400
1515
2420
884
3558
1770
2676
4469
938
2527
1553
4081
289
1542
3864
2381
3262
2986
5254
375
498
4914
557
3071
3612
3972
2133
4155
4514
828
760
2887
3542
3524
4169
2197
4435
1227
615
1080
3586
4095
4607
3149
1970
5066
4445
1926
2162
448
1822
288
3321
710
2646
5008
3903
665
3188
2024
3637
5208
5411
1834
4536
1056
3058
2852
716
4570
5276
4477
3142
3810
2236
2357
692
3097
966
2569
496
4750
4220
3545
3769
2825
306
5116
49
3597
519
5426
2138
3710
661
4608
2212
2200
3886
3474
3745
298
2457
630
4985
4968
1980
4176
161
2341
1468
1260
1167
4291
2079
4869
989
789
4397
2009
824
1567
4342
4621
2701
5241
4327
4160
4785
3728
393
5006
2621
4381
1964
2023
236
5367
1249
2201
4113
5265
1318
3105
2843
1985
2769
4787
1867
597
2703
2040
2484
4578
2745
1433
1420
1672
4375
148
381
4902
3808
5175
4717
3131
818
2652
2065
3313
2678
594
4686
1246
5417
3278
3000
797
4734
3882
94
1297
570
1858
1539
3050
3166
119
5152
1720
2799
1175
1936
5110
1226
2320
3934
3363
843
432
4240
3514
4153
3462
1529
2938
3676
4295
3413
75
1692
458
1856
4779
1062
4391
4810
3530
1908
300
1852
292
1440
3088
2650
1435
1846
2045
4667
1020
1781
870
3722
556
322
585
2072
536
829
1788
3266
3467
3198
1932
3857
5309
1861
3293
3243
3830
1396
5157
5337
3983
2680
4933
868
5244
2702
817
947
5036
2233
3011
1069
2619
1922
3408
3630
4953
5214
5057
392
3232
4878
3751
796
5055
2088
2876
1308
5211
2990
3195
2492
3089
1366
1699
4025
2153
2033
3544
1827
1845
607
1218
3360
3644
1832
2997
5252
4595
3806
1341
711
4362
1586
2984
4707
4616
612
1277
2850
4873
2122
4395
4298
644
12
2096
4122
77
3636
2187
4473
2715
2941
4266
1425
1012
4029
1281
3991
4497
4074
1750
811
1772
3194
4434
666
3268
3263
4909
1564
4076
2104
4627
3750
864
2217
2169
1802
1326
1364
3429
5346
3994
2644
2977
2949
1343
2891
1460
1037
1649
4751
1014
1360
781
241
1915
329
139
5171
2428
860
5111
1190
1050
4034
3213
2503
877
919
4798
842
4238
4438
4990
3119
66
3820
348
3905
4679
3112
1568
4077
2350
4071
3438
3435
3967
3902
1869
235
4866
3312
1938
150
2614
3661
2434
1934
3308
3346
364
4049
4829
276
492
4983
1428
405
5052
4701
1096
4617
3456
2780
2475
2649
3593
4134
3831
4988
1576
4290
326
4409
1145
1920
3179
881
5249
1322
4108
723
1787
4690
5321
5071
2058
4222
1158
2749
4853
4309
3461
2006
2564
370
3183
5151
129
2985
744
4344
2334
2423
1481
2126
1477
2708
160
5186
1862
2737
4258
2353
2974
4465
221
2793
2368
2896
2966
310
3192
2881
3711
5023
3674
4120
5085
5384
1174
5134
1890
1339
671
2291
3454
5089
3323
928
2718
141
4628
297
2989
5203
2455
3314
2716
156
4863
2462
1072
657
582
3766
5398
3309
4782
3977
4294
3005
4761
4032
5205
1256
2256
3947
2078
495
1026
3248
1982
1262
3640
207
2135
4755
203
2707
1573
2774
2529
2269
2454
445
3099
1264
3355
45
2688
4719
2886
2439
2998
2134
580
2583
40
117
465
5156
4191
2082
1968
4633
3981
1127
622
4652
1525
4269
59
4956
4117
2635
2587
540
2337
1513
1731
1660
5148
1009
4093
120
5375
444
3177
5225
2084
2754
851
2105
4194
1705
91
3929
4676
655
3500
1496
3436
679
3942
4803
1547
5354
2305
5197
3261
472
1337
2560
2465
193
676
2937
2717
734
1282
343
3244
24
2309
5220
880
4075
979
2411
3412
408
1657
1292
3212
5287
4468
1759
189
4149
2711
3600
4503
1120
1518
1118
3582
224
681
2232
1474
3894
84
5115
461
2663
872
4228
5
489
2622
4728
4175
3698
376
2540
271
5239
1492
1335
1161
4601
1112
2947
3756
2640
3575
3770
1831
2155
386
1196
751
4285
1929
715
3061
3616
1155
3150
2761
2298
3961
866
428
4207
2447
1046
5025
414
5206
4302
46
2943
3220
1168
3826
4997
352
5339
5355
1125
835
5123
533
1532
1317
4003
1352
3823
667
3065
5039
3773
4307
238
3628
1346
5218
3867
1918
4855
5166
4581
2747
5201
4808
5088
2839
4243
1927
3730
4677
312
3057
282
2025
3580
340
320
4626
1563
2207
2902
5129
4952
3740
360
5248
4441
2355
2687
4179
457
3223
859
3169
4334
5270
1590
5196
3426
2729
5118
2234
2339
4250
3383
1888
3200
4801
1059
1165
3033
2906
4187
5143
3415
2631
1267
3013
18
4130
707
170
3910
1707
2114
1851
5038
1191
5372
770
2385
4422
3296
342
4860
502
209
1024
5331
2789
3143
4827
1747
2764
3724
1667
194
43
3282
3957
1482
4615
5002
98
1115
3351
1763
4783
5049
3592
2741
3907
4938
894
4904
3251
546
2421
4131
3812
28
3625
4251
2599
3041
1520
2051
4205
2866
101
3716
2892
3517
15
962
3301
2364
4184
2575
926
3259
2565
4331
4588
1077
4746
436
4821
3821
820
623
3307
5042
4325
3700
2674
831
823
1298
1245
4002
1696
2582
105
2685
4937
5329
2324
2697
2559
4659
3827
4394
3285
1943
2445
247
1100
2281
2429
3379
1989
593
4841
67
3341
4444
1030
713
627
3051
813
3409
4453
1671
1900
572
4975
494
2140
1868
1195
1137
371
1176
3048
5406
347
1177
214
5000
1626
3443
1897
1988
2502
2684
5190
2393
1819
3579
4211
2398
3960
1239
42
2463
4173
3611
1676
1604
1608
4467
2139
486
418
4714
1815
3723
151
104
1713
1257
4365
3063
2562
2873
2506
3180
4214
1028
753
3082
4452
3555
2482
836
885
1023
2733
535
246
574
3165
845
2427
4836
4727
4354
3914
2472
2315
3290
3174
4680
4135
3239
807
3078
2648
5410
1384
4097
3789
833
718
4322
2899
2625
1466
5358
2108
2856
3744
3921
547
2821
1870
132
1040
4646
4584
1068
1628
2779
1299
3783
264
1010
5383
3527
2208
4907
4253
2857
774
4379
4048
1274
3116
1598
3070
2578
1560
4624
3215
3074
3992
4129
5397
3480
126
48
3353
3238
138
5108
14
127
1448
3577
5320
4388
4883
5107
2404
1268
2959
1655
3742
3072
578
4050
4507
5044
1313
5177
780
4165
