1443
1003
1780
374
1103
2760
2885
2948
1099
1982
2553
2637
377
1034
2515
3320
864
2808
776
2503
81
1765
1501
472
618
2129
3265
3063
252
67
572
3442
1319
2674
1858
341
3208
934
2588
3004
957
1715
2017
2660
2783
3119
3218
118
3198
1012
2845
3009
1063
3089
2681
2583
1844
1047
3182
3344
3064
2401
3301
679
137
1854
904
1512
565
2100
2086
3129
3050
3571
1757
1156
1741
1830
2837
2678
1274
2987
3055
973
707
982
402
958
3343
3231
2898
2424
1961
1788
3003
2792
1342
1039
3008
3578
2241
529
1417
367
2087
2810
108
1014
3051
1203
812
1100
562
1456
287
1575
2392
1524
2427
2370
854
149
475
2781
323
1237
1252
2044
2205
481
2053
1339
2174
755
1834
2745
2685
3263
1295
1416
1048
493
114
72
1898
2059
2683
3493
3293
1013
2939
1259
2317
2632
1571
3254
537
3144
754
2169
2873
232
1984
1408
1785
1657
186
589
1213
2464
1629
2577
3237
2426
1682
3427
2111
1478
587
550
2439
90
2290
2279
1332
515
324
2052
2364
1391
1496
1523
431
2069
2383
2712
2468
2996
353
1111
536
2285
3153
2127
673
2289
1597
3179
2914
2356
2801
245
2222
862
2751
446
975
441
364
3469
3127
1928
2897
2895
542
1485
117
1973
294
1717
1945
2151
3502
29
2618
2874
2929
2656
68
1278
3161
1415
1221
3489
1379
858
1673
2697
883
505
2306
345
2682
70
856
1795
1490
696
423
304
2040
2920
1573
1994
1738
1143
1115
2634
1041
2877
1120
3359
7
2589
3366
1503
1480
2328
720
2224
28
2478
3256
823
3444
1718
2508
2487
3001
2651
608
362
654
3311
2103
3500
429
1603
1815
401
2352
1675
1509
2015
1155
1049
2421
2879
1000
1255
3249
2248
1932
477
1681
3106
3458
2404
1310
386
718
3550
834
992
556
1769
417
2354
1088
1231
2917
2994
2834
2048
2573
2986
771
821
3107
1756
3005
1993
923
1434
1314
809
2134
1228
2395
1438
620
1124
1267
2022
3418
2188
3478
3420
1435
1508
1369
1025
165
1085
1271
302
1294
1326
3379
2321
3540
2569
2520
3542
1615
2708
2380
2677
3193
1959
80
1608
2840
3124
454
1614
2723
442
3508
808
772
1320
590
350
768
1818
3199
543
3112
227
3517
3557
3527
3514
1981
1589
1338
2264
900
1387
1315
2534
48
1674
644
100
2581
1094
2322
2625
1152
3248
1106
2973
1965
1640
517
3479
261
3575
433
36
1287
406
1373
1929
2398
2812
855
2147
1243
1052
1393
2958
1169
2267
176
737
2903
3460
400
2856
0
2176
1487
1392
1653
2630
1962
2654
1631
1663
959
2643
1504
3552
3207
3319
246
500
1017
3188
1125
50
1484
1343
2027
879
2474
1836
1362
1301
2431
1449
289
694
60
3546
2580
1734
2750
2655
2839
2784
1209
112
2076
397
10
1729
1148
881
3150
451
2803
1424
2964
1251
602
1533
2183
578
2628
3
389
2209
1130
1725
2031
2201
636
1149
34
2263
787
2823
3323
836
2476
2919
3496
3143
712
1407
2957
2665
1872
2250
120
1283
1853
1783
2010
459
3402
1659
1441
223
2867
1556
3473
24
2592
355
2471
1568
2343
1787
188
2718
3221
226
1967
3111
716
1201
2804
1946
2046
3370
447
2274
466
263
1083
857
1859
1546
194
2934
2238
1414
3032
2747
1299
2825
2817
2470
2829
1313
260
3330
1470
564
2453
2947
2384
510
1372
2445
2388
3513
2358
820
2460
987
1440
2055
3136
1953
3417
1828
819
609
1476
719
1530
222
766
153
1862
1473
591
157
1554
703
2056
1409
371
359
3279
509
3354
3284
873
2132
2124
2035
2821
1580
3229
2607
3314
3518
1881
861
852
2543
1806
3096
3358
796
3041
426
1232
3151
2467
2133
3415
2349
213
349
138
2283
1061
2960
2778
3100
387
2003
779
942
3108
784
3447
480
2535
154
1492
607
1365
1482
3075
1454
1436
218
1114
1483
2255
2497
1588
1093
3282
268
1368
1305
3110
886
3118
727
416
945
3197
3491
3483
171
18
3168
2698
2417
258
963
905
1
1896
3466
1500
2648
2851
817
1784
3440
449
1781
2270
1182
2234
277
1642
582
3455
1878
3281
3329
538
491
3382
2251
1733
1821
646
473
1753
3459
405
225
1902
2436
994
2104
1126
752
3261
2236
27
3147
601
2146
3252
3381
2475
2108
759
2495
1275
3185
2360
1036
1867
1773
251
2302
1812
1453
1345
1366
3133
2927
2636
1225
2967
342
2490
360
909
1455
2671
2605
1336
838
1833
196
233
1721
3407
1743
967
3498
216
1919
859
1172
1113
1437
2509
414
528
1316
42
1701
2161
710
2485
2557
1165
3078
2394
271
3015
3432
634
3348
551
180
1950
1132
708
3155
2276
777
579
2149
2596
21
1394
26
148
1348
2091
882
3286
2796
2371
2558
155
1847
3457
2080
3134
1693
1736
3227
3233
2273
3094
3300
2688
1789
2173
1793
2233
2539
2195
626
866
3386
540
3113
2118
840
783
2872
2680
1284
412
1969
816
297
2326
2206
1735
597
1270
3414
767
16
986
520
3425
1289
899
3434
1071
3068
595
116
1309
762
810
73
619
2318
3086
420
3505
3090
3472
378
3052
140
1677
2952
65
970
1306
2942
1397
2522
1218
1398
1684
805
753
1576
596
1586
1134
583
3539
347
126
2331
1042
17
793
2254
2305
1907
2337
988
996
2619
1956
238
2516
978
2800
653
2938
2329
2775
1873
2438
747
3081
2200
3372
2338
1742
2030
2342
1511
1513
1194
1807
2598
1076
3545
2491
3176
918
3201
1618
2706
1754
686
76
1023
622
1627
2687
3224
1477
2962
2135
919
2013
1645
37
3572
242
3074
2396
931
532
2298
563
3378
3315
95
2785
3373
1410
2565
687
3028
3058
907
2225
3033
3482
3025
1072
94
663
2449
3190
906
290
1861
299
2172
2280
1371
925
1420
3222
627
2266
2197
212
922
1468
3582
312
3554
3385
49
3223
3022
2182
2925
331
561
1823
2303
1303
2830
1253
325
3477
1559
2067
930
2339
2117
3196
728
2092
298
894
2139
2904
2191
655
961
2138
2758
1174
295
1075
53
267
1395
1916
396
1625
2761
1264
3169
2735
2694
2921
3506
309
507
3174
1471
2901
1805
1570
846
1856
2469
1840
2286
972
2862
2446
1180
1136
3567
3530
398
2650
2479
1581
2622
1998
3369
566
2888
1516
713
1024
2600
1662
847
706
23
2300
3170
2153
951
912
2498
2226
395
1988
422
1171
1256
2767
208
917
2608
2554
3516
393
1630
44
2296
3476
1198
1957
2663
1910
2058
1827
1168
1260
1635
55
2527
1519
1711
695
1766
2507
2629
937
130
1599
647
2892
2142
1129
1318
471
2672
1826
1166
2649
440
3269
1837
1933
3384
979
2822
3138
3318
2437
2481
2085
1162
1709
530
3139
2063
845
645
2178
1777
162
675
365
799
521
1976
1716
1383
3549
2777
256
262
3389
2406
2397
61
2881
2162
2524
711
3175
2506
1080
1428
815
2887
1499
569
2826
2989
1714
2893
3497
1712
64
1236
947
224
1233
2990
203
2551
3154
3101
444
1009
1459
927
2458
2050
1697
71
746
2907
2626
681
415
1312
2340
2846
2992
2350
3544
1246
1960
1633
2799
3511
1396
2734
343
1890
421
1660
581
1542
3585
524
2805
1446
2795
1208
1137
612
2770
1153
991
830
792
46
2894
2584
1713
2667
924
577
3342
131
316
379
3412
662
1016
54
833
1775
3465
2754
410
2597
2447
2312
1028
2116
2813
2295
1119
11
1202
3347
3584
3166
2155
2110
12
35
1955
989
2210
1056
1947
1883
2186
3040
1011
3210
2858
2077
2891
3295
1307
2902
1938
1864
1952
2106
1433
231
179
1750
2912
2243
2639
3308
322
1632
435
2542
2407
2333
2753
880
1759
2377
339
2591
3317
3351
1204
1112
1110
1690
714
3220
3278
2621
1767
2666
2223
2909
2428
2351
2131
2493
3395
1197
490
3114
2420
183
1708
151
2039
3186
2610
2528
1794
2393
3177
1656
1582
147
3390
729
2367
697
2714
2386
1037
109
2282
2787
264
2154
3461
2670
2575
2763
3503
3070
835
3405
761
2389
1019
3520
2045
172
236
843
794
2859
2061
652
3376
3470
3189
738
1532
152
195
3244
2615
158
79
2423
266
2695
3162
3492
974
3574
3339
2269
228
1913
2247
428
778
3257
3099
632
764
1886
1558
363
2692
465
1825
2362
744
2742
1782
1322
514
2457
1229
657
965
519
1002
2440
3116
557
495
3306
1692
1935
285
1843
2385
1452
1018
2720
403
2265
1549
336
1505
541
2855
1186
2662
848
3313
2011
369
1942
3126
2381
2228
1421
2375
3533
1321
736
2922
3142
3253
1376
1531
1592
2099
2959
3044
1936
3577
552
2748
2978
1764
2623
101
1357
1987
2083
3019
3241
418
903
3515
3212
3079
1598
2755
688
2271
2709
2158
2399
1707
2051
45
3159
1626
2288
2014
2525
2511
1069
2042
1762
2640
1610
954
235
2253
3374
1300
2975
671
936
2126
139
902
638
1920
1507
1875
301
804
476
2231
1832
1888
600
999
3452
2156
2631
1092
1612
1154
2737
1658
594
3558
1001
3537
335
354
1924
3325
1963
169
1160
14
269
3156
2473
605
1605
1142
1584
1835
2743
3411
916
2064
1425
2533
3471
3410
1551
576
2414
2980
2868
3375
3352
3445
2669
692
254
2036
1562
1350
278
2861
2245
570
574
844
2833
1486
132
2635
628
2647
489
1915
2152
2054
1964
2842
1540
462
3026
1980
1770
788
731
3350
773
1445
2425
3215
1958
2413
1177
1991
1544
1055
875
1829
88
2220
1732
75
1621
3239
334
2988
3255
523
373
1539
1027
3430
1196
2699
1212
2590
1006
3097
1971
2382
868
527
1731
1636
3340
52
2448
2199
940
1465
535
1133
244
1851
2137
2638
2378
3034
1527
2145
2363
811
1914
3396
1594
2365
1564
3056
1882
1535
333
2451
2733
1043
887
1771
2836
330
1175
1606
648
1966
1238
2794
2047
650
47
1337
434
1141
2633
1922
1265
2529
1607
382
990
1045
2954
1192
110
1117
220
2956
2562
276
2020
1077
1302
983
789
424
2521
775
1648
3105
313
1744
1145
91
1596
390
1205
2148
1161
2788
275
1985
598
237
2140
2880
1722
606
3367
1700
656
3031
248
1848
573
3061
3053
1053
1297
2620
274
445
2791
2556
2001
2123
3543
884
1257
1726
1223
3438
3559
3071
611
2194
3547
2492
125
892
9
1650
1723
1323
2725
202
74
1427
745
1842
191
1583
2985
3581
2057
214
1727
2689
2727
1706
1340
3275
219
3046
2981
1353
1286
1451
756
1800
284
2532
3419
742
200
1157
3036
3067
2466
2518
2736
1857
1510
2189
2889
167
1894
340
2546
2863
2693
629
1493
1796
3333
807
1062
1986
204
2005
725
1108
3404
3272
2112
2277
253
272
3117
2301
795
1262
1050
3290
1399
3083
1269
3488
2291
1925
800
1215
1331
3534
2332
3191
3302
2523
1822
3409
2472
2454
1266
2609
2844
641
2483
2314
2766
3084
2882
3240
1176
3192
2159
2586
3184
780
1406
2482
3037
305
3183
2790
585
1457
1578
1941
2945
2165
2913
2849
1739
3512
408
2530
3433
2433
2097
2627
2871
2486
1926
3580
3268
121
508
2405
2411
1352
3214
496
1282
303
33
558
3109
2932
1189
1164
1082
1667
189
1293
1074
197
499
3054
2657
3393
1247
1144
2180
69
2933
306
2435
439
255
814
1620
2281
2262
2809
3553
2563
257
2668
3217
2612
2768
2991
2827
187
1086
1526
1600
2372
971
813
2168
3435
2284
1095
1059
427
2949
1170
2977
1522
3523
1745
3270
1897
2499
2098
1892
1030
1619
2560
1931
1346
631
2997
329
311
2242
2970
643
1187
2574
2075
2184
487
2519
1871
2021
2673
286
1670
1665
1181
1802
1968
388
2125
2884
1543
1983
3450
3363
2865
443
1065
604
1877
1790
2278
2502
1227
2550
1158
1285
1290
115
3436
288
1616
685
2361
3332
1385
320
352
869
2272
111
2606
617
513
3006
2971
2908
134
307
2415
2187
2759
1746
966
2410
3132
976
2843
1569
3380
3247
2452
1623
3504
3250
1900
1184
1810
790
2235
749
1273
995
2951
93
143
2095
2984
616
84
506
3451
3125
2246
1122
1139
1552
2179
743
1467
2999
651
3576
243
2876
2141
1977
58
1317
1029
2541
2175
3157
1498
2686
928
2102
3232
1442
2259
689
2594
921
2555
2484
1786
3178
1695
763
2603
2193
2749
968
2935
2729
2376
1774
715
1624
3158
450
2070
941
1248
1911
2807
896
221
2983
2043
3449
2531
2215
483
3042
2304
1004
2769
1400
2096
3122
2330
3235
939
642
1528
1819
1518
1151
593
1021
467
1563
281
482
3267
494
1460
452
781
624
1444
693
1007
326
2324
2334
2675
2166
2832
1054
497
3365
2144
136
935
2756
2866
741
2965
2287
1809
2229
156
1308
1491
456
1188
488
1724
296
1617
2416
2690
1258
1430
2641
3092
498
1173
549
1703
533
1479
993
3474
1222
174
3413
1514
3560
2728
1797
786
1699
2034
318
1242
891
1123
384
3066
3564
280
2357
1401
1747
901
2926
1710
1917
1647
3346
1669
3059
3065
1688
1944
3280
1089
2705
3204
2094
1091
2160
2963
3243
2599
1978
361
2459
1502
2757
2019
518
1411
3377
2950
2105
824
1521
63
2941
327
2500
211
1370
2009
2355
709
1517
3146
59
6
2578
1740
1185
399
1611
1638
3010
3103
3294
567
3307
2185
1841
1010
547
1087
2029
3538
4
2906
368
534
2998
1755
1579
1803
1329
860
2192
8
603
1254
660
1838
1206
3285
1422
407
678
1060
2368
3463
3137
3043
3519
250
704
3258
210
3522
3338
1634
932
3069
588
3426
3328
2307
2122
3164
1816
1937
554
1058
3310
3356
1291
722
3195
863
721
1104
282
2444
1031
2006
3322
3152
2391
803
66
2772
676
3371
2741
2579
3387
946
1972
1105
15
3494
380
1866
3391
3353
2018
1118
2078
2203
372
664
3012
2071
2700
1389
2196
3259
584
3408
1214
1545
1525
889
3364
2327
1121
502
1022
1990
2319
124
1814
1720
2549
3561
166
2564
1687
2366
1585
2853
1943
1431
2510
2217
3298
3299
3072
1534
1951
516
1304
317
3226
31
926
512
2032
1820
950
765
217
20
2969
1548
2089
1930
1466
357
1240
2320
1572
665
135
2202
2025
2190
969
1146
96
3200
2696
2793
1458
3421
3163
1147
2163
51
3336
2088
1101
2023
2212
2374
571
3234
2007
3441
1159
56
1461
1495
209
177
1903
553
2275
1824
184
1850
748
2716
3562
2593
87
3018
22
2109
2409
3264
544
1200
2928
1831
2074
2505
723
1381
1885
1887
239
1970
392
3361
310
2501
376
3579
3439
2219
2780
259
2004
3095
1515
2347
404
2613
2513
3098
2198
2548
1698
3283
929
1655
2857
2130
2848
1070
3536
842
2062
1235
159
83
1494
1220
1758
3017
1150
2802
3392
1032
77
2315
677
635
2252
123
1354
3287
2911
2730
1116
1602
3073
2961
3326
730
3424
2434
548
2249
666
2489
1405
300
683
1948
2000
1068
2325
3029
1855
649
3453
908
1541
1553
1776
1557
1073
1637
1426
3277
1109
1798
2430
682
1296
3167
3406
346
455
3007
2847
2744
1277
933
667
2776
3131
351
2113
734
2702
801
1377
3397
1996
129
3023
3327
1384
825
2713
319
802
391
3532
3490
2870
1904
453
1891
3331
273
1679
2576
3501
321
234
3024
1893
1035
1167
740
1261
3510
315
1079
1639
984
3570
3422
3135
2311
2239
3205
3499
938
1884
2944
2012
3305
592
2899
1349
2079
1591
3274
3225
1817
2211
2644
13
3091
3337
2128
735
559
190
314
3345
3202
185
2642
3416
229
962
1359
2561
3480
3456
1020
2418
3115
850
3475
2570
699
2617
2136
944
522
2762
952
832
1868
3509
2918
837
3206
119
107
192
1719
1865
3291
1341
684
215
2752
145
448
3104
1489
757
3002
1989
1140
2544
1846
2008
865
2309
1380
164
1245
3462
2582
3047
2684
163
3016
827
3360
1351
1876
279
1102
1555
199
674
1870
2297
3398
85
806
1163
105
2816
2719
3569
1909
98
826
413
383
1419
2604
1230
3368
1889
2864
797
1772
2814
1696
1704
698
19
2916
1217
870
739
3548
3507
1852
2514
2341
2764
25
2815
2313
1863
3321
3238
1361
181
3526
1057
717
1469
3468
3060
2860
1975
2731
2308
2878
1550
381
291
3388
2976
1905
2310
205
1995
1901
791
3446
2232
3251
2387
3271
178
2336
2982
3209
1347
430
953
2408
1761
955
2488
3403
1923
3309
659
3245
2774
2738
2379
3173
2101
3057
2537
3266
3242
2567
2722
3316
432
2299
1760
2966
2900
2455
89
128
890
102
2171
2653
2936
1644
2993
1651
2346
501
2746
168
3130
2679
1190
3531
1906
2786
2968
503
337
897
338
1375
1683
839
1388
394
1084
2710
2740
3000
504
2060
2443
308
893
3076
2049
1768
525
3335
726
2512
438
867
2081
2905
888
1752
1378
1869
3038
1216
1098
997
770
2345
1298
2552
3246
3487
1685
270
1595
99
1096
2268
3467
822
293
240
3102
956
555
3171
2571
981
2559
1450
669
2611
104
3194
705
1311
2037
911
2208
831
623
511
2869
170
2240
3140
1574
1641
2819
127
1239
3039
1033
2658
3080
1081
1472
2652
2645
1046
1226
458
332
1403
474
1462
3093
2293
2779
97
457
1250
977
3529
2974
1799
3304
3541
2717
3428
1191
885
3187
3120
409
2143
206
358
2624
3495
3563
1749
2422
1680
599
1702
621
1335
828
142
1763
1974
2841
2946
1536
2494
461
658
1590
2726
2811
615
614
1404
1668
733
1423
2419
2480
2463
2177
1689
1566
3297
2170
479
1127
2995
1622
3048
640
2294
526
1593
1849
818
2084
586
113
2818
2931
2937
1529
2218
769
150
2595
3013
2065
2538
3077
1386
985
2461
1613
1520
356
2739
1604
920
1244
2540
613
2028
1811
575
2831
1334
3276
1899
2204
86
436
661
1874
1015
2261
2257
3292
1646
1649
478
3165
1488
2972
3030
265
774
2335
2526
2221
2213
3583
2016
1475
3555
1691
2915
2150
2441
2119
2214
78
3082
3273
3027
1439
1005
2838
3383
1374
3213
2721
2850
3085
2114
3485
1609
468
2798
1737
568
328
2432
3087
2477
2316
2828
2403
1429
463
2782
1939
898
1448
175
2373
38
2292
2072
1979
193
2002
2547
1327
1135
1565
998
1413
3148
1791
964
2120
3565
2806
1292
1908
2260
2955
2227
668
1918
3149
3128
2940
1661
425
2646
2536
2732
3448
751
895
2566
690
41
1860
3362
1748
92
3486
1934
3524
1288
580
2923
1355
2390
1263
2824
3568
40
2602
1686
3423
103
3341
5
750
3349
2724
207
1506
1179
486
3062
230
1064
639
2587
2121
1804
531
2041
1344
1210
1328
1412
1026
2237
1577
3219
1839
3262
2659
2026
1211
2107
2400
760
910
1880
484
3260
1730
1097
2661
3228
437
1234
1038
680
2164
2450
1940
3484
3230
3211
2024
241
1999
2066
1178
1367
3236
1813
546
3045
878
3528
2462
2896
1281
1481
829
2344
1364
670
3334
62
348
1090
419
1728
3216
1561
1078
122
3049
3464
182
1671
2771
2676
2601
1138
3020
1199
198
1241
871
3443
1678
3521
3011
144
2820
2890
1044
914
732
2852
2886
2068
2442
2664
1751
201
2704
1560
915
2504
2789
1402
877
3303
1330
3429
1547
3394
3289
948
913
2711
366
173
1997
2258
1008
1927
1497
2614
1040
3160
949
2323
2979
1778
1432
1051
1207
1324
3556
2359
1808
980
3535
2930
2073
3400
1705
2465
1921
2715
1792
82
2616
1954
625
630
1801
247
3088
469
701
3035
1131
851
30
1333
1195
2924
2572
2256
2835
798
2883
3014
3172
3145
1601
1382
1280
1066
2429
785
1474
3203
3401
161
1276
1672
1587
492
560
3357
1249
1628
283
3566
3355
3180
3288
1654
3296
637
1356
1447
2854
3312
460
2691
1219
1676
1895
2943
700
3573
1464
2517
2545
2701
1538
2115
1390
292
385
1652
1643
3181
1268
2412
2369
2207
146
2568
375
485
2456
1845
3551
464
1694
2157
841
960
1463
2216
874
539
1418
3123
106
724
2402
1067
2875
141
2707
1912
2496
876
370
3454
2348
1358
2953
411
853
1193
43
1567
3431
32
1363
3481
2082
2093
672
633
2181
1325
3021
133
3437
3525
1779
3141
758
57
1279
2585
249
1183
610
1107
1272
2
872
3399
2167
2765
1949
1224
849
1879
344
1537
2244
691
39
2038
160
1666
1360
1128
2773
943
2910
1664
545
3121
2090
2353
3324
2230
2797
2033
1992
702
470
782
2703
