451
552
1977
66
1724
1927
2177
2966
2370
3340
3219
3005
335
1930
395
2626
514
2039
1846
2785
743
622
1007
2421
153
3483
2052
2097
1151
273
2831
1650
3295
2436
1611
1507
1908
1593
989
2000
966
2909
260
1199
1938
1865
3526
358
2882
1976
1088
3329
2902
1237
1585
2248
2286
2561
3156
1829
1966
735
2671
1437
1353
2972
2005
3458
2504
2008
2734
2036
747
1632
1255
3270
195
1440
2184
1352
1548
453
321
1360
2864
1478
2287
1343
2054
1890
1859
199
2369
471
2417
2730
1115
2505
1048
2520
1250
3541
2465
738
3171
1883
1110
3303
2846
566
560
2205
2312
366
2789
1624
36
2298
282
3382
2625
3356
3357
1751
2748
219
2427
356
2749
2878
3353
859
1570
1292
3441
599
1934
256
371
848
2759
240
2733
2967
2825
3478
800
990
1032
1733
2391
1211
3287
86
2952
439
764
782
833
550
897
1178
2337
2651
1901
472
3509
834
2589
406
2345
2876
1803
2259
209
2049
313
37
425
1613
1054
150
2877
3077
375
474
3129
1709
268
810
1477
1080
1732
894
386
341
417
676
2475
1372
549
3003
183
2791
2885
2836
501
2994
865
2394
2144
811
1445
400
3373
2232
1331
2040
3274
708
326
3464
1508
3226
1189
1026
1465
3131
3320
3085
2516
2526
1771
481
143
1410
3222
3273
2845
2059
3410
3491
2446
876
1348
152
3022
2549
606
1476
2510
2378
929
539
2704
994
3000
436
2920
305
1402
460
3336
3125
1405
191
2850
135
2849
830
2632
3286
1014
1528
1834
2881
3176
2868
1002
76
296
611
2145
2657
347
2773
593
227
210
1148
548
1074
1109
1024
301
3038
1431
1006
2976
2017
2586
2541
1536
50
1301
2154
734
3339
1217
3249
433
1904
196
2176
1067
1173
2182
3345
522
579
1354
498
211
1748
1581
1743
945
755
1
1449
2300
2816
2754
2133
2578
3251
2447
3354
1770
270
228
756
308
1552
942
1885
1832
2787
2964
893
2012
1394
1576
585
243
958
3018
3444
892
815
170
565
1019
1894
1333
2189
3279
880
2342
1504
987
393
2495
3177
1645
2044
1629
1696
384
3332
849
956
1991
249
194
1188
188
1962
684
1931
775
2489
168
1959
75
3069
3358
1835
1425
2854
429
319
2736
3490
1591
3457
3510
2598
1276
712
401
1145
184
2811
2439
1200
3081
2713
1025
3228
2897
3492
2243
1242
677
1995
3388
2658
1658
671
2079
1364
831
1728
245
3196
33
2226
251
2925
434
317
3321
1121
2299
999
1457
2159
543
2137
3309
193
3431
1500
2508
2939
1646
1233
2914
128
3434
1295
1754
701
154
216
1114
913
2545
1022
3489
88
1487
2075
3415
1659
1517
746
7
592
1651
322
858
3325
14
342
3310
1697
2705
1303
1386
101
459
499
3163
852
3435
1988
2171
1866
3534
3265
750
2396
843
1008
2444
1094
2685
265
2963
111
3333
1435
2458
1707
1240
856
867
2283
634
3242
3533
1889
2851
2310
2714
1398
546
2619
507
2042
2629
2041
3105
177
1982
3015
974
884
1450
2563
1184
2935
1926
1935
631
2646
1939
1429
2679
3190
89
2355
3425
2160
352
3532
3087
1979
2050
1547
162
1215
704
9
985
189
1351
2742
2525
2623
2120
1945
1615
3343
2483
1882
2151
1116
2903
3451
1283
339
1160
1341
2970
1186
2570
1049
2726
2677
3039
2684
577
318
2666
1554
547
1563
979
742
1875
923
2807
1143
1929
3060
1227
2349
2566
2559
1760
1117
231
369
2583
1446
2988
1059
1469
2575
38
3398
1940
25
2088
1157
527
3008
1375
2778
562
1238
1055
233
2992
346
3280
1557
1682
1603
261
3002
2784
3134
1710
1383
767
2546
403
1880
2716
2038
1720
836
2834
1638
908
969
3040
3107
1887
720
2113
3408
411
3297
2429
1416
2046
2830
1663
1042
1490
1454
458
215
2941
1955
2770
80
3269
877
2216
2607
166
3074
2790
1459
1565
846
137
2513
3033
777
1198
2859
491
2717
2233
41
1063
3302
247
911
3477
795
685
1239
3403
1839
1920
2134
2117
1812
2474
1844
3111
416
3161
536
3026
1550
2150
2128
2873
445
2174
688
2550
1699
134
2539
2722
524
1144
2460
1308
1794
3291
2821
1084
171
397
2468
2631
2478
1620
980
2057
106
1800
2969
475
1232
1606
1584
1795
3278
396
105
1374
2424
1912
180
1532
338
1481
3307
113
257
1231
2493
2147
1494
1767
1170
3308
84
399
790
2883
2103
3493
1077
1873
1766
3376
2380
538
2712
713
964
850
2196
3052
2929
1345
2774
1683
2373
3422
3229
3268
350
1296
2187
594
1281
798
1660
1235
60
1855
465
126
1167
3146
1968
3482
1069
469
1527
1218
1300
3503
2307
3363
2030
3138
663
1730
1137
3259
3347
2090
2152
1987
2344
246
2281
1649
1307
1621
1021
124
1905
2515
3070
3197
1127
715
529
2812
872
1717
1270
1746
2562
2002
658
2392
3090
2767
844
1061
2891
1652
3130
218
2318
1752
1520
2435
138
2011
2568
2032
2981
2131
2069
2456
1919
337
2202
841
1224
3506
500
3467
2124
51
1493
1462
2252
3312
1818
1252
2194
3334
389
940
696
689
2769
1711
2961
1740
2743
1336
3407
2466
1915
818
3518
1051
1782
383
2484
2776
806
1053
2314
3137
1392
2309
730
544
1169
709
679
167
3096
3236
2960
3386
2633
2449
2206
2115
625
26
2662
2645
1129
422
2847
1412
2766
2656
2387
3147
2122
2906
1718
1712
157
3456
1892
3430
2078
1735
1037
749
27
309
1510
667
1385
1568
2280
512
2402
1607
2997
1210
2191
650
1278
3419
3167
11
1524
1355
3154
3459
1750
1085
2642
52
1286
1742
939
1666
1572
74
1388
1946
2800
3076
1277
2340
390
2204
740
2328
3102
226
1639
2068
1236
2828
3447
1219
3217
354
2863
2762
555
443
95
2279
1516
1495
360
520
3299
3470
1923
121
1860
2258
1595
2833
169
1518
44
1674
1545
73
1305
595
1384
120
3028
3055
1171
1870
1389
1369
1076
3199
1284
970
1787
3261
3093
2691
2432
3098
531
519
3218
629
58
904
2887
1039
3232
2630
2227
2221
874
855
2668
2660
2653
2293
2016
2956
1630
2245
3517
3042
79
2536
2081
2379
2932
333
3341
3193
1577
1205
3385
1268
902
551
1045
3092
1370
1090
1142
2838
2381
2306
1538
2254
1895
1038
253
570
179
2123
232
2793
3275
621
972
1463
1631
2013
2675
3116
2408
1057
1176
310
2399
2285
809
2485
714
2157
1673
2757
1877
361
68
3433
1747
3502
2033
302
847
2284
3152
3124
1780
34
2019
3344
753
165
837
1367
1791
1785
28
2907
678
1501
1592
262
1781
388
3395
601
646
3150
2065
365
1789
521
1941
3180
1161
652
2852
641
2756
3337
2913
2943
3374
2672
3330
1609
3175
725
1642
2995
1906
2530
503
3241
2010
2841
1643
948
2753
3397
2074
3285
2814
2198
2927
3384
1260
1637
3210
1207
2648
442
928
2303
2591
2430
10
2428
2506
1896
1158
3304
1003
2874
3512
2027
13
3101
1103
3029
238
3104
563
1960
1511
845
1726
2060
2415
206
1259
1922
2071
1925
766
1715
2181
3266
3065
1028
2110
42
457
1902
325
2330
2422
2263
2061
2410
1338
1559
1996
2165
657
1455
1828
2866
949
2454
612
862
3123
1460
1523
2382
1677
2501
1444
2209
3231
665
2420
2861
1679
77
1289
155
3
861
2388
2731
2140
2393
3139
3537
3544
936
1521
2892
213
2270
1723
2600
1174
3262
1792
1340
283
1961
770
3542
618
263
1298
1978
2461
553
868
3072
2106
510
2305
1206
925
765
2220
1954
2296
64
291
1963
2810
541
2487
1247
504
1068
2084
965
1822
1560
21
2532
1924
3194
554
610
2089
1849
1130
3118
1310
1814
1525
2551
3446
3359
534
1605
1698
906
3211
2916
3225
561
1430
1533
2351
2467
1667
1956
1332
857
133
3014
3471
3036
2332
957
1246
1124
826
694
3253
1801
1731
2775
1041
56
1159
1989
2045
3508
276
2542
2827
303
2235
3172
1299
2667
3319
2930
3466
968
47
1671
2070
1838
605
2437
1311
3245
3443
367
2529
1320
272
1808
63
1802
1869
2815
558
315
329
2782
2440
2603
1655
149
3223
866
144
217
478
1670
1342
3439
3164
603
707
2983
2062
1064
3426
2512
2795
1589
1330
912
2669
1738
1362
1193
731
1328
568
2919
3023
29
444
248
2783
920
1472
2228
1135
3145
1686
645
467
3120
2358
967
2273
1139
991
2288
480
3524
1678
266
2680
687
2438
1600
807
2931
2031
1488
1529
108
3157
2168
69
2844
2244
736
2324
2991
172
139
2274
2663
2947
1390
448
3487
1257
385
3369
1433
2579
723
1943
3437
2592
1175
2922
3046
2266
1427
1843
2534
3183
1409
2681
3243
1118
1546
2297
1702
2652
2531
1097
739
2843
518
2986
2211
886
2346
1467
3237
973
604
1108
3126
3314
1379
2980
633
3083
3133
1031
1971
466
2926
1290
2993
421
1634
1275
2277
1713
274
2544
2894
703
1975
2808
1132
1154
3058
3187
2647
2707
1403
926
821
2450
2708
1571
930
635
312
2953
993
1131
2022
695
533
87
3109
2395
575
2099
3540
2695
289
851
2496
3149
2255
1881
22
2321
2777
2459
2199
1456
485
960
3416
1772
197
674
1089
483
1441
1555
869
1030
2215
1229
3318
670
3414
1610
721
1078
2982
2989
1214
2601
1944
163
290
781
2732
2119
2764
1853
2047
1897
3292
2609
1604
3079
2325
237
2463
1898
2940
2403
1001
1321
3051
3427
909
784
410
340
2341
2023
778
2138
3453
2377
2242
151
497
0
1776
1302
1073
1578
123
668
3335
1984
2043
3252
2500
2073
1203
3281
3462
698
3531
2397
2537
885
2289
3507
2021
3277
1316
2267
901
1119
1187
494
203
164
2621
2889
1549
2636
937
2499
3117
2104
2326
1758
1653
638
178
2126
1522
2282
98
1484
160
2024
3480
2367
449
1641
3230
70
3080
1334
1280
2985
1221
3496
2772
1468
627
1602
2464
1222
1689
2661
2514
873
2955
427
2584
2624
2829
651
2494
2543
3004
2718
2250
1248
2302
2231
59
30
1378
1418
2763
490
1350
378
463
545
1253
3413
1734
391
2256
4
1636
1483
2384
2101
569
1407
3182
613
690
783
751
2797
686
1716
3246
3184
1861
2594
3173
1899
2098
3247
2697
2886
2219
476
1413
2014
2360
2576
933
2987
1672
919
2129
3372
2855
204
2936
760
461
3198
1107
1692
2725
2170
1432
1183
1306
732
2590
2067
1377
1223
493
927
2164
910
1854
1147
2275
2898
1044
3428
1627
3412
1729
2715
2779
2225
669
353
628
1043
724
505
3300
578
1893
523
1616
1066
922
2893
2724
2824
1245
2978
2640
252
3455
2026
1322
102
2404
2857
2535
1366
2317
3063
647
1489
3207
530
2473
404
32
1537
148
3257
316
2338
1969
2720
2116
2582
2398
2880
1665
1234
722
3192
1491
482
921
2161
3423
43
1164
3220
2581
2109
103
878
953
3159
2820
112
2826
19
1810
132
3499
1917
838
1837
2655
1474
1098
741
2553
78
3205
2768
306
2331
392
1267
1675
1974
2741
3059
3516
1244
3239
1304
2518
2670
1773
2822
540
1424
2801
2246
2455
981
208
1009
1012
156
1561
1566
952
600
2917
582
473
3208
3148
1438
1857
2
3025
1439
182
2998
2569
2400
285
1628
3271
2214
2701
3472
3099
267
2481
142
3498
1903
2832
1661
1737
46
2565
1640
951
2948
2085
3178
590
3313
502
1480
229
3030
1693
1827
1287
3017
131
438
1128
2973
1626
789
3021
2368
1867
779
1326
2823
3061
2441
2401
258
2837
1553
1136
1841
1112
3170
2093
3393
2905
2389
3522
1562
828
1813
2423
16
1262
2682
3144
602
2163
759
100
1512
1209
1297
8
492
3068
2687
2217
3007
883
2750
2390
3475
995
2606
2272
1872
829
2407
681
394
48
3523
1314
1358
2294
1937
2871
2616
581
3013
3082
130
2602
1138
1779
2552
2703
825
3448
3221
2108
1346
2912
871
3185
2580
2416
2365
125
988
785
20
3539
596
941
2788
2316
2984
2605
3016
3513
2899
1081
1526
24
1608
2301
879
363
3032
2477
2945
185
1243
1648
2727
1162
2758
3158
1273
1691
571
3404
17
2034
2146
129
97
2527
2135
3352
377
2426
2319
2780
408
2760
2173
3317
2957
85
1530
2796
495
1140
3041
2383
2114
1739
1918
1046
2771
1423
2029
2175
1470
2091
1015
2260
891
2699
2375
1680
639
2241
430
840
824
1871
3322
700
2048
49
3119
31
1617
1017
637
2604
3189
2938
202
608
3486
259
122
2840
311
2156
3494
3067
362
2007
3460
1419
1705
1479
526
2744
424
1213
1361
2678
2311
758
1047
61
1149
1113
2183
2055
2835
382
2386
2896
803
1404
1192
344
2928
1957
2558
1948
3095
314
1104
2665
1569
2357
1519
281
1461
1036
2169
2555
2564
2186
328
2347
3504
3113
1840
3248
1062
3361
2434
1376
1784
509
3473
2523
222
757
1921
486
1826
1195
3250
3206
2482
2765
1745
2620
762
659
3394
288
2643
907
1261
2884
349
1102
3179
1599
3088
2761
1152
2320
664
1753
2654
2608
3035
2412
57
2498
2009
3112
1443
2433
682
2490
1126
1868
916
1909
205
1864
1013
304
1070
3424
1970
2136
1913
3323
2692
3227
2053
890
1497
2148
2740
1163
99
3469
3530
3529
1911
2723
1344
1579
3103
1027
2999
640
2240
1515
1208
3484
842
409
797
1156
2153
805
3282
2968
768
2276
1010
1506
1056
2497
2688
1349
40
3235
55
2650
293
176
3141
2155
2689
666
2560
2329
83
2480
2951
2745
2066
297
2683
423
801
733
1485
2942
823
3215
3311
2872
90
1365
2486
1681
3094
1060
2261
2567
3465
1251
437
1990
1387
2875
368
802
697
932
1951
220
2348
1133
680
1706
2918
3305
6
2540
1324
726
2037
1279
1708
428
997
2746
931
1823
1225
3100
2366
1980
3050
691
1323
3075
1933
3315
1034
1999
1950
1967
214
3405
1932
330
1180
2327
3202
3186
2571
1172
3342
2674
1471
3049
1942
649
3160
1916
2290
3143
1845
91
2735
2072
470
1623
2125
1986
140
2193
918
1783
1647
2860
2593
1796
1824
2212
2278
181
2096
230
799
3027
1020
136
2374
2719
2910
711
1309
3128
2028
1598
3162
212
2502
607
1201
1050
1805
3505
2937
2890
1992
104
3324
1313
943
336
2818
2268
2080
1473
2618
959
1587
1973
1721
2239
2610
716
3411
2911
2915
889
324
3360
1575
817
489
1761
996
2371
2409
3355
1347
93
487
2751
615
405
962
620
1420
2352
477
672
3381
1503
3020
1531
854
1382
355
900
2554
254
699
3364
225
1417
2842
2051
3396
2291
3289
2229
998
1202
65
118
221
2445
2548
3106
710
3379
175
557
2237
1168
791
1502
3064
3326
2798
2673
1535
488
1704
1688
835
2803
2809
3390
2547
1000
1082
1071
1111
3350
2218
2006
1194
3110
1212
515
3420
644
364
903
3115
3296
200
3440
3474
2141
2924
2702
938
159
3260
3514
636
3293
2208
1397
1657
2853
2728
2794
2839
2249
1541
3488
808
3031
3351
905
1399
2696
3012
23
3306
792
2418
117
3288
1451
3204
3366
1023
298
1633
277
2949
351
2637
2676
280
754
71
2195
3452
374
2538
574
511
2958
3406
2313
702
1197
3216
412
2617
2469
1556
2094
1241
2015
556
114
1596
727
934
2442
158
1272
573
1543
3053
1763
327
1274
2201
1879
1256
619
455
617
589
3328
1371
1775
1095
441
1654
654
748
3011
954
45
1093
559
3362
2162
54
3045
793
2950
1100
1447
1891
598
2556
2095
532
914
1972
72
2087
242
3001
387
223
2339
1757
1676
2472
3034
2100
2895
597
2003
3515
1291
2118
2856
2172
3174
1842
236
435
1265
1317
1258
116
692
947
2488
2786
975
2238
173
468
2503
2959
2452
456
887
944
376
3276
2190
3258
616
2112
1684
2729
2879
955
2405
2385
279
2121
1448
1040
3188
3097
567
1619
2781
2222
2130
3454
1586
2105
2213
1165
3538
1797
1101
1863
2167
3073
819
187
986
3191
1492
3009
591
2462
300
2819
2977
3091
1558
1230
2596
3054
67
2954
542
513
2802
419
3135
2354
2573
418
1594
614
3048
115
673
1755
1544
1498
583
2364
1614
1004
1393
2908
3121
1018
1220
109
3062
357
1033
537
3166
2700
3370
2698
479
1428
1583
2185
2411
3401
3368
2659
1442
693
2965
2111
718
2638
2083
2572
1179
2082
3400
1125
1952
3543
1997
822
1106
3165
320
2210
1337
1830
343
1597
2979
1567
1271
1513
1878
3377
452
1768
2236
2178
447
3461
1874
982
3519
440
1774
2491
295
1695
1910
804
2192
1573
2634
1551
2923
796
863
1153
1852
407
2946
2361
794
3006
2362
2127
1928
3089
186
2639
1656
1011
820
1799
1282
2962
2944
728
1400
1722
1319
2614
745
935
380
2271
1664
1778
2476
2077
1539
2711
1815
506
642
1862
1836
950
1983
250
1964
1079
3501
1807
2664
3521
1509
1741
971
3084
292
2251
2020
3142
2694
331
1182
3463
2933
1765
1155
1965
1644
3233
373
3140
1099
1856
1426
3283
1727
1177
3200
2158
1396
2107
1327
3255
976
2063
2257
2376
623
774
3272
3450
1005
1329
3449
2870
3468
2356
18
1542
1373
264
2888
3114
3294
1703
147
2224
3429
198
3327
1141
1380
3348
864
1196
1876
1228
2817
2521
2517
1534
92
94
586
2315
2990
1825
1146
1122
1204
235
2363
1075
2628
875
584
508
3214
201
2001
1744
2451
224
2335
1072
2336
2858
780
572
2921
3057
1363
2752
3481
2139
2180
2622
1408
2262
2142
1804
1285
1669
1793
3399
3071
1105
2471
2253
1580
1264
860
3195
1662
961
1458
3545
2234
2419
1514
269
2806
1947
2448
675
648
1888
3127
2585
3387
1821
653
1335
2453
2333
3380
1622
1422
624
2900
1764
2975
3392
2413
2519
3209
946
372
1819
119
788
3078
3511
1185
1618
2804
3136
1482
3479
2056
3010
244
2690
1466
3301
2197
5
1701
763
1694
2641
1339
2869
769
323
3224
2574
2230
3349
535
609
2528
3044
1415
1858
3417
2635
234
1806
516
2595
1790
1499
1914
2588
1811
3056
2644
1052
3254
1315
963
3234
432
832
127
1475
1847
1357
630
1719
787
3485
2613
299
1249
3153
145
1848
255
1411
1981
2292
924
1900
2086
1759
662
1092
3497
3535
2522
1786
870
1288
2304
3290
96
192
1687
2470
2203
1150
1769
1359
3383
3066
915
1166
896
895
2792
3367
348
2805
1096
1588
1816
2414
3525
827
2353
379
706
2611
3338
1809
345
3263
1851
1436
978
271
1736
2188
3421
2901
2308
3365
2264
3520
2710
3536
1635
3528
1601
773
1368
1831
1798
3108
2739
3086
517
2269
1083
2058
1788
2721
2207
983
287
2334
2322
2848
580
2372
307
1564
3203
415
643
1985
2865
1886
3151
2737
420
1884
141
81
15
1762
431
3155
332
3331
3298
3284
2615
1817
2587
3436
1269
2693
3500
2755
3442
881
286
1190
2577
719
2443
2867
814
1065
107
2076
3240
2025
3122
3181
2200
1453
1994
53
1401
660
1749
2971
1690
564
1087
3024
2035
1058
1254
1266
3371
729
882
2179
1391
146
1486
1625
984
813
1325
1850
3201
2223
839
1452
35
588
576
661
12
525
2974
1035
2706
446
3432
786
2102
761
1582
1820
294
3495
1777
992
1993
2406
3409
2265
284
1406
2709
82
3169
3267
2996
3418
1668
771
2425
917
174
2479
2649
190
484
3389
656
2132
1725
1434
3043
3244
3527
899
1421
2747
1381
2092
3378
3037
1700
414
1685
3438
3316
402
1414
207
1091
1714
2934
587
744
737
1496
2018
853
812
370
2686
2904
161
1590
1086
1191
1612
1464
1293
2295
2507
239
776
752
2799
626
1016
655
1949
2064
2862
528
2166
632
2509
462
2143
3346
705
1226
1029
3238
1505
1998
1395
1181
2524
464
3264
1907
2457
1574
2511
3402
3168
2492
62
2350
278
1958
39
3047
2557
2627
2247
2533
381
888
1120
2599
1356
241
3132
3445
717
3256
1833
359
2323
977
2004
2597
2431
1936
2813
450
413
334
454
1263
3019
898
1953
3391
2149
3476
3375
683
2343
2359
1123
398
426
1540
816
110
275
1756
2612
3212
1312
1318
3213
1294
2738
1134
772
1216
496
