2632
378
1372
806
3835
1437
2799
2796
3811
4017
3974
401
4030
3311
1524
1968
2316
3989
2370
3448
3856
751
2114
1143
907
152
3050
1567
2911
3340
2704
421
2351
245
2853
1431
1705
3216
1680
1281
955
3474
512
1000
975
3666
1171
2792
2484
340
1055
3637
1170
2280
1902
977
2220
2369
3628
611
1537
2638
1296
3468
2128
3854
3310
1065
2313
1142
3285
962
1688
2043
3262
3829
3624
239
1459
1041
3757
55
3025
2087
3270
3840
2960
662
1105
328
1800
32
3700
1223
2403
880
1940
3988
1107
3702
588
3936
1612
945
2295
2673
1751
3207
1736
2830
3440
877
1541
439
1866
2886
3681
3622
1273
1941
3334
1946
2858
1496
1949
538
2748
2535
632
2794
1875
2004
1804
884
2273
3103
207
3385
3242
1570
994
1868
3386
3160
3362
3129
2566
1309
2647
908
2319
3358
1194
1253
3273
353
4087
839
1175
4068
1708
1454
870
3453
958
1014
1620
1825
257
1858
3886
3086
279
4018
1319
3093
848
527
1674
1125
2344
2786
2787
526
1878
3214
756
1722
1015
3560
992
3118
3548
504
1441
3649
1843
948
2583
737
1165
3670
3603
2235
1201
729
1324
1701
2945
2477
3069
33
674
1444
747
128
3772
453
841
2465
3619
2392
1770
703
1850
2023
1617
2024
2474
3462
117
2684
1833
3743
802
1534
298
3896
2098
3058
1985
2542
336
441
518
3837
3588
3852
3753
3953
2942
1350
3402
2528
2476
4093
313
1204
912
2578
387
4094
3555
1933
972
1327
2707
2119
570
1504
3881
1634
358
2019
2047
1572
3609
3227
107
3220
375
1308
297
1531
179
2517
3571
4102
3369
3219
684
156
815
192
1291
3320
52
2039
3813
1693
2855
709
1494
649
2041
143
4063
1501
2229
1757
3986
1472
1771
2415
2518
865
1742
171
2008
3542
25
519
3332
891
386
539
3553
2412
2939
343
1914
2782
959
293
757
3238
2910
3993
969
1383
3638
1590
314
2092
2435
3827
1254
2215
716
1485
2278
2991
330
3919
2132
2615
1247
1633
2523
2226
2501
163
2368
793
1880
1211
569
24
957
3280
1724
718
3068
1082
1455
3244
2670
1274
2617
2443
146
2508
3458
2022
3635
3634
237
2055
3963
3384
2780
3710
2747
3580
1300
4022
3551
2716
2573
618
2159
622
1539
3032
979
883
3346
1790
2610
1924
1689
212
2212
3825
2002
166
1181
1198
60
3478
1526
769
1249
2619
1414
2973
69
3176
3486
2306
2455
1251
1345
1205
3085
1333
2177
1241
287
3153
3239
215
2694
28
2604
1464
1446
568
2138
851
433
138
1096
3152
61
3803
3737
3563
2822
4001
3579
392
2116
1807
3547
648
4072
1799
2752
535
3417
1481
3444
3688
3308
894
2056
280
2651
1710
707
704
2587
4098
2490
1669
286
659
2852
3097
77
1224
2948
38
667
2519
935
3045
3693
118
1085
776
825
3035
2770
1091
2042
2889
246
2862
1662
3449
2671
1794
372
1086
1070
2593
1967
1723
371
427
560
1059
3718
2120
1730
2927
3639
416
2851
3508
746
567
2247
2970
2327
1575
3023
3003
3275
1009
2461
2664
3303
2675
1190
3200
2860
3029
2972
2504
3596
3325
2550
2700
3198
3489
468
2089
1263
3087
91
2536
273
259
3360
34
3062
597
2037
1462
2154
377
1624
3925
3477
198
2294
277
3768
290
1158
2170
2935
2334
3647
2270
940
3669
3313
1702
2021
3748
976
3297
2493
1221
3590
3475
3771
4099
3704
264
3290
337
1884
543
2035
1144
3857
2118
690
2766
2179
2866
2032
3047
2279
1406
3611
3109
3429
2753
2027
2388
2892
2559
1491
1260
75
2076
235
4108
2921
458
501
316
607
1168
4069
2515
1176
1007
2929
505
4035
2145
3510
3439
3071
1832
1458
941
487
2248
3576
3716
2760
2495
3437
197
218
251
2608
4061
1743
1379
2491
2557
589
1530
1610
3764
3072
2614
2795
1029
2955
3512
2409
1618
1926
1507
1806
720
614
1922
635
3792
2153
3192
3355
2769
1585
2725
103
221
507
3761
1113
1184
2736
381
2751
2690
2194
3428
627
1026
2922
2576
2059
3629
3742
2113
3709
2995
1098
2213
2204
580
2152
3268
3660
818
2117
376
3662
1666
4104
3699
942
1338
3367
2731
734
2631
3907
1696
1972
442
3162
412
1413
56
4046
2299
3970
2045
1576
3209
3938
1685
4003
1694
260
46
149
3079
1984
3614
2660
3549
2489
1483
2657
2155
3295
3949
2835
3947
3411
1405
4024
199
305
65
1111
2205
2888
587
1823
1261
3226
3819
304
3296
1704
234
3083
1760
619
1990
616
814
2781
758
172
2488
3975
1979
4049
2049
3967
2500
3866
1081
3755
58
2645
4042
3605
151
47
1994
2242
281
1191
1019
1066
1469
702
821
3673
1271
3667
2
4008
2666
678
2188
3298
224
4095
2421
1466
95
3741
497
3410
1049
3148
1953
1061
1358
190
1640
1886
1341
824
4096
434
2359
4074
1822
4073
4078
2828
2785
89
148
3016
3323
2712
1543
1062
3433
374
544
1681
1427
2146
564
2337
2621
3567
1123
3727
3723
3049
494
363
1547
3404
3483
1562
1110
1286
3450
450
2977
1655
1258
2458
40
484
3892
1346
2699
2311
3363
1636
2653
1604
2347
315
3203
1951
1929
4002
3463
3124
1785
2070
3749
2555
1891
3860
3515
3870
3665
3589
2398
2233
1452
3683
2366
3048
3074
2122
3188
1695
48
2685
1137
3503
1738
4079
2071
2382
1721
3163
3397
1421
8
845
520
499
1370
654
1183
2843
3577
2506
2296
182
1307
1492
2739
3954
3502
1248
3114
1546
2383
131
3818
2065
1152
3134
3889
2627
2448
1609
3013
3674
967
938
112
3830
2343
1626
2594
1621
1654
1916
3131
2992
2989
1716
2263
4041
2163
1357
2509
2266
1020
2894
3034
3289
1084
4053
4109
1262
493
249
1436
3217
2906
3407
971
744
4029
3189
943
2971
1741
1840
228
2678
2135
898
3221
688
2346
572
1028
2449
2223
3678
1476
2315
2466
545
1106
922
3895
3849
502
2802
1134
3714
1269
3602
1961
2872
2622
80
625
2522
983
3017
3561
1921
393
1536
997
2197
3413
3711
1499
2028
2426
1959
3769
3354
2274
1228
158
833
1074
3368
3343
288
380
593
3594
586
1836
3130
49
2379
847
2250
1896
1397
2408
219
2276
3834
1996
1083
308
562
1912
2963
1355
3026
3853
3199
3661
382
2265
2260
2454
3677
3040
693
1773
2475
2665
1559
3215
2102
2775
3070
2399
2452
2717
3353
1133
480
1488
930
140
4
2442
170
3978
3779
3279
1599
3156
727
3096
3971
2003
2580
3302
953
1817
1236
2052
1489
3623
2986
185
3950
3230
3983
2881
2350
2371
970
3166
664
2640
486
3933
3546
928
1814
3499
3169
3568
3432
646
840
606
359
2460
2232
2217
5
780
2931
1656
1592
3057
896
871
2269
2297
3282
1124
4075
2007
1852
3494
1995
3842
879
2277
765
4090
2125
2374
2988
1240
1909
2959
3146
1753
1229
1132
3795
2701
351
3231
367
3009
2867
1657
2168
3946
2257
3008
1781
2394
1557
514
4080
3365
1024
3119
3582
1203
3929
1791
383
1451
3980
1863
2831
2020
247
110
660
2051
1614
1927
2595
2397
2721
3543
553
1874
524
1393
1644
2750
2203
2510
3601
2803
1925
2358
3932
1533
3736
3000
1759
356
1538
3740
3976
2124
849
3958
1334
2077
1047
3956
2181
3706
3078
1328
2967
3636
388
194
2231
1606
887
53
113
2322
2962
893
67
2603
2692
1931
1772
1418
1482
743
1997
1908
3719
1962
3544
4076
685
2289
2091
0
2290
208
2199
2355
3046
2430
323
2094
2110
213
83
1166
2882
2833
2691
3015
2453
2520
1058
1845
3836
3105
790
598
448
2689
10
1109
2698
2303
1154
1776
390
3380
698
3039
565
2827
3218
1256
2925
2026
3995
3101
4023
4067
2191
764
1936
2729
2245
1697
680
2272
3252
4070
3061
1687
3918
540
1292
1402
1735
3482
4082
3965
2588
661
4040
3081
3144
121
1435
609
3893
2427
3552
1146
2745
1827
2478
284
186
1672
274
1010
1376
3807
181
1966
2655
2969
601
335
3833
4038
2723
1215
3863
1601
1954
2541
3128
4012
1754
844
2759
3861
165
1149
134
1913
2930
9
1288
558
2883
285
211
1304
2161
1745
1600
3274
241
1713
2202
2918
242
2669
2196
3341
1652
1337
542
1502
345
1752
3181
726
2386
3327
3960
417
2437
1650
947
1095
1390
634
3193
72
1786
1246
3168
1188
232
3364
3658
1468
989
1651
920
384
1011
1172
3838
3371
1900
317
2376
3655
1589
575
3392
1519
3687
1802
506
2540
1126
3472
1958
3247
3150
425
1780
275
3424
1545
595
670
2538
1259
3339
3522
1663
1217
2575
100
2440
2876
1729
1484
988
1963
2264
1289
1270
3234
2082
551
1128
2302
3174
2810
1064
2255
2868
1214
3454
389
2298
1378
3007
1718
435
3987
2641
1631
1673
233
1611
725
3350
68
240
1220
829
2569
2256
2928
3668
1012
2142
2936
2706
1226
2949
3996
2710
3868
2600
532
2844
555
1301
31
1965
459
1362
1816
1278
872
346
2017
2253
1960
3461
671
3338
3372
2422
3570
3612
3799
3018
1553
2744
3927
791
2626
332
3443
813
2390
326
1691
2688
4089
3100
2425
1676
3304
3228
679
3184
3183
1312
2896
444
2417
3598
2672
1888
2060
696
354
1416
1103
2085
1957
610
3271
797
2904
1978
4107
2696
2174
3254
385
1920
162
3810
1033
2919
1969
1981
750
1419
1690
1275
4055
905
1744
1404
3556
108
2994
3732
13
3446
827
3507
1423
2497
1429
1272
820
2730
676
1265
268
3322
2737
2932
2805
2420
911
2562
1865
153
2093
2349
3073
3204
1649
2148
180
256
1518
2579
2033
805
3519
1516
3237
4025
2800
1584
1044
2658
300
864
1901
903
3511
931
3945
663
1821
2318
3650
2791
1187
1089
4085
3139
4020
1646
3934
2057
673
2652
3076
2140
2984
1368
1598
2874
1237
1442
2738
2875
3381
1905
3578
1290
3194
2109
4050
3123
1470
411
3344
3600
2612
897
1417
516
2287
515
2846
1812
966
4011
3089
2211
608
86
875
508
612
3504
461
1478
1706
1974
78
3569
1195
1374
1252
657
2336
1935
467
3733
2171
796
3985
54
1197
2064
120
2378
1591
546
3557
3625
2524
3767
1114
2913
1433
452
295
1384
2251
800
3991
728
3530
3312
3460
3847
1505
695
4014
2764
403
457
3763
3888
460
723
2054
1332
23
3790
1523
3484
35
2668
4101
2310
710
1018
43
3278
1156
3066
1235
1919
3092
3257
88
236
1255
3998
1775
3318
3306
3506
498
3326
1438
2714
2934
550
1382
2634
3147
692
415
2364
291
990
3691
2999
803
1212
220
3403
3964
2813
3575
437
394
874
860
3738
926
3210
406
699
3923
2050
2438
1077
1510
3383
4009
559
2166
44
475
1988
2957
3616
557
2990
620
2308
1934
2933
489
2847
331
2079
3317
127
2577
3170
1222
2464
1493
1122
978
471
1440
479
4065
139
1746
154
1002
639
476
1893
364
3276
447
1872
2362
3873
656
3754
1268
1588
2877
1342
914
2352
3056
2952
2821
36
1199
4054
438
1923
2173
3401
3171
2978
3899
1051
571
312
4006
3155
3165
3043
1763
999
21
2147
2136
1072
2164
344
1820
2505
3287
3930
2512
3077
3952
3782
1100
599
2574
1396
3498
1826
2331
3630
2498
631
1057
3059
1810
3890
1861
3775
1293
2900
1910
1625
294
1297
1117
57
836
3858
3780
3414
2807
939
2108
81
265
173
37
3690
1608
1761
3797
2195
3981
3212
2373
1428
74
576
1803
2662
2025
1512
1563
987
3263
64
2015
1635
658
2285
981
1036
816
1824
136
3213
869
278
1315
1038
2825
4052
3082
1135
2556
2777
423
201
3777
3324
917
3939
2149
225
1747
1102
2040
2806
2061
2826
1303
2590
2808
3206
270
178
3574
2938
843
2798
3921
3132
2611
925
1087
420
3606
774
2413
63
1529
1768
2954
591
1571
3395
1394
3042
3828
3451
2966
3862
4039
2283
3781
370
3715
1720
2104
3485
1403
1401
229
1101
810
2597
429
4007
2134
2353
2074
691
1004
2890
1628
1778
1
1151
2393
2567
3436
3846
809
3703
488
3205
2683
2193
2496
3620
2419
3791
1174
1200
3002
3940
2473
3389
3190
2564
2809
1326
1233
1160
3054
2053
1508
1284
834
177
721
157
2000
915
952
2722
2206
3180
1535
1796
1943
18
3599
2078
2681
3187
3951
1930
3438
3094
1851
2589
1034
130
1461
2407
1426
1257
708
3490
574
3447
2010
1361
3328
1856
2354
261
1486
2363
857
651
1373
3157
2441
2961
276
1637
2090
2823
1616
811
30
1425
1989
3955
1813
3211
3901
2361
2526
2472
3595
899
1867
1242
1719
1627
1079
205
20
1219
1699
360
1443
3633
1490
1056
1639
2208
1643
3583
2130
324
778
1520
3111
1847
319
2644
3329
578
355
3584
3531
1185
2946
1977
1475
2545
3518
462
986
2081
3095
3969
1544
787
3821
1668
4064
3676
1477
169
342
2006
714
436
168
2186
2968
159
717
1692
2958
2606
2650
2923
2198
2693
1514
2183
2547
984
996
1465
1169
3908
985
27
2633
1700
3033
2284
1410
2112
1527
2859
3747
653
3055
2293
3158
3538
3272
1579
350
3240
3859
2870
1515
1658
799
665
1509
2733
868
2402
469
2861
3679
3789
3294
2400
2340
3426
1157
1239
889
738
3911
3973
2099
2029
1118
3902
1750
129
3941
573
1131
1525
652
2381
1521
3572
1980
1511
45
2618
1003
1329
1955
1054
3012
3126
1885
1407
697
1622
3258
1517
99
3408
3684
1460
3250
2636
22
3224
1602
2261
3427
2219
604
3345
90
1375
2325
4032
1506
12
1298
3785
3359
3798
2237
3283
642
700
3333
2141
1595
2584
426
3671
3145
2291
3264
1603
3979
2950
2360
2724
1080
1661
823
3922
222
762
2513
2165
2713
2252
1944
266
1032
3154
885
2871
1809
473
1629
357
2414
1890
777
1683
3793
2069
1948
3786
3375
2499
963
1480
4100
1797
1412
303
3178
2218
2997
1348
600
1819
2895
325
73
950
413
2123
3037
422
817
418
1952
2839
11
3246
3914
902
842
1870
2404
87
3532
906
636
683
956
1314
114
124
2726
495
934
1732
400
1894
3806
1789
1161
1108
3539
2009
2432
613
3812
918
2947
3151
2281
503
2389
1828
3909
1090
739
243
2551
1581
2459
3001
349
1449
1578
3604
1971
785
3521
3493
1561
590
3726
2005
1899
2788
3928
3186
730
2917
1250
3869
3997
711
1876
2062
655
1945
1983
2687
3496
3182
141
2762
1638
19
4051
414
1748
1844
145
1838
76
1001
248
3441
2167
311
3608
2365
628
1445
3491
1409
3916
2907
932
3269
1210
2549
1408
2031
2063
1031
1769
3248
3330
645
4004
2201
3393
1354
650
2207
1712
2139
485
2431
781
633
483
3159
1818
3585
1932
3784
1784
2267
686
2686
3464
42
2981
1053
3801
3509
3663
1120
2157
2635
2804
913
3292
4026
1555
1587
3065
3335
1359
2372
3627
1615
1287
3251
3533
1097
3288
832
3286
4019
125
3305
365
250
993
3990
1063
3409
1857
3133
901
4021
830
1998
3110
2502
66
3526
2185
2998
754
3882
1568
991
3692
1186
3746
2016
2483
4086
2841
2869
1179
419
579
547
2940
2511
946
1726
3376
396
3759
549
3337
3117
2151
184
1670
395
759
3640
1942
3121
1294
1456
2240
3396
282
767
681
1907
1698
2387
4060
1765
1975
1335
2679
582
3108
863
2531
2244
1060
2486
1889
1864
3735
430
640
3751
584
2034
3471
1679
399
3379
1071
3161
3750
835
470
3469
3656
2884
3051
2812
3559
861
1021
819
1528
333
1391
782
1762
3116
1937
779
878
366
3481
3802
79
2072
4036
1389
1207
786
783
3815
4056
4045
3412
111
2259
3430
3419
2444
267
3019
2133
2262
1067
2819
585
1648
1835
299
408
1040
3528
424
348
2568
3470
3307
2755
1593
768
368
3957
101
1022
271
1740
2571
1140
1025
923
886
3534
3455
3832
1597
772
736
144
2411
3088
3581
2565
3760
3805
2654
2271
3774
2418
3044
3177
133
1733
2450
3689
391
3920
116
2607
3972
513
1092
1424
1939
2214
2341
2743
921
1755
3794
748
2367
1758
566
1320
752
174
1829
3865
454
2129
3651
3982
2815
176
859
2779
2845
2339
3167
451
398
3031
3175
1801
838
951
2773
1659
2176
561
2228
2783
2192
980
3657
3243
1839
1552
2433
855
119
701
3300
443
1450
3291
1395
3820
694
866
630
798
2377
1950
3208
3875
3525
3685
244
3284
4034
1619
2106
3466
1540
3127
3004
3497
465
7
3696
269
3259
491
2824
3824
1855
2481
3021
1582
4028
449
1594
2563
482
1177
3011
4013
1155
766
2570
2342
3140
910
2375
210
2758
3535
3879
223
4047
3075
3728
1982
2899
26
3804
3022
1068
2643
481
3106
1671
2630
3773
3613
510
2096
4091
2046
909
856
272
2529
1586
1453
1805
2326
2909
1830
3195
2356
3698
1495
3321
2241
3541
1846
98
1264
2818
3456
4037
2001
541
2314
3831
263
105
853
1987
4057
231
1180
193
3030
3431
3586
2190
998
771
3758
862
321
2468
3664
3316
2424
62
2677
801
1116
2624
2790
1999
741
253
1227
496
464
3020
203
1792
1245
2086
2416
1147
2143
1500
1153
2184
3610
1130
3912
755
1420
982
109
3721
474
1551
530
1316
3415
3672
1711
3778
196
2292
1473
3550
301
123
2158
3565
3701
183
1849
1630
2834
29
2103
3141
227
2659
3944
2121
1715
2301
548
1734
1115
3142
1127
3644
2044
84
2774
1231
96
3179
3060
1159
2234
732
3880
2189
2703
2776
822
3137
195
4000
2908
3356
1739
2439
2740
531
1388
3138
1892
214
2446
255
3225
3394
478
761
2976
3400
3697
3643
2915
2554
1016
296
2897
3005
3744
2771
937
3910
706
2789
3884
1339
3788
3196
1344
2864
1325
2011
1973
3855
641
4016
2943
2429
4033
949
2560
1331
3867
1766
1749
1052
602
1580
3994
596
1411
39
1035
3977
1667
1607
2534
2765
2849
2320
1075
2649
1385
3265
3513
1577
2238
1991
1703
15
2965
2246
1887
2956
675
1783
1549
1043
3091
4084
3149
712
1283
2200
1310
1883
2537
577
760
2286
3517
6
167
3593
624
3937
3420
629
3915
3266
944
3931
3185
2258
1808
2345
1463
3654
1299
3233
753
1684
2784
2592
4005
2572
924
1023
2105
3416
1311
3904
3064
2532
14
1189
1380
2131
1282
175
3961
2558
1351
1295
3942
2887
3984
2642
161
1573
3999
1196
1665
2674
2544
92
2937
745
3387
3848
3871
2527
1574
534
2038
1206
643
3992
4105
1317
3349
1306
1467
2811
3399
71
2097
2030
964
115
722
2487
3459
1632
1093
2742
2582
1387
431
2312
2905
890
1848
3173
3241
749
1986
1400
2282
3388
3730
283
1877
2893
3591
3373
3745
2230
1039
1859
1238
341
2829
1430
2912
3223
200
3734
2126
1323
155
2137
4043
3052
3115
2629
409
2335
3897
455
1727
3876
3480
2975
1788
1881
2482
3442
1558
3201
2848
2175
1392
3814
1854
3924
2623
2586
2914
2697
3540
217
3826
132
2553
689
2667
2596
2836
2115
1216
2492
3739
2268
2728
1837
2210
1862
1182
2516
3776
2820
536
3253
2330
1777
1487
3894
2842
2434
3787
2885
592
2036
3722
965
1904
2880
1731
2485
463
3255
1139
51
432
2793
2754
477
1764
142
2609
4015
1353
2521
1928
1798
2275
1104
666
533
2718
1779
1682
3261
3366
4062
1660
2088
1956
1647
537
831
1119
1178
2309
1349
3090
554
1088
1136
1970
3587
2254
3457
318
3898
3006
3796
705
500
2396
605
3391
258
2543
2084
2236
873
3615
974
2075
1678
3843
2227
238
3309
445
428
1898
2447
1163
1664
3885
3891
1347
3425
3500
3686
837
456
2602
3800
1548
410
3067
2225
1386
3467
2816
1448
2127
1141
795
2304
1008
1330
3501
2901
3202
4066
440
1164
2763
1686
3053
2209
2111
3695
1321
93
334
3913
2073
2156
638
4083
1069
292
2395
94
3516
2451
2838
3631
900
1094
4103
50
2646
4058
2525
492
1976
1266
2591
3112
2548
2048
2480
3520
1642
1037
895
352
1366
1343
2964
252
3675
3844
668
2467
1675
523
3104
2598
858
2854
2530
2746
3765
216
2613
867
362
1230
1322
2445
2348
828
2067
1725
773
3617
1605
936
2767
1869
3260
3725
1398
1714
521
2720
1112
731
1860
3125
407
2585
147
3878
1048
3968
338
1318
2100
1911
2837
3232
2013
2169
3249
1244
904
2239
209
3659
892
3406
339
1895
2814
2756
3943
2546
1336
1842
3864
626
3229
4088
2734
2832
85
2321
1167
1439
1027
3887
1497
4048
2107
960
2095
3245
3529
852
2514
3422
1415
41
2974
226
583
876
3653
3342
3822
2423
2601
3573
262
1208
4092
846
373
2401
3473
2539
1728
1202
1596
1138
2768
2328
1503
3135
3314
2605
2879
3872
126
187
1213
3172
2817
3476
1267
1767
1641
2058
1371
3495
528
3479
770
2625
16
1795
789
916
2333
3488
379
70
1340
2705
2663
1811
3222
2865
2471
122
3962
511
2456
1121
2080
2018
3293
2616
3301
150
517
3966
3883
807
3434
3377
2410
1017
104
3564
2926
1653
621
2436
3164
2066
3361
529
1513
1793
888
3959
4097
2695
563
3024
3382
2985
3487
3435
3646
1583
2982
1917
3906
2980
647
1162
713
3351
2987
2709
1938
1145
3705
3652
2221
1903
2503
4044
3
2494
2581
2682
3731
1623
1815
2216
106
3423
1831
1280
1150
2944
1013
3817
3877
2661
1285
2857
2676
1422
2735
2160
322
3562
2457
160
784
2561
369
307
3267
82
2533
2996
2639
740
329
1356
3536
1542
882
402
3682
2172
306
3645
1709
3352
3641
3136
525
594
2317
3107
1225
2715
3080
97
1550
2182
2101
191
1192
2300
2924
3014
1352
2772
2391
2637
1841
2878
1129
397
1554
405
677
2840
1232
973
2941
3724
2083
3707
3010
3762
327
1279
1565
3917
3390
202
3851
615
3729
552
617
2680
735
1756
3752
2903
4031
3028
2380
3845
2405
347
2324
4010
1377
3102
1897
3783
1030
1871
3935
3900
3926
2656
3038
644
254
3084
1305
1737
3839
794
1532
1243
1434
3315
1381
1363
404
1046
2014
2902
3903
4081
2307
954
919
522
3235
3445
2761
826
1447
3063
812
1498
3374
1076
3809
2552
3523
1947
1782
2384
1006
2856
2180
2428
102
3694
2357
2144
137
3558
3905
3720
320
1277
2150
3405
1045
3041
1369
2329
2479
854
2385
1302
2305
1964
2850
446
1042
1173
289
2983
1432
3357
2711
135
1050
1882
3648
309
788
687
3841
1073
3418
1234
2249
724
929
1834
719
3770
3236
603
3708
3524
3319
1360
623
2719
2469
1556
3098
2741
2953
2620
1005
3281
230
1399
1879
3626
3597
2178
2727
164
927
715
1479
2648
2470
804
995
1471
4027
3347
1364
2801
3514
1078
1717
3122
3554
1564
3120
3465
3197
581
3874
850
2920
3808
1367
3712
1566
3713
2891
3816
808
961
3545
1787
3527
2732
3607
2898
3299
2068
1915
2224
2288
3143
2873
3680
2406
2462
3370
1707
2628
968
3642
2979
1906
2243
3823
1774
2332
1276
189
763
1209
2702
3766
2338
3632
188
682
792
3378
556
2463
1560
1992
3566
3348
3398
3027
2916
2778
2797
1457
1613
1645
3277
2951
310
4059
3191
1569
1313
933
3331
3452
3036
3717
2599
2993
733
3618
1873
1148
2749
59
1365
3256
204
3621
3421
742
2757
3113
3336
466
1918
1853
2863
3948
206
361
1522
3537
2507
509
669
2323
1474
302
17
2708
2012
1677
1993
3850
472
3592
3099
4077
881
1193
775
3505
490
3492
3756
672
1218
2187
637
2222
4071
4106
1099
2162
