3828
2620
2958
1450
2851
3635
1423
2561
958
3531
3651
3721
200
1369
610
28
3196
3265
2378
2878
3664
3673
786
709
1425
2850
1772
125
4094
3084
17
4005
2945
2832
2862
2446
2474
2202
2974
2671
1201
889
3559
2353
1892
619
2323
1899
3606
2692
3088
1460
1242
2039
849
2472
1289
2003
497
2081
585
2998
3394
3847
404
3716
4109
1739
377
1452
2759
3889
183
4065
3995
454
414
11
3362
1456
518
3458
1641
2525
3460
3983
1996
1312
3277
432
602
666
3061
3696
3595
3471
3564
236
3911
1977
1800
3406
752
2993
1949
2830
3742
1722
3566
3807
3022
3597
2412
2470
1143
3214
4023
927
3891
1155
883
3377
2046
3804
580
434
3540
2764
703
3335
24
1818
3788
2507
1325
2414
2148
2420
2897
2654
1669
3292
1290
2458
539
1894
2742
3249
1675
1547
3953
886
3821
1138
344
399
1516
2485
2426
1469
816
2746
788
557
1027
1650
944
1630
273
105
1414
4020
1925
1219
780
3435
19
2191
2670
3009
4004
959
668
3310
2352
3730
571
2006
1841
3462
2735
194
2065
2636
1267
384
3251
3364
732
1711
3964
4066
818
253
1348
2074
1076
2275
871
3919
1749
3917
195
566
2107
3978
176
2763
3576
438
1659
3963
3134
2791
2087
2653
3412
2886
1131
3634
3675
2241
1067
70
2084
1677
3520
1512
86
1743
407
2605
1365
221
3386
2425
483
1740
3993
2648
1127
188
2920
1378
1018
305
4084
2949
3029
3289
711
373
396
3562
31
1660
3104
3602
3376
1546
3827
2527
184
663
915
2500
686
3609
3145
4080
1447
4062
1476
2332
1644
1935
2397
4103
597
361
3238
928
1149
4081
3914
2228
2591
2955
2387
2393
847
1629
2390
639
2222
2762
1787
1487
3312
1052
2554
409
285
3514
3537
1966
2570
178
3464
57
2877
2072
1868
493
3472
696
2476
1742
4083
2014
3224
929
3279
418
2609
2611
3837
1357
1226
1364
2939
4013
3365
3776
872
2765
3473
848
1266
498
199
1282
1392
1025
1084
4069
2287
2751
3059
1963
1556
173
3050
637
1765
1311
3296
3402
262
2775
1371
155
657
2462
3969
3791
4052
416
202
3465
951
953
3260
2159
1902
53
1137
1585
604
598
1465
553
3965
3137
541
383
1390
1160
3571
239
187
3845
122
3146
850
3478
4060
1000
1662
2184
4016
136
895
1117
545
2376
2071
3539
3717
2337
3957
2618
2356
3822
3058
2126
3898
3592
2672
3981
3927
2716
1576
1020
1106
589
1485
3982
2576
2327
1795
873
957
1555
3549
346
3227
1036
2096
2560
2814
1569
3846
3503
2183
579
4022
81
1287
1293
2316
1248
984
765
3449
757
3120
2161
1705
2160
1269
2901
3139
1851
2224
968
789
2320
3138
1097
2195
3459
1962
1590
4071
687
3937
2709
2238
1897
74
854
894
1880
1736
1250
621
1107
2407
878
302
2165
559
1643
1349
3840
2380
229
2637
1744
3319
2366
3141
1623
2947
998
3863
2119
2857
287
3973
2307
1539
677
1440
3447
1975
3266
635
2193
1575
1756
2285
1085
1712
129
4041
1887
919
942
327
531
3783
3998
2233
1593
2871
3105
1780
613
1793
1574
790
1112
2305
477
868
3156
3905
336
2575
3866
647
3355
664
1654
3237
192
2335
3676
1748
3528
4031
1148
3580
2543
296
1910
743
2696
3135
1717
2574
1132
3240
4057
2918
137
2508
1704
2641
3701
584
3021
3280
2382
312
120
2467
2580
2793
3285
3694
3691
1233
3864
2934
220
1252
2818
3180
1335
3534
2908
2987
628
3393
3400
1489
1377
3699
372
2438
865
2978
2960
3239
3072
3324
3582
3690
1410
1167
1794
1982
64
3532
2317
972
2710
1260
1448
205
1689
2966
2117
2731
1098
1361
1633
2029
2194
1738
2743
2253
4048
2093
3245
1789
2562
722
3153
99
3901
2051
2410
3796
2979
1876
4018
1493
1879
764
37
563
2000
1872
1754
899
2587
821
570
2885
3700
634
2806
1166
1419
1572
2487
1172
357
681
2615
423
2242
574
462
705
3979
2418
2170
3035
793
5
2004
1796
1078
1950
16
934
3984
235
1158
2090
3799
1391
1168
1339
990
2733
1788
1156
2432
1048
3083
1415
2243
859
3322
3195
1318
1264
1481
3642
900
2741
2807
1146
367
4074
487
2621
3999
368
3502
2402
3754
1853
558
2847
2339
3865
1658
881
2698
1548
109
1176
1847
2094
3442
3672
2015
2602
3862
1403
2135
415
475
3830
0
2604
2697
2052
2288
3693
264
2282
3496
2923
590
38
1870
3027
2235
746
3349
2197
2799
1534
1087
1649
3630
2509
142
3876
387
2610
3661
3620
3933
630
2076
2433
603
1272
12
556
265
2289
363
2295
3142
600
1297
191
3374
2350
350
3843
1923
1710
3584
85
3470
2750
345
519
2445
4003
1056
3991
785
2720
829
1308
1661
1570
1568
1255
3815
2860
1530
2542
891
255
3220
496
1169
3527
1340
3755
4012
1778
2683
152
1181
4056
3842
772
2419
3461
1012
3525
1828
3839
2535
3094
3573
3569
715
1775
2645
2062
4090
3834
1506
3405
2209
511
2422
551
3421
1372
857
777
3001
1100
337
3980
1486
3081
3456
3108
3409
2895
87
3417
1144
35
1092
2679
1672
2270
2863
3794
1122
655
3745
244
685
2581
149
3042
429
3860
1687
2660
40
3071
3188
4032
735
4093
1270
3082
2189
2371
3770
3879
1731
1006
2540
3727
2608
1916
731
4046
2436
2334
3128
1571
3286
3450
3419
1355
3372
1223
1859
982
1417
4073
3311
2902
835
2805
837
1862
2050
2738
447
347
2948
540
1268
1275
2874
3867
366
25
374
3284
3812
3565
1701
828
260
3049
3030
1354
4059
582
469
489
1511
1684
3871
2685
593
3519
3373
3601
552
288
999
2137
2262
3852
1551
3116
1032
1642
2110
3657
888
1809
1326
4098
2136
47
15
3522
2075
2215
2088
2943
2239
2596
3612
3546
3832
2730
1774
2082
841
1845
1611
59
2930
2454
937
2757
435
2144
1816
1861
1059
3670
3903
1300
3298
1451
1049
3490
3751
3112
254
3555
1790
1332
2819
3899
3191
2801
4047
2381
2586
3731
977
802
2689
527
3951
3753
2301
3205
4091
111
2269
376
2374
3091
638
281
1475
3697
2810
3577
3219
3729
89
2727
875
1944
1690
1524
964
2831
1784
1652
2230
3589
3795
2736
945
1823
575
1230
543
3444
1854
3333
1345
3851
2767
3313
2440
2204
1628
3452
1015
3836
3802
2924
1620
2154
261
1072
3308
1904
2512
2115
3975
906
2563
307
45
289
3136
2377
1040
1373
459
3385
1086
2701
954
1651
79
2134
3157
2477
4092
577
3550
2904
3467
2766
3987
1863
4051
1253
2210
2466
2771
1716
1869
1559
1597
2922
3282
660
2187
3667
3430
1909
2325
3306
3806
3962
1455
4105
2900
2294
3124
3334
3270
3437
2826
1540
1604
2061
955
1852
2719
2024
1573
1646
2181
2354
3367
3950
158
4108
2590
1187
2192
2091
3760
1591
1632
1813
974
257
2001
78
443
1906
3388
2650
1218
32
1978
1545
2299
2774
3395
3474
1595
2675
920
3714
62
2661
3855
2899
4075
3517
320
2011
2460
1436
2120
2599
3662
1562
2322
564
2732
1674
2969
2180
3339
1042
3057
946
1584
3011
2415
1804
1005
744
3216
1536
697
1500
2666
2992
1232
425
2042
949
1461
3147
54
228
1442
2792
3218
139
1592
862
3107
162
879
3687
4045
3810
1147
1758
2797
147
2214
673
2617
1929
1577
3044
1309
733
2099
3956
1702
323
1121
127
2443
803
3600
2616
550
1844
3097
108
1969
3613
1579
838
3118
986
2338
421
2840
1304
863
3327
3641
1344
1948
401
2079
2541
1162
2461
2619
2326
3912
587
1725
1019
2369
1877
2495
1502
1236
2545
388
280
3608
2058
2631
3457
2526
925
3594
132
48
1767
4101
3484
224
867
2713
626
679
1683
1940
3586
3384
3357
1878
318
153
3639
1109
4078
2013
408
1301
1194
858
1203
586
921
3431
292
4049
3767
843
3918
3656
2761
3269
321
3902
1554
1111
1366
3959
2784
1466
3820
506
3572
3062
3688
745
1066
3041
3293
3328
2348
623
3801
3371
2841
3916
2473
2133
612
3274
1994
2336
390
2864
1091
468
3378
2824
1729
3869
2579
2306
2132
1881
3890
43
290
2310
3922
1245
3548
2064
133
2538
2185
4000
4006
2866
2963
3759
2095
3563
3325
2524
1901
3399
3853
1983
2772
164
1933
2247
2820
2848
2169
2274
992
1051
1224
2825
3078
2033
1833
3258
140
3605
424
3012
2492
2442
453
1522
2036
3735
3346
966
2157
4077
1807
935
2893
633
490
2669
1157
573
3114
2424
2773
669
3556
952
2463
1307
1239
2363
4087
3122
3368
2186
763
3184
13
1105
2868
1893
3789
63
3719
2644
2383
3884
52
3711
524
3053
1993
2925
2308
3491
3380
3732
1068
116
2481
1188
717
616
3506
615
2108
1492
455
3850
980
2391
2010
756
2676
2708
1635
1045
1840
2786
1668
2593
583
193
371
2855
1564
1197
1753
2888
3190
314
96
3524
3660
2311
2988
1987
2567
1553
3164
523
2260
4064
2497
3228
503
3904
3297
729
3856
248
2699
1424
1323
1251
2952
2875
34
3574
1938
2496
2632
782
1985
1565
2121
1752
1634
3986
1394
2577
365
2802
4039
341
1071
3273
2941
1398
181
2646
2990
1133
1463
799
3175
420
2817
3208
3475
2361
2178
3234
1826
2092
2681
3497
750
3633
3020
3095
478
1751
2640
2229
939
3739
1389
3762
2453
2032
1598
2236
3485
2498
1229
3446
2067
2188
2600
3176
2999
3255
1523
212
3113
2971
150
2544
617
913
3713
1973
3165
683
3966
2823
2216
3181
2367
1830
1582
500
3811
1263
3785
904
1839
1724
2341
2237
1665
761
3543
2113
2349
3579
773
1306
180
2331
1186
1627
1525
3752
419
1337
1653
548
1033
2257
3337
241
739
3768
1943
1459
306
625
1755
2940
2298
2957
349
1336
1762
1849
2635
2038
1608
3780
1210
532
2919
1703
1075
1900
2684
870
2882
1957
213
876
126
3678
792
300
1375
3451
1843
398
2054
3698
1871
2691
1479
1384
2881
4011
781
842
2427
1601
3848
3826
1249
1083
3019
1694
1193
3121
2078
643
908
3757
3655
3669
1039
3585
807
1439
2296
1664
1247
3483
3545
486
1713
333
3413
2950
547
4038
4027
658
1695
1777
1667
3422
3242
267
3354
3881
1214
3254
3100
1912
46
2980
3140
1073
3235
824
270
2324
611
3961
1552
3321
1243
190
2584
521
2480
3250
3861
675
427
661
1351
1951
2416
1513
3868
656
2573
3547
2300
3488
646
2264
272
724
1370
738
893
84
1891
1428
568
2147
3192
3728
758
528
1834
1990
2785
2986
3123
2142
3231
963
3159
2906
3992
1581
2665
845
3171
3915
2740
1494
1898
3252
2365
1134
1023
457
1228
467
1338
1824
2362
2009
2102
2995
18
2687
852
1958
2221
4002
2089
3650
461
259
2838
3709
2861
319
227
1046
3990
2151
160
2104
2873
4104
2250
2642
2291
2315
1055
922
2663
3561
822
2490
1215
1074
2603
4068
2441
2944
3803
3096
3781
3743
3702
918
1908
77
2652
3893
2700
1688
1656
380
1741
2212
3831
1327
56
1400
1718
3052
987
1846
3544
3244
482
324
1374
3222
3401
2777
544
2429
3359
2073
230
2551
1733
3646
3844
2406
3954
3819
2970
355
3197
504
9
2434
2321
2163
2417
3387
514
1921
3433
594
3033
2942
3448
1970
2404
392
3808
225
186
1381
3369
3895
2588
1699
3778
1803
3679
3773
1043
410
291
1622
2494
2203
2754
1930
1024
1212
2392
258
198
2711
1094
274
3347
1430
3379
4043
3340
6
4008
174
3941
3797
3133
1457
3944
1924
3838
1768
2396
3824
117
2280
1413
2177
3872
3086
3968
507
3332
1806
1531
983
3221
3870
2232
3910
645
1060
3445
1324
3593
1719
1515
3209
533
4030
2972
2267
3892
143
2822
304
4034
3994
339
2905
2929
2394
1310
2550
27
1102
308
728
1380
1200
402
2153
2598
1207
2778
3541
1965
3943
1837
3317
1206
1817
90
223
2529
1905
2171
103
2196
3512
293
1316
1008
2835
2286
813
2705
3241
3351
2633
2086
2585
2798
3363
301
315
2682
1113
1812
2911
494
110
3946
3718
1782
2266
3772
3554
1885
936
1294
1678
3288
2510
3003
3829
3126
3493
926
240
249
2482
276
699
1449
2946
3615
107
1016
795
214
1594
695
1998
286
3336
2829
1108
2048
1231
55
2328
3623
804
3948
2143
3416
94
856
2276
1280
3389
720
1497
549
1636
1298
2707
1445
3800
7
1
204
2845
263
775
2008
141
1240
1468
4055
874
4089
2201
3560
1273
2049
2114
3330
2182
1070
1617
2388
1329
1443
2342
2755
382
933
3859
3076
2894
505
2069
3685
2343
3932
1914
2505
3099
2973
472
1271
2756
1406
1714
72
905
3825
215
1857
1299
3066
3207
3256
916
3647
1044
2318
2044
130
2359
1791
3403
2012
3744
2758
892
769
3928
1296
3977
1069
1208
1315
2931
706
2674
218
2456
510
3924
4086
3028
1941
1918
284
3518
378
3101
1295
3154
343
1416
2569
979
917
1495
3960
3194
113
1151
3887
3079
3326
3508
3193
3341
1126
3616
112
718
2174
1077
741
208
2546
352
1427
335
393
3587
2723
1367
783
3945
2903
2122
1610
452
3726
375
2976
1405
3103
3272
2364
1913
578
1238
1190
66
2273
3940
1320
3425
690
1698
2403
1341
3706
3835
2245
3439
3611
1773
2514
3259
3722
29
2513
2547
88
1031
1578
526
877
1114
3073
1723
138
2812
3748
3536
1164
2565
3712
2037
2532
3938
216
1510
3160
1291
3093
973
2428
2047
480
2240
938
2123
1259
3411
448
1945
394
2854
2198
3360
961
232
275
1682
520
910
825
1191
2673
3077
3201
2357
2914
1786
2138
1895
2678
3486
3775
1177
3375
2622
1346
1856
4107
1911
2989
834
1474
4063
670
67
436
2962
2961
1922
2834
3440
3619
833
882
636
911
395
1533
1517
2849
1011
712
1026
2582
3492
996
2623
1118
832
22
430
3290
3323
2907
1317
2787
2519
3008
1956
3626
3295
3640
1692
3132
175
1797
2714
1820
622
3428
2223
1399
1217
2997
2938
2225
774
588
1599
3064
3477
3410
3036
1541
2248
2179
4082
1802
1942
2208
1832
2304
806
1274
3434
3921
3476
60
932
1505
3150
975
1183
3173
3037
2465
406
1946
3638
2475
730
567
2098
3507
2333
2781
3529
3708
2889
665
2956
2053
713
1542
2077
4076
2808
100
157
3682
2624
3926
3489
624
3309
1234
674
3878
2469
601
3523
529
1278
4040
885
2219
2680
1917
2870
1903
678
252
437
2592
3588
271
1204
1657
2768
1013
277
2173
3102
4106
740
3913
3090
3575
1433
901
3603
4001
3833
2040
1283
1262
4037
3189
2977
1130
206
525
3014
700
2688
3149
50
1735
902
2101
4072
1104
3769
2859
3055
1010
2511
1799
994
171
641
2261
2358
716
1152
530
1388
1927
145
3016
3883
3383
3004
1884
2601
3604
2450
1421
2292
1521
2821
2128
3281
473
2268
2293
3278
3098
73
2896
2548
2175
776
1763
1639
115
2651
1034
2386
219
770
3680
2910
1890
1613
3294
827
1041
1279
1964
659
2231
734
1120
814
3989
2504
3151
3621
1503
1142
2351
3023
104
707
311
2935
1347
444
2488
1549
3552
3304
1472
2360
869
177
1221
3186
766
798
3766
3581
1526
91
464
538
3200
1050
268
3063
1860
4036
351
1693
4033
3187
2856
2005
2226
3652
3695
1567
124
422
2019
3342
3724
1129
2313
2384
1057
332
1420
3976
1583
3024
405
2016
4102
2953
2149
3482
1004
3007
654
2530
981
3068
3408
1276
898
512
71
68
1128
471
1284
3738
2887
771
1842
727
2677
2734
2559
2347
310
282
4070
3720
680
1955
4015
692
369
3920
154
2457
2478
1637
2172
3533
2959
342
2026
1434
2583
3763
3168
855
2491
2
3300
1196
1648
3390
1154
2141
295
2199
3436
381
1095
1867
778
1527
119
364
3067
245
3025
3710
3085
642
1960
3480
3043
2827
2578
672
476
1776
3858
3636
819
196
1209
3741
2116
2842
1528
207
3119
1359
2694
3925
3455
794
3038
3163
1123
1819
426
2655
2695
1180
1971
412
691
3243
1815
3204
3494
299
167
470
2552
812
3886
10
2566
537
1670
2271
1532
334
1081
3075
1179
1932
3226
1810
317
3174
2769
1737
860
3345
1625
1330
2839
609
3438
1322
1673
2340
1080
2721
3515
2776
2043
2770
1368
2479
2254
1926
1896
3888
1478
4026
2176
2486
1499
1281
1619
1931
3392
278
3487
2272
1462
1615
2218
1003
562
3343
2246
1561
3677
30
2370
2127
2667
3225
3500
1256
101
808
2717
1519
3271
2459
433
2401
960
1173
3734
4028
159
1697
620
242
3598
3152
4097
2499
2594
759
2302
3166
702
3263
2398
20
1855
385
3654
1202
1376
1261
1285
605
2630
941
1732
760
2068
2030
3627
1631
513
2725
940
1514
3034
1412
631
2452
595
450
3307
3143
762
3758
1770
1726
3725
1760
3441
3276
2788
3894
3087
2656
2035
2883
484
348
3303
967
1387
2909
2455
1029
2837
3454
1822
2657
1614
80
329
2932
197
1058
1974
2303
3955
2258
151
2066
42
106
1587
1761
2319
3481
689
1864
1454
2020
1411
2080
2489
1030
810
222
256
1079
2164
3111
3463
3805
2702
3692
2255
161
3974
1640
2399
417
246
1288
2112
779
2985
1103
1021
3415
1471
3649
3792
561
1747
1426
1708
3275
3746
3167
3875
502
1053
3972
2539
1801
3109
3653
1827
1558
2726
26
1314
1174
2220
3161
3246
2858
3498
3643
3947
1404
446
884
1125
1981
4014
3567
1484
2614
2130
3747
1509
1115
2597
1886
82
4061
49
997
2712
2869
1686
3423
2816
749
1626
618
3501
3931
2329
1848
3599
428
2703
3885
3873
3424
627
449
2309
2937
2549
1764
3952
1277
809
2926
2890
3177
2249
993
3705
3683
1939
2737
969
1605
791
725
1624
2408
591
2166
8
2059
1437
3686
1438
1110
1431
607
397
3765
1139
2083
359
978
3764
4067
3217
1227
2057
3253
128
1647
3671
83
2109
3934
1022
1792
2568
3857
465
2794
237
1358
283
546
1429
2898
3182
890
179
297
1825
2891
3499
217
1313
1745
1989
2879
1189
39
1596
1907
3169
325
163
146
121
2007
2431
1385
3331
721
3358
800
2373
3509
694
3198
1696
1952
1062
75
338
3407
2217
3715
3971
358
1192
2389
1244
1017
1838
2760
1600
3841
479
51
1976
3315
3356
2647
144
3521
2520
3723
3663
3206
970
1150
2483
2996
41
4088
400
1866
185
1603
3939
3267
3070
2634
2314
2437
3516
1001
956
1007
4009
1135
1560
21
2951
3854
2421
3988
671
3618
2659
534
1882
1928
1002
3774
1014
2521
1088
2745
3148
1303
189
2213
846
2451
156
536
2277
684
2606
2449
2125
2965
508
3127
3874
2664
3782
3882
2728
3131
2515
866
353
2557
1379
1889
3398
3557
1353
4044
2936
2375
805
1009
2471
1550
266
2983
3505
948
1616
909
76
3568
1432
1037
2686
912
1435
1557
1676
516
1821
3432
3513
2022
2913
2595
569
2796
2917
1163
1915
1171
1655
2312
1063
3530
3213
3229
1477
3538
2876
3110
3749
3809
445
4017
114
1508
1195
2448
2968
1407
3453
1305
2345
2435
3048
2572
2355
2612
2131
861
4010
238
3535
2279
234
2984
3018
3426
1328
796
3158
309
1645
3736
1967
14
3542
737
3510
3813
3261
1671
1467
522
411
2844
2991
44
1771
331
1707
924
653
3047
1198
2129
1727
1093
1136
2265
3162
1491
118
784
3923
2589
442
649
1124
243
2625
1937
172
3418
1441
2843
560
2252
988
742
440
1538
650
2744
644
1065
330
3631
2749
3526
3610
1363
2018
1446
1746
1972
3002
2395
1101
2146
4085
3017
2627
2626
2846
1395
1343
97
509
581
1798
801
4019
1096
555
3935
131
632
1968
2167
1936
2423
1292
830
2139
4007
1873
517
4095
3338
1028
169
3897
1919
2493
36
1874
2468
3958
2880
148
3798
3202
1116
2558
1153
2536
3645
2097
989
2790
1543
3704
2516
4053
2564
322
576
3818
488
3301
1216
826
3170
971
231
492
463
2748
3210
1480
1090
3787
596
844
751
2853
2205
303
1607
3179
823
2954
1979
2662
2872
755
1785
95
723
495
1286
4058
923
485
667
2368
4035
1520
1422
1757
3733
2739
815
1488
3632
2722
2795
1750
736
3314
2111
2833
2804
3065
3629
3596
640
2025
907
880
1721
1680
614
3248
2503
1563
1666
3352
2800
250
4
340
2571
985
2643
1047
3665
3558
3909
3185
3178
2168
931
682
2150
995
1997
3299
458
65
1766
1418
1829
2156
2852
2803
2752
3511
1865
2060
2284
3816
3040
3026
2915
1175
599
1342
1831
897
1350
391
1953
168
1408
69
2464
1934
1612
1211
1409
2056
2981
211
1588
2234
1473
2809
439
1501
4079
203
3316
3051
3622
3949
1566
3155
3144
2211
3039
3006
3681
3551
2528
2379
976
1779
1498
1679
1663
354
1054
698
817
2982
3908
753
3370
1140
688
3570
1586
930
102
2607
1618
3689
1099
389
2344
2534
3907
2553
2155
652
714
2693
3578
1331
608
2444
1496
1464
3344
1199
3674
3005
2021
2501
767
1685
3906
1356
3607
1184
3614
1836
708
3648
1082
4096
1170
3291
887
247
1254
2912
370
3420
3771
896
3268
2638
2085
3287
1470
386
1734
903
1319
2828
1537
2975
1544
2780
33
2103
3553
3644
3283
2933
3936
2140
3849
820
3031
356
831
2447
3391
2207
3740
748
2400
3264
2813
719
2063
3262
2811
1213
3236
3397
648
943
2867
3495
2405
4099
1302
3466
2023
3583
2411
362
747
1141
3247
3117
233
797
2190
2290
326
1178
1759
3092
3996
3257
3985
1805
3414
2055
1182
2517
2372
2639
1728
1850
2152
1991
2105
2439
1769
1858
1038
2027
134
3046
2967
3000
491
2783
466
379
201
704
1609
1580
1507
1258
3625
2263
4100
1161
3130
1518
606
914
166
1333
754
2330
3348
811
3967
3504
474
3637
3381
123
3233
542
3814
2409
3329
710
170
3
298
768
1638
3590
1453
3591
1504
1402
1920
3353
1145
3786
1986
1992
851
3045
2658
61
3443
499
864
3074
1709
2690
1159
1808
1362
2281
3750
1720
1715
1589
2031
2884
1257
2556
1222
1602
2041
1875
279
2124
2531
572
701
554
23
2718
2227
2836
3125
2523
2779
1185
403
1237
1119
1064
3230
1700
2704
662
693
3817
3779
1814
3215
1535
1334
629
3115
3015
1241
515
2028
1383
3211
135
3737
1396
3060
3302
2100
3942
3468
676
1961
313
1061
2747
2921
3212
3658
1360
2244
3877
947
2518
1265
1621
2789
328
294
1883
3617
451
3382
2892
836
1382
1781
3429
1035
3089
3929
1954
3232
2158
2200
962
1220
269
2715
2629
2430
2017
1483
2206
3997
1988
1246
2484
165
3013
501
2002
4024
1490
3404
1458
3707
210
3106
481
4050
3361
3930
360
1386
1681
2045
3896
3223
965
2928
3396
3777
1706
1995
2815
2729
651
1397
3880
3320
1352
2256
2502
2385
2106
2628
950
1888
1529
3366
2251
209
3784
3790
1321
2555
2724
2927
787
98
3793
2413
251
2782
1959
1482
3318
3761
840
2259
226
2118
2668
3666
3427
2346
3199
1984
4025
3010
1205
2297
3054
3970
1225
182
1393
316
2145
3703
2865
3628
1165
2649
839
1089
3080
2034
2533
4029
2706
1235
4021
3659
3469
1980
535
3624
4042
3305
1606
853
2994
3756
58
3900
93
3823
592
413
456
3172
3032
3056
3668
2964
3069
2916
2506
1444
3129
991
2613
1730
3684
1811
460
565
2162
3350
1691
2070
4054
2522
3479
726
1783
92
3203
1401
2283
441
1835
2278
431
1999
2537
1947
3183
2753
