3568
3435
27
3761
1097
1291
2001
2580
3757
735
4112
2260
4463
4195
4068
30
3363
4399
5135
3801
1698
619
590
746
3886
3229
4934
5297
475
3145
2712
4521
1172
927
5184
4885
1966
1155
1069
1442
2720
5151
3464
2102
2488
177
1875
1434
1755
904
1246
613
4865
147
3686
5302
2716
2003
1571
4360
3000
915
2770
4124
3295
3714
1350
3639
3039
795
2437
1410
2691
4656
4735
3809
4035
646
566
1696
148
1946
4291
2855
1951
2476
4150
2929
1579
2513
1484
5034
1710
3439
697
4011
4496
1382
4808
2330
2055
3072
371
342
5004
3772
214
4647
4584
3940
2095
1751
2262
274
3104
2660
3871
2980
1637
1331
5146
4254
156
2251
2777
1014
3528
4935
54
1933
4763
1464
4973
3865
3468
3033
606
1294
5057
3803
1064
1515
228
3321
1145
933
3178
3630
3256
2295
4270
3830
1735
5111
2320
4902
5037
2145
4703
125
2045
627
3877
2958
4225
1286
1849
5306
4054
3369
4187
5365
1948
737
727
3957
73
246
3050
5263
4744
5043
3820
3388
5061
3717
2829
593
4805
519
2573
5248
3754
4036
12
3818
3570
4262
3996
1594
874
4681
4216
1463
689
4833
1423
3433
2292
4689
4079
123
1062
1435
2077
2528
2589
1669
4428
1081
2103
4279
2973
3410
1340
4445
4193
1304
34
1900
139
4401
2608
3621
5069
653
2939
4149
5077
2153
835
3198
4907
1371
3738
492
3917
449
4103
4814
5236
4086
5129
4915
3968
531
5413
719
3274
4314
2663
3259
3380
299
2539
1489
1577
5342
2785
4080
2242
4089
1324
3001
1580
1457
1817
5241
3765
3326
1522
4662
3915
1345
2686
3536
4891
327
5217
4196
1418
2194
3270
3582
778
1831
4774
4217
1468
878
1954
2865
584
1979
2465
1649
2489
181
1945
2614
5181
2575
2382
4032
323
2338
2213
108
2444
4183
4178
2622
1251
5293
447
3900
5219
4797
5122
2329
3479
4972
111
2309
2744
4033
659
2368
1630
141
3667
5299
21
1150
4780
2457
5046
4644
31
264
3100
4580
469
2632
1261
2146
2233
1341
2391
955
394
2567
454
3376
2484
1336
2408
4381
4394
1894
5206
3354
1090
1552
210
250
2149
412
3661
3252
3922
1349
5324
4237
2878
1009
254
387
4175
3733
2870
4158
3778
4242
4624
2036
4070
1564
4362
1542
3336
558
3330
4940
4064
2017
4037
3489
4532
3618
4921
466
791
1415
2424
2346
441
3974
298
1289
1561
285
4102
217
4673
2602
2130
3694
4537
3851
4298
1756
3872
3608
521
3069
751
4875
916
4152
1712
2275
4980
5311
4936
1844
3756
2807
4569
1570
3525
4547
2032
486
715
2673
5222
4636
4115
761
4714
2965
4378
1789
3527
3780
2703
4905
3268
4585
8
4834
3241
2565
2326
2751
687
2317
4144
19
1640
2057
2708
1828
4310
2217
2508
4542
2631
4858
1394
543
344
5124
3953
3856
1458
1860
2804
4952
5093
53
5373
5133
1534
4145
3084
2637
3941
4018
1565
4468
5352
5254
1338
234
4098
4818
2702
1130
5035
1723
4147
1212
2584
588
4726
1745
4264
3346
4376
304
4265
738
1379
555
526
2351
3599
3931
1239
379
3299
4966
4375
446
3693
3362
2915
1243
2903
1961
832
4653
2270
340
4415
1791
1530
168
2859
45
450
2800
2510
97
3910
1269
4484
1589
3751
65
1685
4324
565
2228
1759
491
3656
1067
2988
3612
1316
2625
3592
5164
3889
1048
2564
4198
4101
4342
4954
2858
2315
2834
682
1018
2269
3554
5423
472
2987
582
3225
605
3881
1214
5089
1511
4526
1409
2345
496
3284
1240
1661
2974
2574
4758
18
3428
3704
3934
4
3798
3530
360
1914
4053
943
1272
1638
5275
3634
1716
3159
5042
2863
3028
5261
2937
3035
4701
350
2610
3936
1161
3679
2364
4939
4316
5224
1398
5092
326
4179
3815
567
2930
3044
2116
2812
3239
1527
2544
3653
813
1850
726
1381
3052
2423
2886
2598
4909
3584
4533
1615
4176
2558
1646
2693
2085
3660
3303
4536
1568
4182
954
1787
1203
1237
811
4380
1620
4930
4968
225
599
311
4955
3465
2059
3405
2431
4358
4339
1321
3980
5231
1621
2699
2966
4138
4601
1326
3427
5205
1921
1872
5145
2529
2971
5108
3371
5174
3401
4914
2947
3605
918
5090
3616
3795
4717
4528
985
5155
1944
1996
3978
5385
2151
4635
5199
2014
3420
2033
1319
2438
1768
1728
4107
374
4452
4828
2922
3875
5112
2643
3870
2750
5063
2832
2245
1045
1998
1822
1301
2491
3551
3449
3234
2989
4127
896
1455
1905
5114
5337
3255
4359
3320
4369
4685
1883
3807
1967
3300
4327
1343
284
4476
957
4167
789
2677
2876
4801
4567
1593
1242
4384
4104
1040
4621
89
2835
2221
3102
1399
4693
1049
2376
4319
1307
1175
757
1201
2397
4709
1777
4759
4552
2429
958
2595
1192
4727
4302
3193
4551
660
3128
2378
2119
1224
4483
1245
3513
948
1862
2012
2302
2107
122
3235
4897
2933
5156
679
1667
2187
48
22
72
2754
282
5361
1523
1596
2954
4765
4156
5244
333
4344
1037
66
2674
1268
812
1296
2050
4710
1221
5388
1099
78
1353
3837
1971
4348
1916
2300
2073
1958
3022
286
4320
4491
4090
893
2690
1931
648
1595
3080
3734
3892
265
4294
569
989
3051
4638
3821
2105
336
5380
1091
3264
3501
1644
3588
3317
5084
4750
5166
2324
1284
1425
2016
3249
5269
1459
1139
3214
5240
132
2672
1820
3034
3632
2651
1739
1467
4134
2979
3648
3702
40
1802
5214
1344
3447
1725
5221
2466
1342
2048
3695
408
929
1827
5197
4120
2723
2226
4792
1628
3467
5415
3027
2891
970
5233
1507
529
5314
4305
11
5383
1912
4626
4296
2433
945
3690
861
2998
869
2052
2401
5026
1538
2234
3476
2572
5003
3374
321
685
4711
905
158
1160
3546
842
2642
3828
3251
4918
3986
513
4671
912
276
2585
1909
5368
3188
260
411
2196
4322
4416
1937
1782
536
63
4982
2139
819
2432
1270
2640
2393
3366
4574
1757
3700
2990
1389
559
3983
2736
3431
1208
3009
175
4114
2079
3423
2136
5428
2996
2140
2656
437
1148
1761
3834
851
2893
232
1446
1597
3162
2530
2639
2707
792
4338
693
3574
1942
4695
762
5387
1351
3333
4356
3839
4870
2633
1624
4336
1861
2263
848
1519
37
779
4364
1235
5066
3253
2283
5260
4014
4292
2225
1026
3541
1008
3147
5087
2223
1576
823
1061
2490
3293
4454
2131
1469
3819
1556
2866
5121
3451
3495
2916
2051
2957
2662
5176
4205
1993
3529
2449
2896
2385
960
3469
830
1187
1020
384
2165
5119
3096
1094
1318
1330
2166
2005
3970
4658
675
3975
3233
1112
901
4824
5075
1477
1647
2081
3091
4199
4649
2523
4157
847
2468
3743
1920
1355
1136
3296
5030
3857
4233
591
1335
508
3860
3960
4368
1790
2682
83
4538
2597
5081
59
3254
3163
2681
1648
4772
1599
3341
4722
2159
2952
4592
2496
1687
401
642
5170
1051
5255
4893
2705
2748
1763
2555
5053
4211
2683
2776
2659
3340
126
2417
4411
2478
3073
822
1127
4518
2755
3339
1764
643
1481
3031
2791
2897
4666
1656
1308
2218
1892
5287
3511
2948
3008
5025
1283
2344
577
3752
1858
2880
2473
5177
338
3722
3938
3927
406
4284
3523
1441
2192
1501
3849
4097
272
4847
2692
235
1949
424
1016
3126
1555
5192
3550
2232
4421
3631
1074
1299
380
1230
3174
3833
2451
4066
711
335
2638
483
3567
2019
1784
4676
3989
74
4466
4802
2191
4240
969
4461
2485
4299
4855
4600
4263
1492
4766
544
1359
3981
2797
938
1776
1262
2823
2015
430
4084
5393
4155
193
2481
2178
1651
5010
1985
2857
3943
407
4354
3896
1541
3676
2701
4177
2616
3429
2380
3316
3195
1300
3669
3898
5348
5147
480
5403
2366
2170
4385
1452
1177
1358
2475
909
1377
3399
4288
881
1870
365
4208
1249
887
4060
4126
826
5424
2836
4586
4161
5028
3156
846
4974
4692
2910
1472
307
5140
4015
1370
4967
1709
3175
3715
937
4957
5239
4055
3130
2008
3610
3658
3720
3675
4160
3559
1799
2386
5292
1939
2280
5186
3194
4923
2775
1952
119
3119
368
3587
5328
712
3805
2370
5375
1814
2064
5313
3515
4605
5130
3771
2919
5128
2992
4081
1783
4046
3829
2316
4067
3932
2082
4581
1101
5363
2617
3408
4349
5134
309
875
2816
3109
532
2969
2024
1129
3460
1806
1767
3290
3244
3267
62
3407
4836
982
2650
2307
1732
1005
1730
2784
504
3874
1017
710
2538
195
163
3601
3491
783
1497
222
2101
1838
889
4761
1853
306
4425
4745
4488
2379
4283
5378
4987
3158
109
3110
2362
5369
1225
1391
3708
1598
2888
984
1258
2331
4366
3002
688
1953
4553
5040
5278
29
402
2722
113
1699
4560
1528
124
3322
1010
3364
377
3038
4716
3411
3962
2680
1815
2248
3703
5141
1932
3153
3375
5367
837
845
4258
3590
269
3591
5196
612
817
385
3393
1927
634
3271
2848
2917
1089
2667
4391
2289
4194
2940
1407
4148
2852
3452
4527
68
732
2950
1606
5106
4383
2337
657
1719
3789
1859
2588
828
507
3498
3788
4185
4572
1096
2774
3555
1960
2997
2430
2446
4238
3165
1811
4200
3510
357
3544
1718
3731
3263
3305
1347
389
4616
2239
182
4151
4550
317
4437
4076
116
3816
3215
1361
2591
4830
302
3677
5279
2000
597
855
4925
4555
188
5242
2626
3804
498
930
932
4746
4660
2104
3781
2325
2404
3992
2854
5070
452
3335
2679
4106
1697
1558
3132
2890
825
1025
5272
105
1874
2803
3206
4678
3207
4981
2600
5027
1690
2615
1857
4790
1232
4108
1285
23
4295
4990
2143
2452
5277
2765
973
1956
1922
2179
3813
1133
4950
4734
2028
2669
416
5120
965
4462
2487
2241
5094
4728
3863
2037
1821
1121
1072
468
3139
1981
1842
1680
3613
5032
4945
2197
2462
1431
2780
2336
1653
4520
770
1976
917
4303
2872
4794
4230
5162
3600
4355
1639
2991
4545
4594
2808
9
723
2972
1204
4049
3432
388
718
330
2559
3799
805
2402
4606
636
829
4244
934
5258
1805
3884
3652
1022
3146
618
3526
2399
1655
2339
2276
2448
4739
2678
2188
4332
1228
1033
3358
3209
4793
460
3026
1278
3524
2071
4247
4300
2356
1843
4788
4490
3490
3474
4736
2648
4516
4687
1075
4224
3786
301
3505
1665
3151
46
1537
974
4321
4389
5392
4630
656
4558
4143
4096
692
4602
1024
189
860
3628
876
1339
1835
1657
1102
1692
3245
410
3016
213
1199
4028
3964
2220
944
4135
956
1267
38
4492
4057
3440
2436
152
3213
69
4210
1590
2200
3045
425
3370
3899
3331
1962
4003
2108
1475
2839
4448
983
2984
1012
5157
4929
3918
840
2087
728
3205
2606
4297
2157
790
3537
5398
2515
852
4474
768
4257
1440
3218
3448
4837
2277
2783
485
2180
363
2294
5013
398
3059
2799
196
3949
1050
423
5116
4502
3181
843
2174
1071
586
2634
992
592
3291
4311
4318
3967
2698
2727
318
4843
1917
1098
5016
1689
2773
686
5225
383
546
4469
3753
312
2504
672
3062
3323
772
651
261
3144
4611
4221
1786
190
4675
5021
4485
3021
224
2357
5047
3285
5068
3993
3332
3417
3706
4595
571
159
2311
3173
2845
4374
3199
2287
4590
3645
1302
2768
3275
4961
2789
2031
3845
2514
3508
253
4951
980
1460
1679
1367
2818
1348
4505
2318
5252
2004
523
2531
3112
4697
1772
2599
2304
1994
4679
4887
645
1275
1256
3561
2111
1748
4813
4071
644
522
1654
1328
2099
2162
706
884
4420
4867
1727
3157
1306
3730
3792
913
5180
5344
3749
4340
2587
1695
4075
4712
4971
1915
3461
3905
1013
2410
4500
995
3360
57
4040
1731
5265
3766
4886
2611
940
1818
32
2527
4165
3345
314
3308
3655
5208
2460
853
928
2066
5421
1753
290
1681
3359
2074
1832
100
431
680
2605
2546
2644
5127
2861
4457
4821
3925
2696
4255
4023
277
5194
3081
4670
1494
5163
5065
2895
4419
3319
833
534
1426
3663
5257
3728
4962
777
551
4009
2235
2801
4164
1733
1898
2390
4775
2141
2062
4326
3182
1632
3954
4236
3367
5362
560
417
2412
2938
629
2147
4442
3538
594
3552
2175
2360
4559
1310
3067
3054
585
1887
4582
1031
1572
2493
1449
5107
764
3288
4534
2522
1499
1863
1295
520
3078
3791
5123
525
5073
236
4976
2137
1674
173
4209
4970
3887
87
3903
1995
3283
4989
5295
2407
4393
3123
673
5165
4245
4501
4651
5409
1134
4850
2536
3748
2443
1171
1582
4591
3210
4094
2224
2772
212
3670
4682
4648
4643
4933
49
1198
3760
230
1974
208
4312
2469
4868
2010
5052
3650
981
4999
3565
262
3548
641
4776
1327
607
635
3904
541
3668
677
4619
1178
5049
3767
3007
2850
3242
2212
952
242
2913
2753
187
2932
459
2426
4021
2013
4113
3020
2158
130
4010
1433
5019
5309
2670
4061
1066
1703
2472
1436
133
5185
2543
332
150
2237
3142
2278
174
4522
166
96
4978
3562
5175
4248
2279
5246
3070
800
3684
2255
3120
2982
863
415
1664
1729
4632
1897
4285
856
4816
2518
3134
2814
4174
2918
5154
3797
2516
3472
5102
3191
4911
2675
143
2202
877
2763
2618
1660
2274
3075
3032
5370
17
1334
5238
1626
5330
227
4519
316
1964
4092
703
488
3294
4408
870
640
4259
600
2688
736
3597
4845
3043
3444
4122
622
1065
4578
1866
2810
998
2671
3416
505
886
3873
3578
3808
409
4117
4876
639
3493
2603
2049
4975
1973
942
2171
5402
305
650
5366
1227
963
3911
5152
4953
2713
4597
1652
1575
4737
310
695
1888
598
4191
5326
2809
2628
2375
4659
5131
2063
4260
3846
3185
5144
5282
2214
110
4781
2790
3729
2563
563
620
5274
4839
2596
4984
4564
1189
1188
1717
3257
564
898
900
4343
3419
4499
1765
5203
391
4513
554
4983
2400
4074
3929
5243
771
28
4815
268
3047
3430
4062
5008
211
4796
395
1896
2044
1929
3383
5355
151
3893
5289
1277
2806
427
3349
4859
2011
714
1254
4307
169
1691
1354
5253
2109
1287
1170
2088
3058
4614
5343
1586
3224
2909
4470
4473
4757
3312
117
1180
2962
1443
5290
287
5404
2684
3297
4740
4803
2206
3913
1788
4460
4800
3368
664
3723
5086
2068
243
5033
3389
1191
4281
5211
1812
2471
1280
185
674
1852
3011
3912
453
1420
3223
1162
550
1643
2901
2537
3507
5161
5379
5088
315
4827
1046
4169
3627
994
1758
2439
3387
4752
445
4426
3659
5072
5419
107
2083
4085
3093
3113
3372
1722
443
5407
3473
3436
2135
1369
2411
1323
3494
2204
713
2246
2593
2846
461
2047
1103
404
4459
753
4029
257
2509
2607
2257
1483
3425
3236
1220
873
4503
4013
501
2869
2613
4880
2092
4988
1845
4864
3897
3924
4223
1147
4251
266
2548
2056
1036
4881
5397
5347
4073
5408
3999
3836
4213
920
2106
1056
1625
2322
3826
3681
1510
1686
5055
2994
2039
1714
494
1430
2150
2740
3827
399
2266
1108
3013
868
2421
1801
3971
1999
1314
1808
1454
16
3534
4996
580
1983
2647
1231
3741
3777
3735
3246
2453
1947
4912
297
4030
3356
2653
2676
5198
1517
4186
5374
2902
3759
4313
4059
4729
744
3787
3593
393
3492
1292
4008
1387
741
1997
2021
5336
4058
218
1413
4020
3946
2427
862
4694
3852
5136
6
4022
1085
2752
2091
4141
4807
1583
1837
5213
4453
4747
897
1987
1084
1352
390
899
3414
4835
3569
3250
3906
3848
1609
1587
39
4629
2384
3654
1273
3056
4433
894
2238
3796
3276
3838
724
5338
1645
1736
535
1608
4823
33
3784
1992
906
3090
1847
936
5266
5031
4874
4608
4604
786
5267
696
4599
1288
3088
2934
4863
3355
2985
2579
1260
4436
462
1841
4562
4110
3502
1904
5209
4290
4304
2738
149
5262
5017
2908
2273
3307
1829
1803
2193
5195
3122
4330
5223
4928
3141
1190
3646
1543
325
5126
1473
288
621
3647
575
2419
2875
1038
5331
581
4724
3014
4995
2198
4674
4618
4733
1774
834
2912
4568
3455
226
530
3894
219
806
662
3155
1422
839
2847
428
3131
5376
5298
666
2026
1373
2288
3553
2742
3595
3203
4280
2766
5189
3625
4091
1234
4785
3481
2347
1493
3868
1222
4563
4741
4910
4530
2556
3888
1110
4350
5237
3678
2043
690
2305
2749
596
2441
654
4118
3739
2435
1881
4589
3742
4077
510
3583
669
1279
1890
3672
4820
4583
4325
2964
2440
4249
5323
331
4549
5138
628
339
98
3522
3862
1798
4960
626
2525
50
3065
4509
1539
5064
4130
2571
3092
3042
5173
2737
5291
121
4857
3640
4755
5230
2825
1902
280
4467
348
2867
2219
2403
3571
2120
3812
3985
1131
1154
479
4791
3577
4181
3160
3937
2745
2726
4065
2844
1315
3710
3287
4434
603
2881
919
5051
1429
3963
4456
3049
1662
1913
616
2350
2560
2819
572
1737
4413
3644
3434
1525
2502
2169
4620
2414
4817
964
3076
3079
2636
1836
3712
4331
36
4190
3486
2883
3309
1311
793
337
5319
1978
1406
1100
3012
5358
4932
1438
780
3755
2802
4804
610
1063
4301
747
5349
2069
14
4869
2970
4056
2946
1726
420
4024
4093
192
5232
2096
3304
4593
1083
3197
2907
3015
3318
1550
3357
1215
5259
2955
2624
4947
2884
3726
3172
1402
734
5036
5048
5288
373
2547
4705
346
1274
4007
4239
797
2500
2649
2313
2284
1907
329
1724
2420
5377
561
2735
5401
4718
2838
3095
2229
2250
4926
3713
3585
1117
4166
4871
1207
2746
2719
1163
1138
4720
4404
5283
756
4730
1386
35
5012
4396
3691
1536
3984
2725
972
1804
3869
3817
4904
533
5011
2581
1179
3446
5327
1509
2833
1865
4773
1408
1356
4041
4511
2447
1747
625
1068
3673
2352
3023
170
3685
4883
4390
131
5229
4043
70
844
2695
3641
2935
296
1834
127
79
725
2569
324
3575
5109
375
4543
704
2960
1529
4789
2065
1487
5014
3391
473
3161
4890
1079
1955
3108
3629
1928
864
2871
5098
2479
3633
4207
3384
3885
120
477
1616
5245
1035
4479
3709
2374
2303
630
4444
3164
5207
2554
4478
3719
392
3083
4561
2070
552
749
729
4273
4048
2290
432
1601
3662
583
3060
1128
2741
921
1164
1876
1039
67
3036
4215
4363
5149
1385
1809
3737
86
3919
1548
3379
2296
4825
754
440
1980
1403
5001
4721
553
1780
3563
4889
1095
1167
1825
4315
5056
1453
198
5179
4429
2811
2999
2236
4051
1618
4131
814
1508
1132
229
3396
5060
3037
4548
4025
4577
514
3683
2349
2396
2040
4994
1396
2724
471
3972
1706
1526
4347
291
2002
3057
2022
2041
4977
1588
1634
512
3572
3024
3457
1053
1378
517
4353
484
1797
1518
3814
2562
5188
1830
3462
3485
2253
2240
1271
4609
4840
1708
1042
2951
1363
4699
334
4072
1257
2550
1312
2434
1989
4180
2826
4767
1362
3514
1030
319
1770
540
699
1569
2788
1884
2321
444
1762
2319
4782
1623
1004
4482
2786
3302
2771
5351
4004
5234
2327
1456
1754
2
184
3790
2371
670
2900
481
3497
5005
1889
740
3844
142
2482
4410
3167
183
405
4598
4829
1124
2795
3619
4125
3421
2341
3948
4650
4163
3064
4268
191
3201
3724
2743
3701
801
4159
1750
61
186
4725
2348
1743
4622
2552
3208
194
2658
776
4026
5296
1153
85
979
941
4128
115
4132
386
2731
3496
5235
1450
3226
3292
487
439
2517
2619
52
5002
5386
4095
3107
4841
5301
220
1670
1701
1303
4282
3840
3705
4204
1771
200
1749
2383
1514
137
3450
3512
3519
5
2353
26
2594
2381
2668
3617
2762
1211
515
1673
2717
4045
4006
47
1614
4556
5332
2249
3606
4361
2168
4917
3604
4844
3727
5113
787
4377
2586
3901
4854
3111
2190
3858
3853
5372
442
238
827
4809
4645
206
244
996
2657
3499
3248
3154
5117
101
1470
4423
3247
717
5097
1584
2920
2167
3055
171
2874
41
3750
2805
872
2734
2759
3475
3623
4753
788
3005
3987
2395
4256
199
233
1676
4222
451
3891
3746
4690
345
2216
959
1721
1490
1412
4713
3769
4329
2152
4942
5193
3586
2445
4197
4924
1011
3517
1488
2332
2815
4959
3071
615
4544
1078
3509
367
1741
4382
136
103
4927
4367
4895
5247
866
4293
2328
5357
1384
3216
3692
4641
2604
3219
5201
4997
4370
1444
3063
5345
2306
499
1360
4668
2185
2046
1021
595
3406
1416
1027
4481
114
4431
2314
3716
3097
1544
3017
2098
2629
4640
1059
2413
4848
328
3152
4278
3643
457
5125
2058
4146
3135
2467
730
4039
3334
3116
1848
4387
1678
4523
4493
13
2060
1159
1247
2363
760
2533
997
1533
4896
2501
999
5020
3086
4220
3074
1223
4625
3094
1796
2830
1461
2541
82
4806
1250
5110
935
506
1041
2561
2176
2887
1867
1152
4702
2792
104
4418
587
731
1766
1880
3531
239
3988
3424
2757
3277
1854
557
3189
3184
3535
4683
617
3398
4405
4439
4831
1185
1705
2498
5416
2126
4275
1959
489
418
1563
3150
4231
528
2689
4706
1293
4778
2914
3409
1397
2824
3770
5318
3747
502
4123
4684
5268
978
4570
947
527
3736
3680
1531
259
2027
165
1006
1238
4906
2718
4784
708
1908
4738
537
4266
3665
4212
1707
4287
3103
3471
3068
2511
1663
766
1193
4510
369
4317
1600
1878
4665
1462
720
951
3390
55
4351
5341
5276
76
146
1200
2373
4087
3908
5281
5307
3046
5096
4853
1143
202
3638
3418
5320
1605
1183
2831
3721
2177
1893
798
352
3624
4920
758
3607
5045
5080
3041
3926
547
1366
5427
3426
4432
1043
4958
134
638
2125
3282
3560
1688
1388
2781
4631
1924
3859
4162
20
1936
1573
3832
3168
1675
263
2035
176
3699
3442
4044
4588
4386
4458
1592
3121
2967
3484
1869
667
2710
1779
2927
3350
707
632
4232
1742
3029
2512
3260
4922
2142
1794
3003
3794
1612
4047
99
2968
3842
3806
1118
3854
3101
4637
3952
1290
3483
2195
1236
1516
2398
4019
313
5079
987
3763
482
1631
5150
4617
1611
3129
5212
3935
1205
4417
3342
378
5316
1478
3637
1619
2936
2023
470
1168
1114
1520
4407
701
1080
570
1918
5339
1785
5024
4497
759
3920
4986
3581
1120
3143
2977
1683
3377
2480
4012
1210
3696
3649
1546
414
2389
4851
1972
3278
5340
3666
1421
1873
1055
5381
3176
3040
2172
4691
3196
3453
4657
2020
4754
3636
1405
2756
4334
2164
694
1392
1557
1504
2945
3907
1969
946
548
633
464
3557
197
1229
2787
1738
2862
816
1891
1047
497
1734
4849
2458
1682
1428
4751
2138
2519
4206
5226
1977
2778
2721
4575
3397
3847
3347
1906
3564
3855
5054
1986
71
665
1911
4443
2949
4253
3177
2134
661
271
4652
2323
4129
4783
1934
4042
4861
3657
4762
1502
3779
2454
2181
3882
3149
3642
1899
1547
2623
4069
2230
524
3933
1965
3480
359
4688
4627
4680
5085
140
1106
3170
5321
2864
4276
2208
3183
5329
1868
3298
2843
3227
5191
5400
2271
1087
2769
2367
1506
1567
2310
2570
3506
3006
3516
4083
5143
2254
2258
4507
355
2849
4250
3329
2609
3793
5418
578
1244
1001
1617
782
1702
2782
781
4139
1206
1984
1088
1122
2483
5303
4267
2764
1658
3879
3314
3400
5182
2549
3306
3328
438
1002
3902
1793
4654
1032
1715
1622
614
3477
3004
5426
3127
4603
880
2425
1769
908
289
4899
1313
2215
3994
3774
44
663
4172
5159
1116
604
926
902
2394
2882
3671
966
2124
2110
1775
5103
1711
2354
1086
2209
1800
3825
2148
1562
2201
1332
2497
2986
1950
2207
3313
4111
1448
831
4121
419
3995
1125
4154
1476
5029
4628
1879
240
4226
5346
1700
775
1052
4088
2495
1401
2540
2450
3085
3969
1886
258
2794
3280
1374
3240
1135
2706
511
56
3124
821
5006
858
3048
4596
88
2067
2312
2627
205
1023
2993
1181
4017
3140
1195
3707
2355
5139
129
5364
1855
3545
95
986
3909
2635
953
609
3973
1427
3890
1044
647
4168
396
5333
1149
4409
2123
1760
5300
3997
64
1540
1553
1119
794
4698
3594
5325
1282
5249
2222
106
4335
2100
3136
4571
676
2821
2121
1938
4768
281
890
2072
3861
4900
2365
361
370
5429
3437
3965
2252
2828
4546
4696
4202
138
2163
950
774
4799
1864
5015
903
808
671
1439
4832
2904
1807
2822
92
2034
658
4623
2899
5083
322
1882
2646
1566
2820
2030
4140
3611
2601
976
949
5411
3279
961
910
3190
1173
2406
4642
785
4686
895
3115
300
652
3823
1491
4142
3392
1957
988
25
3192
2944
4535
3596
247
1746
1233
4779
1635
2115
5169
1498
1218
990
1926
545
623
2369
2129
293
4477
799
2061
2086
5399
2127
1166
4422
4661
5305
4306
3876
4634
4931
3443
3395
4414
252
4455
42
1093
4882
3482
1482
1266
3835
2526
1535
2499
5271
668
857
2078
10
1107
3982
4731
3105
4403
914
1281
2981
4063
1659
157
3939
2566
3117
4529
5076
4219
4540
1259
700
5417
1810
1197
4615
1744
991
3955
3945
4610
3921
4346
0
3238
5371
2877
3463
2709
1376
2697
2256
5395
4798
3785
5390
2943
2007
4742
2291
968
3019
3025
4333
5317
2645
1633
2685
403
716
455
975
3187
231
5315
2576
1007
3301
376
4365
1474
1895
1092
1671
509
1320
3082
3018
3325
5359
58
283
3543
2114
739
5158
1740
4494
2925
179
4898
1077
2227
3118
3744
4027
4639
2189
4663
5044
3378
201
1248
2112
2700
4116
4001
743
1840
2117
1826
2853
2231
2906
5406
867
2265
4760
3478
356
1252
3547
4565
722
2892
4109
5335
1142
2868
4856
1684
4274
5118
637
3850
924
3220
4943
3573
2590
3125
429
3923
2343
3454
1629
5022
2953
5023
3976
1368
3880
807
1325
925
3689
2299
3311
2243
4579
362
3351
2520
2080
2976
4214
4504
4723
5425
2961
2359
3077
5160
2885
465
3466
1963
1851
5172
3626
865
3353
2758
4949
2963
879
500
5153
5412
3947
518
3951
2767
3841
1176
4052
2921
5204
1158
434
5038
3258
3866
1471
4427
3404
2532
4341
3966
923
1668
1174
2456
2941
5322
1823
354
1151
5384
5334
2334
1982
4447
435
4137
4826
295
4412
2297
1871
1532
1217
3843
5104
3711
4243
2298
5360
691
4573
4430
3520
1365
3262
2156
5187
3
2860
3697
4878
2113
3179
5227
4576
883
4787
2879
3373
3831
135
3895
5422
4435
709
4002
2856
2358
2387
3459
2161
4937
4838
1503
3614
279
3289
4078
3878
1202
400
1263
2983
4082
5200
3089
3864
1126
3470
784
2286
3231
683
2842
2144
967
1521
5202
5067
539
3202
1554
733
4769
3106
3327
1333
4764
4613
4908
698
755
94
3281
1839
3272
2813
3230
245
2715
1337
2154
4646
5264
1901
3402
678
556
2388
538
4203
1196
1000
1581
1613
5420
2665
2084
891
204
2889
3343
1824
3824
4514
4337
3386
1309
2798
43
3687
343
1445
2211
303
1073
4277
1437
1015
5039
5167
3066
5071
1485
3365
4438
3413
5312
2470
3533
810
413
2926
4512
463
649
4309
3148
2042
4034
1265
2418
273
215
1140
4471
684
1186
155
3352
3200
1184
102
1910
1885
2995
516
4308
4398
4218
4811
5394
2641
1603
1144
4607
308
77
4472
2182
2630
3098
5215
2975
5058
436
2428
249
1466
366
2361
2272
1559
154
1003
2029
1941
4916
2911
574
2760
1549
3698
1693
3243
850
1424
3169
4664
2132
3310
5308
1694
5294
769
2956
3682
1165
1054
1029
2342
4963
4228
2474
2711
5078
3532
885
5100
4133
971
5148
818
4715
1113
4373
1968
4038
2652
1305
4979
60
767
2620
3979
5250
2494
172
3518
1380
209
5270
1432
1028
836
871
568
2018
3782
1819
2578
1585
1666
2340
5286
1500
3576
4872
4465
2545
4587
2704
4345
2455
4261
1383
542
1226
2507
611
162
2199
2521
3991
3228
3732
1636
962
2442
2664
2281
351
1610
1486
4153
1720
2661
15
4873
2612
4879
1082
1975
5410
2089
145
1264
1512
3441
4136
2293
3337
3589
2503
5284
1
2186
5142
4508
4099
118
4441
3403
1414
4877
397
624
802
4227
4901
1411
4964
2666
2733
4993
3867
882
4246
993
4489
4708
241
294
4913
748
4189
3598
1137
4451
1578
3602
2577
4188
3221
3977
573
5210
1524
888
1923
4379
5105
5009
907
180
1480
4770
4732
3186
1157
3348
2761
1602
1813
1650
549
1141
3609
4795
2978
3412
773
1372
2118
1672
1903
2924
562
1451
2568
3261
476
2534
421
3549
576
3674
2840
2090
859
1877
75
3445
1375
2259
4749
2155
2747
5285
4852
3204
3558
1400
4985
3324
2128
3740
2582
1169
3620
267
1988
1105
3914
2621
5168
1034
1604
3030
2793
1551
1057
3415
3539
1417
4016
4424
3956
1419
2405
631
1123
939
467
5041
2210
796
4241
3211
3810
2308
381
5220
4450
2729
372
2592
5405
2796
4440
4446
5099
2931
4397
81
1395
270
1935
1752
5137
3928
3556
3950
2817
3458
3718
2122
2557
4956
4888
255
4941
1276
320
2282
3580
4323
90
5132
5280
4531
3802
1990
3180
2009
3500
2959
5353
931
237
1970
216
341
892
3053
3315
4541
1795
4524
1545
4289
2654
3783
1357
4486
3087
5059
1322
3382
5178
763
4965
1505
4884
2333
5354
3930
1111
5007
3133
4031
4272
2097
2093
2894
1219
4100
4892
251
4719
4991
3958
1479
5228
3566
589
160
809
5251
5000
1713
2583
5101
1919
922
422
4557
474
4269
2075
3166
5391
3232
3171
4170
3916
4860
841
3651
3456
1404
4743
2732
3764
1930
223
820
721
1182
80
426
448
4464
5414
433
3944
4400
4771
4633
4777
3521
2054
3010
1346
275
3286
1241
2335
1591
1317
4517
1156
5082
1677
4234
4707
3745
5062
601
1070
4392
91
2415
2464
705
702
4388
3212
1607
5171
51
2247
2183
4252
3664
4495
3487
4822
4992
4050
1816
3137
1019
849
2267
4756
1846
3061
2377
3273
1209
4554
2873
1393
1704
128
207
3603
5350
2133
256
2694
4903
358
2268
2923
4655
4862
4866
4480
2076
3265
4005
681
4704
602
1213
5218
4669
353
1773
804
5382
4786
579
4352
4171
2942
5396
4819
4919
3381
4539
3504
1253
3811
2505
2551
3725
1076
2094
4372
911
838
1991
3344
1925
493
2261
3361
3762
24
4566
2837
4487
2779
2025
2655
2264
167
2851
3269
1104
112
3942
4271
2006
2841
2205
1940
1255
458
7
3422
742
1856
347
2285
1146
1465
2463
2553
3114
854
1943
1390
3758
4184
1298
153
3615
765
2160
3800
5018
4192
2477
4498
178
2730
248
5304
4948
1496
1792
1781
1058
2506
4119
4677
1297
2409
1060
2184
2422
3768
3237
5256
2524
2203
5115
1495
2687
495
2542
3266
5273
750
4842
2038
1109
824
1627
490
3959
2459
5091
2416
349
4449
5050
3138
2739
5389
4105
4229
4938
503
4475
2244
1574
3775
4395
93
3822
84
4612
4672
815
164
5356
3338
4402
4235
4748
2301
803
4201
221
2173
5216
1641
3990
1513
4328
608
3635
5074
2928
4998
4286
1364
456
4946
478
382
4894
2486
4944
2898
278
364
1216
4525
4700
2728
745
3385
977
4357
655
1329
3099
1778
161
1560
2827
203
3688
3438
3488
1833
4506
1447
1194
4667
2905
4173
5183
1642
3542
3773
144
4810
2372
292
3394
5190
3503
3579
752
3998
3622
3776
5310
4812
2535
4515
4969
4846
4406
4000
2492
5095
3961
4371
3217
2053
2461
1115
3222
3883
2392
3540
2714
