427
1461
1449
2239
373
3544
27
1478
2240
1343
1545
2473
1117
797
251
2733
2330
556
2147
1021
779
1098
3338
2309
983
2591
2565
1882
2340
2849
1437
3030
2348
2597
711
638
2646
2175
1295
1413
1612
2897
1488
1899
1161
1008
3478
1875
1780
1811
1339
2713
1062
3095
591
2089
2018
3485
1649
450
1503
1043
3521
3
2734
1217
2800
2248
1675
2994
635
1533
1120
1374
1180
910
2756
1715
1677
3217
1998
701
1607
2947
2999
2727
2233
38
2413
1995
495
375
2946
3339
225
3021
2617
3542
920
958
1002
676
3024
938
2266
532
332
1707
2316
2623
1162
2322
3012
3309
2437
1359
2232
2809
2313
2426
604
1497
1349
1019
618
3059
2462
3230
1891
2942
2497
3200
3369
2889
161
2455
3120
2488
1690
3491
394
1930
1426
1141
47
691
149
3264
3308
2483
137
1664
3496
3015
792
3275
171
3248
2892
761
2067
2839
713
2093
1972
279
3063
1129
2668
2184
2474
1563
1
735
2360
1365
863
1771
2487
1736
1103
3224
809
3158
1870
918
1139
1334
2077
2951
2351
1522
567
3526
1086
324
873
3268
667
1451
2730
1509
3523
932
2083
1023
2105
1300
2097
3044
1922
303
306
3531
3375
2807
1192
1663
235
1520
2297
690
2472
2308
2638
592
856
1160
2904
234
3152
2479
2376
2162
182
3076
193
3397
621
3424
993
1964
919
1618
2344
964
3444
53
2131
2171
2628
3127
237
2654
1156
3549
2045
1881
363
125
1597
2639
2724
1195
771
3492
361
3454
3404
702
1973
152
2225
308
1916
765
3363
213
2651
2495
1803
2610
2886
3025
725
500
1651
92
775
1985
365
3279
688
1113
2939
825
455
2960
2310
2327
3009
1352
3270
1532
3073
2428
263
1623
2501
646
3335
1108
1040
1988
811
121
231
2650
3243
3555
1962
2469
585
1505
1945
3450
2529
2080
486
2148
534
3552
3008
2814
3262
2295
2811
2822
186
3512
321
333
748
3571
3182
2443
3392
1830
1336
3431
1524
717
2187
3223
1218
3241
2538
2943
2614
1459
1386
463
2274
2141
3469
1480
443
2409
86
3090
376
2023
2743
1368
3389
1240
2841
2307
2805
328
2091
1035
1014
2352
3390
307
3091
1215
946
1068
1097
903
1267
1293
2153
413
1325
1474
1344
1194
1269
1680
3506
456
408
2134
871
1436
2389
610
563
3035
963
2163
2855
581
3000
420
3285
2806
2459
192
2482
2315
559
1572
3343
600
2496
2321
3201
2590
1369
2576
3446
3107
1272
1869
2869
16
1050
96
2458
2450
2935
2096
2265
1969
3151
551
2208
2298
2333
982
1710
2891
1954
1430
1065
2448
1234
1746
2877
460
1608
2543
2899
916
1308
3560
1992
1997
434
864
1253
2915
1839
1383
1366
2861
858
2624
1333
1167
1641
485
1257
2249
1313
2425
707
514
1721
2374
644
260
1275
3451
385
169
1729
2461
1415
258
2042
1049
1847
2334
2932
90
3226
978
1053
1460
395
1769
1239
369
1454
2021
1695
1326
1268
2290
3231
2404
1603
990
1046
2958
2133
384
622
2866
889
84
1850
1115
211
1593
2961
597
1216
399
3426
1639
2815
680
2132
1394
483
3325
1787
2287
2236
2015
2275
518
1615
3136
2001
2
2098
2480
907
1038
1585
1518
2671
436
3415
1200
1581
1999
906
2851
1085
722
2396
1538
2918
517
124
2715
1865
2102
3439
262
2466
2834
2460
2052
2987
1483
1232
1516
254
2202
458
2735
1246
3111
2243
1666
2027
1118
185
3299
2115
1931
491
1923
1321
930
377
1242
896
2090
897
2122
1213
699
2144
3353
315
1907
2913
1933
431
2738
3258
1142
253
2302
2714
3379
1064
3529
1256
2416
827
367
2155
3387
2037
2979
270
139
673
3319
866
939
236
1554
1725
2341
1665
1950
148
2907
1604
1628
3121
1913
1609
641
2441
2540
342
2048
2500
1831
2550
1767
2692
508
2451
879
114
469
531
1777
2824
2760
1824
777
2228
2579
2020
2178
880
1511
1495
2752
3074
2848
2893
703
2381
2740
390
1395
1845
2980
2641
1748
311
1601
700
2819
577
232
1970
410
2952
522
134
578
818
1893
1638
2950
2568
2070
59
141
1733
1059
2361
340
2887
1147
1107
245
2555
2969
807
1737
2634
2795
3210
2072
787
3564
1840
474
2530
2607
1652
947
3250
3040
2783
813
98
36
868
2938
3263
911
1412
2984
706
1557
2123
1005
61
2507
1822
30
286
1630
1148
1070
1004
694
1201
1827
3130
2679
3284
980
580
101
145
926
962
221
3376
882
1900
108
3302
1016
1057
378
360
2099
2032
3163
2435
548
2573
2206
2422
1444
2593
3093
2167
2670
1309
908
1546
49
52
1188
1766
3495
44
2004
1092
3420
2768
2524
1560
1510
281
26
1971
870
2847
894
1556
603
3193
3442
1720
88
844
2286
85
774
615
1915
3089
3388
823
2331
1435
620
2594
3436
2181
3007
2627
1491
1044
3323
1784
3129
2439
2571
2068
3493
1416
2717
283
2949
3077
1006
527
415
2489
2198
1358
740
2558
3260
3510
3522
1351
1131
1799
2210
804
2108
215
2846
188
1060
1701
1088
1656
2917
808
3405
20
2305
371
2968
2723
1476
2901
3393
170
249
1332
33
2214
239
2336
3527
3215
1871
3447
1731
3202
440
2722
755
1883
2626
2643
1743
2073
852
2604
3144
564
3233
2586
1956
1227
2174
194
2785
1659
1959
3575
1577
2772
524
1993
179
2705
2343
2596
2014
1102
3528
267
3377
2753
3578
883
1151
2575
176
3118
2454
2536
2796
2136
3199
3449
1327
1126
3038
1165
366
3135
3313
2757
2363
2498
2113
2827
3466
1876
1837
795
3441
3276
1692
1506
1565
358
1133
1688
3358
849
696
3514
2190
2017
987
565
3211
240
754
796
2161
1273
2922
2296
296
1116
830
921
2449
1171
609
1281
2046
654
1541
749
3534
3362
1693
3520
480
1140
612
63
3041
2055
2383
2603
2436
1536
430
2028
753
3131
574
3172
2064
2186
1170
1921
3421
2746
994
110
117
584
1027
1223
2317
2140
489
2672
3234
1724
616
2719
2282
596
3460
2923
2263
1428
1980
1788
2678
3359
2401
2754
640
3474
2384
1762
89
3057
1302
662
2589
2427
546
3079
3394
2688
2234
482
3365
1681
3357
3427
658
3254
1698
164
3124
1439
637
2224
1289
116
19
3459
606
1863
767
1440
2503
1905
3114
2531
241
1448
2926
794
1580
25
3293
572
759
731
3016
1566
1620
418
1880
1739
2084
3101
178
2304
636
2636
2088
2139
1634
3227
3027
113
583
2838
1514
3334
1125
3096
1708
904
1048
1576
2840
776
2347
173
9
1592
768
2197
2885
2941
499
1653
817
2791
2447
1979
3380
1705
1920
181
1178
1390
3094
1030
1706
1330
579
3207
1276
872
1134
2173
1918
2793
745
2121
3181
2578
2533
659
5
1482
277
1017
1031
1578
1537
2954
1241
1353
2300
344
747
2176
3056
2539
737
1757
2516
1600
523
1099
209
2598
2652
2484
2528
628
1470
3051
1446
3445
1583
2007
2092
2964
1808
319
3045
710
1713
1036
2750
1090
2844
1750
682
1243
655
1230
3161
1387
1745
1932
922
3315
1519
2318
509
481
21
2769
1089
2135
1668
468
405
1996
1130
1816
1632
1247
2247
2975
60
999
2632
1400
608
1515
1619
3198
974
1075
3458
1487
1078
2970
65
2446
613
2078
199
633
1776
2630
1844
537
3411
2289
708
951
1853
1606
2301
1655
1796
2445
1841
2998
2721
3314
2664
1833
1987
2038
1196
2649
1861
3236
1138
2611
812
312
1096
1212
935
91
2392
2128
653
2821
3356
1067
1550
511
841
519
627
845
1662
3378
1280
2720
1504
2354
1173
3400
467
421
678
3406
2854
683
304
2676
971
1939
1052
1500
81
3311
2519
1782
668
2826
2071
2911
330
757
3500
212
1341
136
2127
1551
1111
1704
445
2420
293
3494
822
2857
2253
3001
1499
2694
2633
2948
2406
1937
3429
1657
2453
2397
1150
2925
370
1452
2230
1105
1127
494
2268
1544
1081
2622
1457
1484
2006
3437
2804
2074
1029
2034
1466
1821
3428
3261
1362
526
1561
1719
1895
207
1204
3342
2693
3139
2030
1421
2292
31
2690
814
1434
2493
2419
1543
3281
1912
1901
2971
2491
1176
350
2355
1599
1903
1756
264
1697
242
3078
7
175
471
2580
372
2000
302
1026
2813
1319
1335
2751
252
2747
651
1354
2299
3278
1886
3169
37
71
3274
2212
969
3229
1450
411
3069
3252
3461
2069
1549
1403
2868
798
449
1582
594
318
2478
2022
539
2041
3251
2192
3050
488
2820
568
3154
381
510
975
331
62
1658
3188
3547
1534
2933
2547
2801
634
2499
3321
2963
1832
257
1539
893
295
3524
1360
3214
3546
2884
3345
2010
496
631
960
1203
2977
2152
357
989
1948
285
3176
2371
3003
1136
2386
1255
3312
3543
3372
1927
593
770
1694
3196
1819
2323
2199
2085
2218
429
913
2016
1714
2773
909
2572
1990
1305
648
2702
569
452
1622
1741
2912
1496
1304
3370
2076
2291
1896
1039
2019
268
42
1191
2103
1791
624
1388
2860
988
1594
632
1284
677
763
167
1961
1492
1584
276
2196
2394
2250
2673
3579
2728
75
521
2377
2486
3556
1904
3058
3113
1842
3266
3294
829
3228
3046
1977
1897
198
2418
3304
444
1944
3565
3511
1077
2183
3468
884
2731
3403
2934
1285
2707
819
555
1531
1337
647
1396
2535
1294
1373
329
1867
2138
2561
2168
3186
599
3576
3535
2659
426
1558
3203
2799
752
835
2057
801
3271
2312
3303
3099
1823
2903
1859
2101
1442
973
642
202
881
1238
1548
70
3320
1887
649
2559
660
2955
2379
1011
2794
1624
663
3060
2209
301
1219
2988
2492
122
2368
2916
687
3259
985
2220
875
945
861
2619
2699
598
2992
3385
1479
72
3364
834
2620
815
3088
1564
1356
1211
479
162
1774
1174
685
1730
3574
1074
727
1037
552
1562
1732
756
294
464
133
316
2742
2106
2231
1259
1144
2203
1864
1051
1542
3471
1012
502
2346
2853
34
1858
2514
3265
1385
512
24
2850
1660
898
208
3582
2716
2433
2118
855
1493
3329
936
227
432
196
2442
3503
2871
1854
1627
309
684
1910
3352
1820
2674
943
259
986
3456
2490
3438
877
3464
3569
3384
323
2223
530
1338
1872
2369
867
3148
2677
507
1153
886
996
2285
1061
0
115
3322
2269
3013
3373
878
1717
1181
3331
187
3055
35
498
3149
3482
1636
2513
1347
2526
3256
860
1331
1552
2644
892
3112
3133
1982
1789
2635
1226
1817
2808
3174
2585
1835
1625
2780
3273
1414
3157
2255
10
392
629
783
2262
1220
3425
847
2061
2709
1759
1307
3324
1481
1489
2398
773
2812
2928
422
2273
1938
828
3052
625
1573
2648
1936
414
3159
2456
3153
571
1818
1914
516
1966
1908
128
2227
1260
3185
917
1265
2170
931
48
2880
1670
2779
657
439
46
348
3137
2311
1640
3061
3488
69
3204
1654
3175
1773
2373
2100
2645
3539
1661
203
2825
3098
156
1498
2564
2616
1778
470
782
1235
1292
3269
3455
1071
1610
1752
533
1179
22
150
2563
3032
1245
2256
3205
2293
2900
3289
3391
343
1813
2264
3371
441
1676
29
1884
382
1407
2818
2338
1073
2837
724
536
1691
109
2784
2758
3440
386
1286
2470
966
3483
3295
589
1798
2137
781
3085
895
271
2993
2726
2120
1507
1614
1994
1949
952
697
1718
2560
1574
693
3337
217
1091
788
3453
2881
2976
111
2936
1976
3497
104
177
1588
2661
3305
2546
1960
566
3318
2710
6
2143
3064
3532
3092
1790
2549
887
2026
1877
605
686
1024
1291
874
698
97
2337
2294
23
3470
3166
74
288
2762
1152
1283
1742
1225
2749
3267
256
766
529
3209
742
1323
3048
1629
3070
3346
2698
709
1314
2778
1418
1364
1814
144
2025
2997
692
2280
2271
397
305
2244
3240
1571
1298
1429
2831
2755
785
2832
127
1420
2339
505
195
1924
1055
1424
3126
3381
1485
1375
3414
2412
3103
2421
391
1637
2431
1233
364
1674
3117
3409
43
2945
3418
2775
1860
1727
1290
2087
2054
869
2217
3548
3239
2195
3413
1355
810
3039
3344
2978
854
2581
2759
2876
2270
214
2272
2107
1417
2972
2283
2691
3221
291
2151
447
1862
1422
2191
2205
3132
2835
1315
2180
1968
3298
1109
2226
3508
544
1069
401
1079
289
3504
1348
341
1838
2600
2024
3419
3011
639
1685
300
2910
611
3290
1419
681
1792
2119
2278
736
1770
1929
2823
1453
374
848
3487
1372
3283
3327
2237
3160
3246
2241
1028
734
666
965
1410
1965
2863
1462
244
2621
3475
1198
1378
944
2201
126
400
2788
28
1392
2512
998
1376
2663
3072
224
1595
250
247
1626
669
3479
338
3257
2332
1137
1963
423
949
2259
3066
3194
3082
3558
2005
1311
1751
1087
1159
554
714
2930
1237
99
3106
1631
1379
3081
619
1274
1935
1728
557
1250
3407
183
541
477
2002
1866
1296
1190
284
2766
2774
2059
2810
77
1723
1892
314
1157
73
3332
3354
941
2765
1214
1957
1231
3340
50
3164
1381
2219
273
1555
2177
3156
2124
1463
2359
1669
2221
80
1529
1175
2683
3489
3036
1856
601
824
720
2662
1645
2159
3477
2790
2129
383
3123
3501
1941
1802
1135
166
1722
3213
424
914
15
154
1010
278
2748
3559
3562
3018
123
1569
1000
448
339
3563
3191
473
3433
2732
1163
287
2741
1405
380
1384
2712
2204
2919
2403
1848
3326
902
2888
1221
2554
925
3253
976
2967
160
1679
2653
3177
1955
379
549
1800
1114
2349
587
1254
3361
1795
2505
730
3086
2043
1263
265
3280
786
261
3197
1438
1711
223
2962
674
1432
2475
435
733
2111
2557
832
3476
3206
846
3417
1589
3116
282
3430
2515
3306
1469
3585
2667
2390
2771
741
968
3580
1149
2525
760
3300
100
3167
991
3292
2047
1785
560
1445
1340
1490
586
972
3368
2160
2599
656
3179
2415
1781
3277
764
3125
2508
2685
2744
3386
506
3119
3014
1401
155
2666
2879
2605
222
1806
2367
790
2909
1095
2776
1433
617
2104
119
2011
1902
2149
1643
602
2277
2592
2382
1222
762
1357
1427
1082
1726
387
190
3513
1512
200
679
923
1978
1502
1885
58
118
1328
1261
3062
243
1177
1389
2179
2845
389
689
3195
1345
1889
2281
487
743
1248
2252
1744
325
130
2036
1878
2957
493
2655
2613
2467
2595
2927
3288
661
3333
3023
1015
3104
515
2523
859
2959
721
2391
1066
1258
2188
246
1590
197
2400
3054
2117
3416
3516
3147
2883
1443
2246
3017
3330
1879
1128
2424
355
1464
1324
2432
2471
2402
3134
2417
3183
41
1371
151
1642
1471
2130
3545
2193
2481
2169
582
1391
2737
2537
2251
3122
1209
1123
3068
957
2739
54
2065
2965
981
643
2324
2542
3360
103
2142
255
1508
147
2504
2836
2763
1224
2051
1287
3583
3432
3109
336
839
2803
716
1703
2012
3505
2991
2393
1299
404
2245
3465
1186
2770
543
1312
1187
2378
997
1647
3173
1022
1477
3180
2792
1020
1063
2882
1404
2345
1829
497
1297
675
2718
3517
478
924
2372
1441
831
927
2574
2342
2079
1633
107
1635
2081
799
359
802
2859
1155
1182
1229
2995
1013
1455
645
3287
55
1906
335
2660
320
1185
2657
1596
937
1377
230
3291
3473
2896
3550
1189
2213
2506
3502
2602
238
2584
1346
438
2647
1350
1121
142
174
3184
1801
1210
1753
1193
2761
772
3463
905
417
475
3472
1143
1207
3536
2527
3020
1755
1678
3146
1380
1318
2518
2982
2642
3540
3238
1270
671
3297
2981
168
2040
39
2522
2618
1169
2764
1712
138
12
2817
956
2035
298
229
419
2680
3022
2929
180
3570
1100
172
2365
2063
840
1567
163
1553
2328
79
201
11
1975
3142
2695
3138
2858
3448
2325
1942
226
2686
1278
1967
1523
3010
2787
2629
843
1473
1397
3235
2257
3422
2711
451
1761
1559
3286
1164
750
2931
1943
2789
650
1810
2553
2517
3047
3355
1101
545
1807
484
1472
351
1672
1228
1716
979
3553
490
723
3071
2532
2924
561
1251
3100
1828
540
3004
3367
1236
695
2156
2110
728
977
726
2254
2211
2276
146
2216
1025
2157
2582
547
2154
934
2703
1370
317
984
2053
1528
2658
2395
1804
2362
334
590
1513
1277
1894
45
102
2562
2870
2029
1535
542
1033
2429
3486
3237
2009
3401
2534
1646
3192
2625
1517
1080
800
665
1764
3140
2494
1306
1953
2411
2215
2990
2387
588
2094
1084
1793
3005
3019
2609
1644
2086
751
310
670
850
184
3165
1671
2049
3350
1205
153
352
204
1032
2465
1686
2615
1526
833
1423
719
1119
1168
959
2570
826
1570
3097
2640
504
705
3374
2577
2385
4
1458
1124
1425
3351
1266
433
1264
3395
1611
2476
2150
885
290
299
780
2060
1018
266
2842
865
2146
876
2408
607
407
1673
1602
2689
2681
1183
492
2973
2440
1888
472
1447
1521
1431
459
82
3557
1056
416
2729
2696
57
158
2937
1734
2033
1110
1288
2182
791
3541
2267
2828
2544
558
3084
2464
538
3029
1911
2921
1475
1301
2873
454
2708
2509
40
2908
862
672
3083
1054
3216
3462
900
1852
1106
803
2631
2556
2353
503
297
915
8
1468
2612
3383
2008
942
3155
2430
1047
3537
1058
2109
428
1467
3402
1145
2940
1940
2704
66
2782
3341
1465
3525
3567
2669
1684
2520
3348
442
1310
1317
466
3028
1076
2608
3398
2974
805
1805
2172
1617
2238
2511
729
562
1682
2548
912
292
3452
269
13
3301
140
3128
349
3423
3145
2125
2829
1408
992
3581
793
1132
3443
1758
820
2802
95
652
3467
3037
520
2985
3282
1579
2410
821
1530
2229
2463
2388
2989
513
2996
836
595
3509
2874
1683
2864
1825
2637
1003
3551
2407
83
1868
2902
1527
1367
2510
1042
1112
732
3105
3584
205
2468
2878
210
1738
2284
3171
1252
3530
1093
1815
1001
2288
354
1925
2242
1244
274
1009
402
2457
1890
1849
3310
1851
2364
3208
838
1947
967
1393
1768
570
2588
573
1320
461
1613
67
1809
2356
2567
528
2502
132
2601
704
1735
56
2044
1122
3002
393
3484
3249
398
233
1783
2303
2031
1689
954
1158
2986
157
2235
744
272
3554
901
2583
1361
17
2781
3170
1747
1648
337
1763
1812
890
3568
1857
2552
851
3006
2320
313
1456
3481
3399
346
2399
1202
2477
2164
2684
216
3220
2165
2545
1406
1382
1991
2798
2260
3272
1958
347
275
3043
2944
1568
2116
2551
3049
3075
326
3317
3328
3187
806
1411
550
2906
2207
3034
746
535
2189
2521
1007
1687
1974
2856
3222
78
3518
1989
1898
2701
3218
2914
2665
356
961
2867
412
1525
2066
3162
3087
2423
2566
2569
1986
1917
778
248
1329
1303
1587
623
3316
1981
1621
2279
457
933
3382
928
2405
2438
2872
1494
135
553
2375
1952
3102
1398
1041
1363
712
2095
228
2075
614
1575
1598
1699
2895
93
1208
2682
1909
2194
327
1797
2697
888
1873
1760
3499
2894
3143
575
14
1772
2350
1501
3457
2956
465
345
2058
1184
2541
2786
1786
3168
1166
3480
3519
3080
1855
2366
2112
1402
3190
2261
18
3242
1605
630
191
955
1696
2114
2314
1984
1083
3296
322
2326
2606
120
3108
106
1709
396
3435
2158
2736
1172
525
1779
1700
403
970
3115
3577
626
3349
3245
453
2222
2444
2700
2039
2335
2797
1154
409
1279
3219
784
995
1342
2062
406
1271
2258
220
664
1206
87
2200
789
1486
2185
2485
219
1775
1946
3053
425
2587
1928
2306
769
1249
842
3232
1547
1836
446
3566
1146
76
2013
2357
1399
1282
1045
3247
3396
2905
2370
362
1983
1104
3412
2890
1616
1591
2003
1667
2050
1765
280
476
3515
929
32
1094
2434
1794
2414
3150
2358
2898
3244
3031
2767
3225
501
2852
3490
1834
3410
948
68
953
3141
1702
940
2830
105
950
1072
2725
2865
857
165
3572
718
1322
1919
739
3189
3033
1749
816
112
1951
2953
1197
738
2056
3366
3336
2145
3067
2329
437
3307
3065
388
1934
1826
2656
218
1846
576
3434
2452
2687
2082
3561
94
129
1926
353
2966
3347
1740
2875
837
2380
3507
2833
3042
2920
3573
1586
1409
189
1262
2126
3533
143
1316
2706
899
891
853
1874
1843
2166
2862
159
64
1650
715
1199
2745
131
3498
3110
1034
3178
3538
3026
2843
206
2983
462
1540
2777
3212
2319
3408
2816
51
368
1754
758
3255
2675
