849
263
2829
843
2043
3273
218
2071
1991
879
2291
651
590
1847
2764
2461
582
2903
310
1150
141
662
3250
657
2343
1998
3180
1939
2751
2568
2814
2318
2181
1714
130
1163
1883
624
412
1972
395
1801
2180
2328
273
2416
682
2364
1900
895
2608
1207
1039
3152
2953
306
312
2279
1592
2067
2519
2928
1101
230
3159
888
1043
1966
1823
187
2960
102
1887
1357
1272
2699
1820
476
2609
2160
2120
1652
1475
2092
139
152
3039
120
1131
1383
2672
830
2189
785
1591
523
2156
1833
1515
1462
448
184
1959
1818
1604
1465
2414
698
2833
2713
2183
1022
1571
2740
919
2446
2667
511
901
2096
1919
1136
1764
1665
666
204
3111
2158
1093
389
819
477
148
2345
2923
3016
466
2828
897
2915
3148
594
1713
750
1018
3270
2015
1947
831
367
2784
2250
776
1761
459
1139
1200
505
3015
1368
1670
3172
1469
1508
1351
1125
2389
2200
2017
2957
328
1034
452
2707
964
1321
1181
1926
728
1978
2891
851
254
1292
854
2779
2432
2981
283
1407
2428
3022
2893
3252
1476
1239
3168
1874
912
872
11
1085
108
1202
122
2186
637
2868
2961
3135
359
684
609
2533
1895
24
1280
1741
2297
2036
2852
1021
1489
3064
2029
1335
159
1974
1105
2881
2344
2360
1155
1226
206
2276
2717
2262
1019
2142
1992
1171
1069
1206
1940
2614
1719
2021
1643
2673
1177
833
134
877
1493
622
2377
1477
578
1927
1116
1290
1070
3157
2995
2285
3097
3184
882
1454
2033
558
409
2924
588
3068
500
1451
41
705
2515
458
1296
1225
2980
1347
3107
783
2696
1810
3037
2140
1231
1889
2264
2202
3096
1455
478
2255
59
240
2252
28
393
2088
943
722
2563
10
2431
2056
66
1185
1186
1050
305
2055
2108
2420
3196
621
3263
3145
2529
1983
1020
2484
852
880
2912
2113
2718
3024
667
2797
55
1630
1848
1440
2505
2523
2388
1522
896
16
2353
695
1865
1981
117
772
1189
2090
1860
115
179
1733
337
32
2472
2897
2334
3186
2680
199
1654
15
1805
2415
192
3217
1424
1626
1072
2166
239
633
842
1941
1596
1878
916
1472
623
710
1133
1891
215
1286
1410
865
316
994
1788
2618
2498
2139
2074
2675
1074
2940
2773
1490
1311
2640
3019
2174
965
2724
2553
531
619
2084
2700
439
1362
890
70
706
262
1631
1776
1603
3151
2159
647
1025
1248
995
1478
314
3122
2511
1749
2403
522
421
112
2945
3169
2682
2561
2967
1003
835
1646
1813
3128
1376
653
2014
1175
3176
1170
649
304
1622
614
1215
50
1302
1538
774
1318
1384
1364
87
759
1693
1734
2149
453
2198
1686
2506
1297
2020
1107
3280
2983
502
2862
1265
51
1198
2317
1259
472
627
1084
197
1715
716
13
1912
2032
718
2370
118
270
1872
3066
2419
1803
2001
2122
2592
2562
2313
878
1881
1777
2208
3020
1558
2782
3069
1737
85
530
1434
3010
2251
1397
61
1863
2494
2824
807
2487
1537
3098
512
5
2583
1066
2338
2958
2025
589
1602
753
1141
2644
1322
224
1884
2482
1518
1459
3115
2948
2896
1008
778
2386
1859
1607
1965
1510
3100
855
146
1782
2509
2136
2799
349
1797
2066
1735
391
2939
576
1955
1242
996
2971
2127
917
71
2278
2352
2576
1680
703
1917
1707
988
2636
1612
2687
3160
1915
660
29
1495
2421
2777
223
713
3106
2339
2742
67
1394
2651
8
2380
160
3070
2994
3009
1059
2324
694
3207
2261
1850
1712
1010
1845
313
1247
1988
488
1432
944
447
2073
2474
3008
3031
732
1534
47
2844
2642
271
1218
714
795
1689
1577
1896
816
762
1391
3011
518
1273
1725
2925
1
797
3071
2040
231
302
1615
1597
406
591
1401
1528
1013
2831
1129
899
1844
278
972
2203
898
1323
2436
434
915
1681
3121
936
1464
89
1790
2396
2321
1861
296
1346
507
430
1359
2005
1552
3211
3141
1720
2465
1907
717
2475
2572
474
671
1217
1143
3258
1739
1212
574
1044
1990
2351
1110
1644
1540
1195
3165
1313
2793
1161
402
1754
2429
2063
3243
2350
2114
482
2843
2454
1350
2766
2906
775
2744
1124
746
86
1271
2213
259
2457
1892
2582
217
2652
2234
123
1839
449
1768
2210
945
1154
1098
1316
1277
1949
2964
2137
1763
1269
99
598
2395
2678
315
2627
2349
1639
2946
2736
2573
318
235
3208
356
2212
3247
2520
3154
1595
2390
1836
1100
3051
68
6
2047
2593
2331
2986
540
567
1951
3093
1009
327
3264
2275
2305
2550
1999
1287
3034
1227
2518
2580
1545
1467
730
3012
545
2820
921
3244
210
1017
1285
2865
3242
725
1147
132
163
1930
1846
520
3257
1216
2635
986
1372
1645
642
1197
910
2622
1827
2097
688
378
526
2662
1702
2947
1193
2771
2503
2603
234
3188
2775
98
53
425
58
178
1918
2102
186
175
741
1371
2019
2993
2064
2341
319
1312
3032
174
463
1620
1179
2104
1178
3126
601
990
2325
973
863
256
2575
1811
3231
3026
2406
1710
1482
2057
1180
2502
3200
1263
2552
44
351
1546
211
2301
3138
1090
277
1281
25
982
2172
3278
299
2093
1325
2845
1223
2737
2889
954
2542
1922
884
2087
3046
596
140
2288
550
2062
1320
1445
740
366
1284
1255
2464
1441
3006
3236
2647
2340
603
133
937
1024
76
1633
3197
1807
799
2138
335
3220
2864
1374
2282
800
1809
1544
752
1531
3059
2316
1967
630
2441
928
1976
2813
2468
2669
2274
1795
2306
213
1771
3199
1481
2044
2990
2989
1134
758
948
1849
483
2424
1498
298
2013
2247
1152
1246
638
1784
2398
661
935
1906
2308
2871
2848
0
747
665
754
309
2405
2486
1073
1601
460
1792
1655
420
875
1650
789
1880
809
2003
48
764
978
46
365
777
543
2204
1067
2702
1405
572
2346
1191
2795
1556
3132
1203
2201
2826
644
2825
2121
1929
1970
2219
1188
3101
1624
1456
2143
166
930
1987
2941
370
1625
1458
1328
2103
1122
1169
683
63
726
1000
1130
889
2495
2326
294
40
138
2880
353
870
1005
3125
2000
398
282
2658
1555
2811
2637
2507
1298
981
1671
1721
465
2725
927
1758
9
2152
2867
470
1570
552
2256
1561
39
286
2134
2706
303
749
1234
951
2536
1676
1387
2445
7
386
868
1902
2068
2816
2289
1564
121
2205
866
3153
103
1282
2478
2335
1542
848
2455
3177
2489
2485
2904
1058
1370
1274
2705
924
2292
639
1963
2634
3226
1030
2892
2804
2654
2141
1936
3201
1568
2541
2129
153
414
129
1288
2244
2284
2315
2101
1243
2902
3042
942
3133
798
1879
1730
2525
1903
1858
2554
2504
93
2176
2694
3094
3271
2075
1245
75
791
1310
1899
1199
455
2873
2819
3175
2267
1814
1831
2567
2758
64
939
2544
1159
2069
2035
1365
1250
57
403
2815
1352
88
3255
358
556
2447
1980
2930
631
3221
1662
1221
428
3234
689
311
106
2789
2243
2162
615
3129
400
2591
650
2408
2488
2922
2812
2367
2830
177
214
2125
2173
931
181
2531
2293
2304
938
2493
963
802
771
2887
2798
2545
739
2110
2786
946
2460
1033
679
1204
554
2131
1448
95
2385
2363
2859
2952
971
2342
1864
568
3134
1533
2949
374
2632
1396
858
691
238
2508
1691
2689
1557
2750
1747
1525
2629
2094
2238
998
2026
3277
668
196
1089
285
3112
2079
1648
934
1138
3249
2397
1573
80
3279
1165
756
2711
1049
2257
443
104
672
2661
338
94
2854
2756
857
2780
611
549
1743
3219
2497
419
2600
1164
2034
2526
2712
3233
2323
2728
2901
616
288
3182
1355
457
803
2586
757
1635
2496
1616
2091
1826
2109
2973
397
563
821
577
2878
1488
2697
325
1527
3216
2746
3149
787
1076
2638
91
1632
586
1695
1081
737
3237
3049
2106
2785
1765
643
2565
2402
801
1925
1479
862
451
766
515
595
2926
3079
2739
498
1584
841
1380
1369
1590
2309
786
2449
422
2875
1751
209
663
510
2838
1969
26
1736
2214
3055
72
1685
170
2532
763
735
2009
1554
387
479
3223
744
2418
1905
165
3087
1732
1636
418
1249
3164
21
432
1953
1890
2100
3173
1014
188
1425
533
820
3171
519
761
655
475
2052
2437
461
608
700
331
2674
992
195
2738
989
2631
2060
373
2433
501
2666
3214
1659
2649
3095
172
216
2921
2754
1851
2619
2522
169
604
1051
1363
1875
922
1158
436
532
1276
3198
1422
534
1038
2570
3183
1613
2821
1946
2752
1094
1214
2107
253
1262
822
1682
1593
1755
2558
2295
804
361
2763
247
770
269
78
1519
350
2171
487
3130
2144
62
2534
2535
438
1333
902
2167
1958
339
1324
2231
1995
2391
1808
1664
2778
2757
2560
2805
2010
575
933
3246
1762
3058
1683
1442
3043
3253
2322
2012
245
1690
1103
2708
1500
2374
2916
2704
1367
35
850
2615
2271
618
287
1882
1343
2400
3004
2559
1996
1718
2840
1418
3170
1413
2975
2585
1071
2858
2963
906
2663
818
2992
1770
2430
1673
2655
2170
489
2837
1666
751
3181
3005
1443
2253
1885
3225
524
1985
2628
648
1466
23
1046
1115
2792
1973
1229
918
1375
208
1678
2046
2277
1588
2686
2151
340
1480
1190
3213
2148
1697
1628
1684
527
1961
1068
1344
985
955
2599
1511
444
2783
1077
2970
2633
202
2543
3081
1642
861
464
2918
2065
3040
2319
2909
2423
1562
3044
546
82
1621
2002
385
1036
2685
3041
3232
3030
2185
555
467
893
3060
1752
2372
979
1837
958
817
364
2557
38
3025
1330
2809
2910
1238
433
1219
521
399
2933
853
2898
3123
226
375
2150
2851
1446
2229
1423
142
876
932
514
1258
2362
1581
1971
1104
2442
836
308
1502
3033
281
687
2242
326
2443
2491
2248
733
1968
652
794
2209
828
97
2905
3080
2847
360
2358
437
1738
1550
2155
2327
2832
584
894
54
43
2187
3191
3163
2083
769
2123
1299
3215
984
1952
1506
2974
1484
2849
2332
243
692
1491
1389
2630
381
2911
1894
2329
1473
1496
36
1559
1703
1661
1474
65
3131
2011
823
745
107
147
3105
1109
975
3063
3047
2801
2336
1913
3192
1876
2988
2501
222
450
2006
1962
497
369
1617
923
183
961
1791
2588
1606
2451
2266
380
1176
168
1954
1378
1341
1696
790
1993
2616
742
3054
2514
2192
3267
674
69
1166
2477
1975
675
158
469
1627
2679
268
3245
3185
2734
445
233
1886
1536
1045
371
553
2359
396
2410
405
194
1420
3038
1779
2956
3077
1898
3086
1028
2394
2483
2834
513
205
2384
1315
1986
45
3001
3137
1572
180
2944
2761
1291
2671
251
324
2605
1724
1356
100
1924
3240
2007
413
3209
2303
1220
1012
968
2729
1135
352
2985
2355
119
2733
1579
1001
1317
1444
1252
957
929
1549
424
2626
155
3000
377
189
176
2199
697
2965
2330
126
1026
2476
1208
42
2937
2263
566
2369
736
677
2716
1634
481
258
2246
2333
116
2382
1079
1485
3007
1786
1192
2470
1213
2226
2310
2458
891
1108
3260
3248
2866
2224
1553
825
2290
1514
357
2664
3124
2884
1230
1870
1521
654
1938
1168
200
1767
3119
1687
1551
442
1778
362
291
1726
3162
814
2298
83
2038
699
3241
1934
1567
2426
1345
3195
1932
2721
1232
3021
1260
2827
539
1390
1745
2934
30
2439
171
1948
1835
734
562
3230
2450
999
2548
991
2698
1254
2966
1563
1492
2467
1854
1057
1113
1097
1083
2684
3062
3017
796
712
1095
1303
1377
1789
2621
2657
2383
1660
34
704
492
920
628
2788
873
2024
2943
2299
1997
3178
2235
2230
793
1392
2
2579
219
1061
2354
494
1470
1503
2031
1279
2929
426
719
607
2794
2422
2646
2660
2399
535
300
860
1361
827
2463
580
2872
1794
2787
1727
1408
1314
145
1908
3189
2942
561
960
1856
1393
1834
1723
2577
207
1404
1637
1804
266
1153
2459
3035
2182
1750
1132
279
1960
330
1004
2951
297
3027
1773
3136
317
1228
2581
2668
1700
1780
1766
320
491
969
2188
1398
3028
33
1868
2895
1065
529
2379
1266
1513
2365
1576
2959
2690
2105
1088
670
1785
49
605
1669
2366
2839
887
826
372
3218
1509
1463
1042
967
708
867
1160
1539
1184
1867
2053
2098
2018
1300
748
3261
468
599
2348
394
1594
2128
2695
1740
3050
2791
2239
2720
626
808
1450
383
840
3222
1487
1016
503
557
2842
2968
1334
1087
1916
493
1667
2070
284
3174
2624
2513
3179
1828
2039
237
966
859
2731
837
2197
1504
3206
525
347
509
846
1452
869
1064
52
1137
1775
1722
1760
1585
1264
2769
2681
2179
1002
2085
900
1261
1119
1935
198
2538
1023
1578
2606
1928
342
2727
1574
1852
1512
1742
983
613
3013
1505
2115
1062
241
2885
1862
1753
2196
154
1855
537
2118
681
731
678
1421
673
1430
548
3144
2211
980
3224
1668
1123
1353
246
212
1414
952
415
1605
1416
2693
2368
1543
1167
2163
573
1379
913
2807
2709
2260
2772
2571
1677
680
1142
2221
341
2857
1611
1047
111
2796
1548
2547
3116
1041
1183
3239
3089
1933
3203
600
2217
2517
390
2190
597
261
1497
1945
1587
485
363
2748
272
1283
2045
1419
1307
1388
2594
14
926
2058
956
2546
1649
2438
156
1173
3117
2124
729
2177
1658
1027
1241
641
2823
2283
423
295
1233
1530
1431
2984
2776
2273
1717
2381
1426
1111
1840
37
3114
1080
2645
1802
2735
686
2076
2051
167
2048
1338
2969
1547
962
2146
2982
3205
987
2409
2890
480
1340
2670
2710
290
727
3014
2863
2233
1901
2530
2641
806
1942
1866
2850
1699
2856
1838
1308
1211
1728
2741
410
2184
1711
236
1240
2882
1787
73
1904
2855
1911
3276
2703
2715
1146
1943
1114
2569
2587
345
1575
2602
2130
2417
1651
1796
1812
1205
2401
940
2376
2218
1253
2683
1824
974
1174
871
1187
2765
3072
2241
636
27
2997
2078
2607
659
267
1209
669
755
3229
3075
565
847
1294
911
2620
2590
1704
3254
2524
2337
1647
834
560
1399
1560
2726
976
336
541
2132
864
1709
2818
1409
2566
612
1332
1688
3166
56
101
2117
2977
2938
2404
1793
3109
2920
1210
1706
1349
2917
1494
2008
2743
551
3266
321
3074
2927
723
1526
1921
2979
1589
1501
2691
2111
2258
473
2016
2193
384
329
3127
2427
343
1566
1196
1641
2378
417
1151
792
1060
3142
1806
81
909
903
2028
471
1415
2613
3061
77
484
12
885
1756
2781
1385
2521
435
1800
3052
2595
150
602
1610
547
2817
2237
2413
1256
1092
813
1944
3193
1746
2643
1598
1172
2265
1337
528
1619
1015
440
2932
2768
225
1052
113
3056
579
2236
542
1121
3103
2099
388
2919
1893
2936
2207
3102
1964
2701
2996
2222
620
2462
1692
346
2510
2228
1327
275
1395
2392
1499
1675
2227
2692
2175
1657
348
1342
193
1295
583
228
773
1609
1096
2411
1354
2022
2597
293
1099
252
3161
1583
701
2537
379
2480
2466
1638
191
646
2625
307
2894
2617
3150
3146
2215
2516
1055
3118
333
2555
128
2473
3140
1449
2456
2314
784
1618
2900
499
143
1672
3099
3143
1759
2656
2225
2998
3104
2059
2767
617
632
658
1411
334
914
1075
690
1194
1523
2311
544
2373
2479
760
250
570
1783
1336
2806
274
1674
508
1529
2023
1608
289
812
3194
656
2164
2294
856
715
244
2086
382
949
805
1600
2604
2574
2962
1731
90
3092
645
2165
2653
3082
2665
2913
2972
1236
908
874
3212
1705
1586
2747
220
1439
2037
2407
2610
1871
947
1708
3065
1309
2440
255
536
838
74
721
2249
2089
738
1091
496
1011
1056
1360
1453
135
2375
3090
3262
950
322
131
257
2808
696
2584
201
780
2286
1950
18
2886
1078
260
109
1701
592
610
1679
779
2612
1910
1825
3120
1329
1532
845
2802
2168
1841
1306
227
788
490
724
3
137
1053
2119
907
2770
635
19
2760
249
2659
2876
2072
3235
3269
1063
2223
1977
429
564
3256
2356
1417
1653
31
685
1222
2245
1832
1149
2269
2080
3268
392
162
3057
3190
3088
1520
504
185
1429
84
408
640
2191
407
1565
606
2846
280
1483
1403
1436
151
2272
1994
3227
1031
1348
242
2287
707
585
2387
3259
161
2987
2444
1428
765
1817
1251
3202
2774
1117
2722
2312
2135
3204
3018
1716
953
2169
1301
1656
824
344
3139
136
881
1438
2027
1373
1319
3002
3147
676
1829
2471
1120
2803
905
2749
1614
1381
2899
959
977
190
3067
743
810
587
2147
1006
1433
1032
2976
1582
2481
2133
2453
1339
1507
2596
2745
2540
709
2931
2361
456
2874
248
441
1007
1029
486
264
2054
1819
1358
581
1126
629
2978
1471
1815
221
970
1127
1112
1086
411
2914
1873
3085
2145
2469
1157
2860
2095
883
1957
832
3110
301
3155
517
2589
355
2810
3076
1457
2254
2302
1267
1830
1923
2112
839
3048
1897
1535
2434
2869
516
2991
2393
2116
427
2639
3078
2004
1235
1822
1580
3251
2178
1460
354
292
3238
2623
157
1877
2161
2954
1382
2220
1402
127
125
2082
2030
2281
2730
593
1331
1640
2270
2153
781
1769
886
3113
1629
1224
2300
571
2688
1757
1853
1857
1293
2556
1102
229
1035
2240
1326
2714
2790
2549
1729
2259
720
1305
2999
1744
2759
2762
559
2195
2081
2732
2154
2836
1037
2050
404
1268
2935
2490
3073
2347
1437
2955
2755
173
462
2853
164
92
144
1412
2492
1278
2822
2512
2357
1569
1989
506
1162
323
1821
1517
124
2528
2723
3265
3167
1237
1663
431
96
997
2499
1920
17
768
2883
2077
1931
1140
1461
1843
2888
2042
1128
1869
2564
2216
3281
2268
782
2412
20
3210
2049
815
1516
2126
1842
3275
3003
3091
1257
3084
368
2307
1623
1541
1909
454
2753
1982
1914
2598
2425
904
3023
3083
1694
2296
1984
1106
1447
2861
2578
416
3053
2611
232
1427
2371
1270
1289
1148
203
1054
1698
1799
1772
2452
1082
3228
1435
3045
625
2448
1145
2320
538
1956
149
2500
3036
495
3158
2719
693
276
1366
1156
401
182
2950
2551
2650
767
105
1486
3156
3272
1748
569
446
3187
2908
3108
1781
1118
2232
2435
634
114
2907
1400
2677
2835
2041
664
2648
2841
925
993
1182
2061
332
3274
811
2870
2157
79
2539
3029
1040
1816
844
2879
2206
702
1937
2280
1386
1304
2800
2601
1048
1524
941
2194
1244
1599
1144
1468
892
265
1774
1406
711
1979
4
60
1798
22
1888
2676
829
376
110
1201
2527
2877
1275
