1990
4085
3175
2488
56
806
3735
1222
2378
311
3095
647
1992
1180
808
786
2944
3359
1703
2834
2418
688
749
1105
3672
3651
1878
1639
2290
3335
2023
4030
4082
118
1545
1363
1560
1372
1662
37
1590
2056
912
300
2063
1696
553
278
1501
301
583
1645
667
2093
835
2003
196
3360
630
1414
2552
677
3088
3763
1693
3155
254
3944
1950
2217
2604
1857
2746
4036
45
4079
633
4024
395
3225
1868
1170
687
1062
1623
1118
1896
488
923
1055
3624
1554
755
2315
3838
3174
1572
2213
916
1638
1791
1214
464
942
2041
1497
2415
2968
2178
3261
373
330
280
564
379
1377
2189
3717
2313
2154
1753
3408
791
3882
3121
2513
1595
1528
695
1906
1932
2989
3569
3253
2713
1733
877
3644
422
746
2185
2956
217
3440
801
1529
1258
1770
1971
2756
3825
3392
3911
3301
2195
1082
1046
748
2698
1319
1675
825
711
2169
4040
2942
3702
2851
1391
1517
3839
2572
1633
3815
586
105
3694
453
4013
813
3548
3485
2235
3727
1535
3668
112
1074
1586
1464
700
494
3329
3066
2508
231
3983
1112
3884
729
3018
1381
108
2489
581
3847
1395
868
995
3494
946
2813
3490
2188
2830
861
2138
3782
315
3126
2358
4053
3458
180
3025
810
2241
1057
1143
1749
1711
3241
1777
1229
1880
2790
3536
2067
1069
4106
3863
2320
2161
2918
578
1296
3670
1135
2640
1126
3438
3
184
2130
732
1267
3377
1646
1653
3162
430
3236
550
1587
1424
186
3031
569
492
1750
1409
3784
645
2992
4005
1300
1661
1108
3929
3504
1688
2619
3303
1626
3405
1117
587
2506
2259
1312
842
1509
3566
322
2028
4095
3744
299
4057
2596
1160
2388
2234
3903
3877
1537
1292
3074
135
1982
1452
2585
65
2678
1605
3807
621
1999
460
2389
2325
3118
1183
418
3932
387
2025
2995
2194
826
1208
107
3771
2523
1720
1819
3216
1510
2439
374
836
3397
3476
986
124
690
51
169
1490
636
3257
3556
1085
2547
3170
2368
2954
1532
2296
2721
1328
684
2491
2705
1574
2778
2982
935
1314
3918
2143
3692
2998
3304
681
150
1668
3984
3599
81
911
1884
2504
2371
2459
2683
4012
2754
1757
1460
102
362
471
830
83
2759
3258
441
244
327
761
3809
2236
2117
4049
1519
420
3106
3107
3999
3311
3048
165
1156
815
567
936
2854
649
2196
2535
2563
3081
2357
2456
3417
858
2479
1714
2201
1695
4042
524
2900
3378
2507
486
2481
3462
1195
357
2258
133
3141
1991
1660
2735
837
2863
3186
1053
1368
678
1358
4084
3237
389
3099
208
68
2921
3231
3324
2988
2360
939
3024
2937
3481
2164
1947
3662
1627
92
4074
3460
960
2027
1628
2157
3065
2242
2654
2090
1562
3598
750
3221
2421
3705
891
827
3677
2578
2880
2474
824
2662
1004
760
185
3973
930
53
3678
3619
3635
2963
1904
2607
2895
2687
2519
735
1759
1476
3703
530
1475
2660
1278
3749
3985
1380
3070
1748
2533
3149
292
1865
2202
1433
3266
3855
974
397
2059
1310
812
3201
2924
1034
243
3380
1471
3353
55
3239
3736
1322
3722
2464
800
2291
1820
2332
609
594
3122
3470
759
3674
3871
21
2492
3238
3615
1784
3715
3852
717
328
332
270
269
1178
1967
3916
3869
1090
2655
2966
3588
444
2211
2727
4097
2712
2051
683
1944
884
3521
2376
517
2951
1140
1257
2771
2689
2461
2748
948
2611
202
1890
381
657
2335
3245
1216
2
3843
3365
1259
3810
69
1357
2197
1270
1026
3529
1756
233
3969
114
3246
1547
705
3532
2817
1690
1706
3888
3990
3555
3079
1306
2085
505
3820
42
1635
4091
3287
1995
2983
2567
1919
997
558
160
3189
2608
2715
1388
2769
3243
2311
1197
3456
4045
449
271
3868
2919
3227
1760
945
342
3982
2095
2344
1805
668
137
104
1425
1936
1970
1387
1680
1470
41
2875
1666
1975
1331
3714
523
1076
4086
1686
514
3202
3092
2080
128
2797
3913
1682
1659
434
3034
451
2926
2565
2134
3491
34
3435
3197
60
3960
3661
3684
3516
1669
323
424
2651
3480
1961
489
3124
3060
4100
2231
2249
3022
2973
3112
1410
2685
1652
509
3733
670
2123
927
1618
1097
1446
938
3493
2447
340
3323
2168
3795
3292
1718
2218
75
2384
3371
1384
3539
1673
1511
3806
3097
115
2160
2096
378
2720
1872
1600
3461
1629
3158
828
2040
2682
2577
1713
1284
3623
3617
3915
2402
1166
2977
4092
4063
28
1976
1440
3160
773
3709
2210
710
611
2019
504
1231
1752
2753
1134
201
512
474
3156
3834
1293
1521
516
2372
3766
10
3948
3369
3542
675
1606
2101
1494
2916
219
1290
740
2422
2760
3967
1877
3270
660
1663
952
2606
468
1816
116
262
64
913
54
2319
2216
849
3295
3212
3512
1016
3675
1744
1552
3263
3184
76
1060
3831
1159
358
352
2522
294
3178
2805
886
1399
14
1423
1315
1716
2331
2677
1908
2869
4073
3482
4048
2200
1153
1116
3198
2152
926
3021
3658
2812
2230
152
17
2417
1245
3526
1191
867
2629
1480
1581
2766
3017
1949
3399
795
2781
50
3541
272
3331
258
2476
2454
1968
3488
1155
881
1827
1631
2390
213
1738
2592
2929
4068
3129
445
2526
2087
3862
1573
3389
1798
3630
3818
84
1505
979
3750
1164
2997
1823
4009
784
159
3939
937
3759
3431
2633
3484
1406
360
2605
989
3109
3712
2362
1962
1443
3656
1371
653
2244
3190
97
871
2414
1905
1274
3337
2024
2877
3621
2620
2802
1313
2475
1742
890
38
762
914
267
1302
3388
2601
1613
3386
1654
1107
685
3341
918
639
1250
204
843
643
2948
614
503
432
692
3757
929
1411
733
1608
1177
2480
2038
571
2941
2648
2908
2923
765
963
2440
1959
1438
3883
1568
2584
3931
1207
3307
2964
148
1311
2990
1670
3659
698
3185
384
2114
3224
1746
3935
3664
473
3171
1114
1723
3577
817
436
3080
385
390
851
3618
3723
1650
1226
1504
2673
2588
316
4065
2443
2711
425
3808
3673
4033
709
1584
1403
602
200
1119
2847
4054
1061
324
3774
2013
4109
2108
1329
3344
1499
1482
2254
1021
1617
2849
3633
2176
3531
2240
3466
1794
1459
518
4008
259
2641
2262
2062
3550
253
3077
2843
845
364
2757
742
3343
2665
1206
1175
1726
1420
1450
1481
2363
2288
3336
1684
3223
1431
1472
1515
715
1272
1541
727
15
1405
1725
713
1612
2871
2393
864
3585
25
3007
1997
2836
1806
3211
920
3905
892
455
1898
1176
529
1730
1772
3682
3538
3850
839
1268
2807
679
3101
4022
3859
2649
2745
2307
93
3367
1326
3064
2462
2106
3893
2383
604
1960
3591
1895
2594
1227
1925
654
1146
3627
2445
3300
40
2879
2571
1131
996
3860
1941
1235
1087
3003
2139
454
2818
2276
63
2986
4019
2252
1462
1909
980
3638
3977
1538
1776
1956
3989
1003
1709
723
2158
627
1710
1840
1493
2190
261
622
440
637
2512
4101
3513
2356
2809
1136
2172
2458
1889
3180
16
3947
1374
2894
1412
1492
1184
281
2794
2124
1219
3255
3687
1622
3076
1614
3436
288
3535
2828
2407
2049
2374
563
2706
3032
1247
2833
2614
2209
3872
168
222
798
3902
1421
3787
605
177
3010
1277
1599
1557
2219
3968
1439
143
3143
475
1171
2466
1598
1147
1254
2036
3596
2250
1015
3400
879
965
1774
122
2294
1763
2207
2232
3824
1355
3297
2112
3726
1540
216
967
783
3146
3720
1032
855
2233
2159
1427
1243
2917
906
2938
1251
365
2438
1755
4083
1852
646
1434
2579
2783
3545
545
3299
3502
2184
3686
2373
2763
751
1604
3748
2573
1699
426
1337
2460
2375
1030
3383
499
597
2587
3540
2991
1096
3836
964
3826
1580
1513
155
1139
1788
2555
944
1873
535
1811
2795
356
290
1301
3327
2761
3738
11
3047
1286
1795
1141
2953
3119
3753
106
3667
1196
716
260
3582
4017
1736
2162
2524
2309
335
2343
3046
3439
3625
3821
2593
2810
3648
3713
1813
3176
3159
296
2556
2070
2837
3442
2485
3701
2328
766
1931
3976
1335
3457
2751
631
1524
3078
3783
1465
175
3802
3745
829
2726
3760
1930
3586
1295
3553
2853
2538
595
2442
3479
411
2165
2312
2996
1761
544
3477
2370
273
2782
673
1392
1965
882
1616
1441
4023
156
1834
1260
928
3410
3666
2149
778
2666
2717
80
1198
70
1115
3986
3252
857
953
3610
3858
1783
2823
2575
527
4047
2909
3044
491
61
3425
2603
1611
3495
2672
1287
3496
147
1234
1052
1923
2728
846
3403
2656
2268
1011
3228
2792
274
2077
919
3052
3357
3643
648
1359
2493
298
2617
3275
2722
431
2599
2299
2490
498
758
3222
1678
3505
353
2616
2424
3781
110
1828
394
3151
2146
3390
1404
1985
3949
2321
3796
1262
1379
3778
2932
3780
1478
3885
2432
3437
1571
863
883
1821
1569
1029
2103
3769
885
3196
2081
88
3611
490
2192
3322
1927
2564
2091
285
2005
998
2245
228
226
3816
804
2044
2861
3594
2543
3104
2411
2317
3321
2864
2505
472
1973
1502
2127
2980
2046
3140
2334
2193
1921
2345
3153
3743
775
218
1351
1548
2430
2273
3374
552
403
1846
3956
1332
73
2451
2827
3483
2725
3338
693
3191
901
3325
4064
2391
3728
2285
3844
2047
2377
3451
576
3906
2820
2595
4025
3428
3037
4020
1334
4001
2187
3997
2097
375
3689
3978
2959
1018
1149
1454
3020
3559
1204
876
1514
78
2437
297
6
3280
2540
2039
537
134
994
1937
2709
1729
3086
2072
2115
3215
3631
1305
2889
1508
854
3710
215
480
1253
3740
12
2885
634
3040
372
252
2730
3600
2253
3406
593
1078
3427
2246
3568
1321
3029
2359
2602
3498
860
2811
574
2191
164
969
3030
2933
1151
841
3023
408
2061
4027
1094
2229
3870
237
2681
58
3606
834
625
2558
3188
1419
555
193
644
1340
3203
2174
2107
1469
336
1914
572
2068
1893
1974
314
2581
2791
2974
3981
2151
3248
3269
2502
2764
206
1130
3250
2691
726
2009
1121
2650
1818
1672
2613
3262
2825
2105
1717
3133
559
3841
931
1561
109
2477
1506
249
2670
3473
3424
1546
2981
2925
3387
987
3298
3308
878
1202
2301
3580
887
1705
1978
1534
1103
747
1869
338
2167
3226
3320
9
256
2501
704
4076
2478
1466
1223
1734
1342
2814
443
4080
1933
2723
1291
3572
3055
554
1539
3873
1083
4094
329
2281
3051
3817
612
823
3260
3288
3334
2845
3351
415
1144
502
1549
2053
3994
2425
680
282
412
2744
2387
2214
478
1735
2657
2520
3008
3971
1946
3765
1447
4034
371
3273
1370
2890
805
2186
3695
1000
2426
2545
1050
3278
3259
2881
2248
1981
2170
1843
317
3404
3620
4096
623
2557
1692
3102
971
326
3752
2142
276
295
3558
19
3286
2576
4032
1486
2855
1330
309
1246
3861
1081
880
2386
1402
229
305
1148
1297
1028
2770
501
3108
94
2408
2444
4046
1479
275
745
3798
566
3468
3115
3554
917
423
3729
2098
888
2862
2774
7
889
1007
3974
3330
363
1945
4069
2486
74
2799
3958
1123
2950
304
3281
3318
1836
2120
2515
2878
2559
380
158
334
2839
2247
3819
1918
1964
3103
1542
4061
1883
29
754
500
144
3993
1987
2527
343
2298
3247
3372
312
2132
2256
2267
2266
198
2985
1887
3142
310
3875
242
3830
2336
1006
2203
3952
22
3132
52
2076
82
772
3741
3401
3992
3901
3033
3751
1955
1430
2366
1127
3026
2702
600
1609
3395
1651
1727
2798
3138
3652
4003
3235
3274
1792
463
1935
3828
2008
3499
1588
2663
2465
2848
1448
3896
3604
18
607
1401
1948
2463
2208
507
1422
2819
368
2962
3063
121
1804
1958
1796
3622
990
2590
145
3058
1741
3271
2952
3570
2639
4011
809
1754
1455
2434
2907
865
4043
0
2175
209
546
1266
469
402
2553
187
3503
2905
2471
3699
2135
925
763
859
2808
2289
1649
1347
2092
1926
1957
2457
1891
3249
2887
4050
2327
1063
2630
1413
3486
4056
250
495
2860
1058
707
696
1449
3282
3691
1487
3349
1428
1110
2793
955
1522
3679
3856
1019
1162
1005
4026
3339
822
1084
1457
1012
1088
191
662
2913
3547
2517
3478
2119
3002
1544
4002
3528
3384
1458
1393
1353
596
3346
2786
3011
856
1671
2136
1233
3696
2215
1376
506
1252
1248
3530
1591
4081
90
3316
2979
2772
3179
1048
3447
2856
3209
1111
33
3754
232
1054
1014
170
580
2509
2141
2304
341
3791
2710
1145
3423
1165
3676
2554
585
3959
2014
1396
2271
1369
3284
49
1444
551
1854
3422
1980
3375
2156
211
1346
3232
1137
1271
3333
2410
3350
3472
2999
1375
1415
3045
1230
1194
1179
3951
2824
2892
126
2920
2516
2935
483
534
3519
2940
1436
331
3028
966
470
4093
2403
2163
4107
3443
3786
642
2664
968
183
1655
3234
3730
26
2050
2874
1922
255
173
1789
1077
3700
2030
3394
1602
661
2109
1954
2116
2806
3291
2347
2495
3313
2679
2927
1951
590
1350
2787
3068
1209
1694
3514
1106
961
651
212
1429
894
2865
414
4070
3970
1860
238
2503
1056
3220
1109
1154
1523
3895
1553
3110
2623
1474
3711
2867
485
1911
291
724
2960
3665
2767
89
2034
1901
4060
2669
458
1593
4029
2703
2066
2355
2511
3887
3608
1564
1265
2409
79
3777
3716
2943
3364
2006
577
774
568
2487
1913
3837
442
2510
2549
1489
3014
3739
3899
391
2903
1398
756
3200
3430
2976
72
1648
767
2220
3876
1934
2740
1681
2700
3152
283
1010
515
2850
3289
985
1218
3082
3116
2852
3277
691
2528
4075
1498
182
3362
1496
557
3182
2401
3878
1558
1799
3137
528
1205
203
2752
2270
1576
2647
2243
3575
1142
3641
3560
3669
3698
2346
3131
31
3267
3864
1737
561
3776
3361
4014
796
98
2274
4090
1832
2636
3006
2482
313
138
3919
2788
3114
3829
1456
1835
1610
1780
3177
1161
1917
2446
3302
706
1484
1939
757
1220
785
3393
689
1468
1232
3043
484
188
2010
3062
4059
355
3583
2292
3991
1491
719
3602
2750
2367
3926
1320
3681
3125
241
2958
2583
2560
43
1120
2002
3296
3894
4072
2866
3900
1221
3833
3345
2297
268
3650
3520
1477
655
3089
510
2275
3067
3814
1485
1071
3445
1467
699
2883
2239
149
3922
3613
1039
2308
1841
406
1577
2147
3454
1712
908
1781
1747
481
3881
701
626
1426
1503
2089
3057
982
1953
2707
1042
1697
1715
44
246
2840
240
3411
2306
325
816
2842
2570
3254
100
924
3601
1378
3455
3194
1113
1683
1383
2626
103
2701
195
3561
2031
2406
904
2395
3205
2684
1294
2330
3573
1808
2071
2064
3041
3219
3446
737
2566
2436
1125
3136
3946
3880
3154
235
893
3319
2742
3933
949
2539
429
3463
1762
610
907
3517
1516
2035
866
2043
2131
3865
3811
234
2784
479
922
39
1855
1367
1830
2128
3770
265
2970
1323
575
1122
3957
1339
2542
1338
5
3647
3907
777
1102
3961
2675
599
3310
3576
3305
388
1518
225
1632
2870
1044
532
1802
1150
181
1984
2872
3009
3206
1187
1596
3804
3779
943
3552
656
3522
947
2361
3382
1024
2541
2777
956
3794
3130
2419
1551
898
2714
3105
2293
2738
1801
224
793
2455
3230
941
632
2022
2765
3874
1809
1100
3645
2369
3100
3312
3256
27
3890
136
1169
1239
2021
2380
2873
852
4099
1336
3356
1879
1530
3708
3734
2884
2404
1089
1017
2173
1771
2550
3549
1619
1885
3579
1152
2280
2987
2615
1785
4089
2324
2930
2399
496
3835
2634
1361
351
2598
1867
57
2322
2551
1036
1316
277
2075
1394
556
1237
531
2227
3785
493
2392
1373
400
3373
2435
4035
2622
536
257
628
993
3605
2181
3429
1859
2033
2078
359
833
1807
1704
1640
439
962
3655
99
1043
1615
674
1570
3053
3093
3265
2353
3509
3756
4039
3421
3718
4087
4077
2582
2318
3537
2758
302
3001
2251
2896
769
1217
2433
2914
738
3642
3433
2898
2223
1533
787
151
3616
838
354
1903
3886
23
163
4
3607
1201
3459
2747
2396
1943
3920
1800
1129
2947
547
3084
1173
565
933
1525
3193
2530
2859
3396
1565
2801
1075
1853
617
2780
2568
2704
46
3975
2381
3842
35
407
1582
899
286
1203
959
1483
3639
2286
3543
3731
1035
2314
3628
3762
728
3725
1073
171
1224
1543
543
3199
2339
850
3414
3453
1068
508
3805
780
2282
1289
984
1283
2699
2351
4058
2011
2625
3963
2789
2364
2912
3563
3840
2340
2931
2398
1417
2265
2637
71
2688
67
446
2724
1707
1325
405
2198
1138
3889
1929
2000
3381
1364
2086
1938
32
2354
427
1040
4018
1299
983
3508
1211
3597
1764
1382
3314
2692
396
2379
3183
2420
1065
2255
2140
3938
2690
3761
95
398
142
2212
3309
376
3096
3432
2961
619
383
3012
2891
2323
2731
2179
2971
1743
1009
2569
1002
2048
659
2350
1592
1526
2534
1787
416
3358
3409
1341
978
2428
1188
1185
2586
3632
2349
192
2693
2803
1025
3688
4105
3755
1825
1817
2899
1864
3139
1601
4071
3413
981
3348
1657
1389
1636
3000
2001
1362
3208
2832
346
1132
1099
2225
3492
598
1045
1345
3912
3891
1190
2775
3510
3013
1212
2026
2514
2610
1915
1356
832
665
1849
2696
975
2305
1769
1845
2352
2776
3657
3589
2546
872
1280
3016
3168
1013
3164
1408
3187
731
1215
3581
1527
3612
1942
66
337
3363
1390
3487
1385
344
1779
1838
2773
3942
2497
3233
2868
840
2484
2012
3849
1
539
2829
2429
1698
3962
848
467
1897
1255
3039
3966
1630
870
522
1658
4007
1064
790
1856
2083
1920
251
1924
2762
2779
3866
589
954
2182
3945
2800
3797
3419
3283
345
579
3943
3980
1495
3449
1507
399
2499
972
2153
1174
1432
4052
1837
2631
382
988
2074
47
2342
2743
62
2133
1304
2473
1536
584
3379
2591
3525
3587
3853
1104
1566
620
2994
2073
3385
721
366
1365
497
3035
992
970
210
3090
3595
782
3264
3111
348
2984
2835
3813
2264
592
2643
2224
1008
3091
4044
1189
2500
1343
3072
1157
1647
2405
3663
1912
370
1463
2302
1768
807
3724
1318
207
3578
1882
1023
977
2821
3144
101
1689
2205
3904
697
3917
2084
2104
2733
1559
3415
141
652
720
303
788
1767
146
3217
3930
349
3004
2597
792
3590
874
3934
1876
214
1038
2967
1512
2734
3603
1181
1435
1989
2768
3075
781
2755
819
1634
1928
1453
1349
2708
789
896
2326
1803
1352
1642
3398
1500
263
2316
2893
1451
1687
875
2111
3474
744
1437
1826
3879
1833
1691
2385
2069
2082
2911
59
172
3402
3732
4015
2936
1656
3574
1228
3851
2732
2427
3038
818
525
178
3789
2965
3775
392
664
2060
1275
2904
3758
2015
3444
1585
3276
1101
1731
3518
1575
287
1870
247
3565
3167
2449
1607
4037
3507
433
853
3213
2310
3145
3953
189
4066
4088
1886
8
1719
1092
3772
2448
905
3704
2674
2155
3954
3244
2718
3955
2416
3279
1810
2876
1308
3803
3098
910
3500
799
3272
111
3218
3544
1240
3506
3420
1902
615
3366
1244
2716
3027
2145
3950
2618
768
847
3848
562
456
1972
448
2632
3812
289
973
2102
3163
991
2815
2054
1996
1778
708
1977
3706
377
2452
1839
3742
1098
2993
404
1281
3592
197
1256
2612
1847
236
1037
1597
770
2498
1858
2079
1282
1881
3083
1442
2922
2561
686
2537
3924
1210
635
591
1700
718
2695
629
3767
4004
1273
167
2975
2644
1863
176
694
1317
2741
367
2206
2928
2658
1603
1298
3166
1773
3150
154
2969
734
1979
2032
2144
1583
672
1722
2394
521
4006
1133
520
542
1963
482
1850
2882
3533
2627
221
2260
741
1238
2058
844
1307
2668
1766
419
2171
3546
3465
3646
2042
1988
3965
2638
3788
3050
2261
86
1644
2329
1047
3941
702
3352
3653
2400
179
3940
820
1685
194
3897
1986
2978
3964
279
1966
934
3204
3469
3629
3207
638
526
1397
1563
1829
199
3693
3418
903
3567
3489
3925
2412
3172
3426
2118
1407
293
3127
1702
2121
3467
3721
223
2277
1051
538
2949
802
3148
1579
1333
3671
2431
2110
248
1874
541
4078
3697
1732
2496
3475
1983
582
2910
2453
1416
3285
519
2183
3069
900
3928
2283
113
2269
1473
1080
3210
2521
3660
3680
1263
4041
3846
2897
3637
1236
1667
2337
3294
2177
640
2221
1059
641
3161
2413
4067
2531
915
3908
239
2065
1128
3120
1993
2483
2287
2125
1916
3240
1344
722
190
130
2382
1550
511
307
1020
2016
1354
921
447
166
2279
1775
3909
3867
3914
764
2719
2284
3998
712
3515
2126
4055
120
3927
2348
3049
1624
736
958
2007
428
811
435
3293
570
3534
1167
1213
1862
2536
306
1168
743
127
96
1269
1225
1303
3972
386
588
4062
771
308
4103
1866
3557
2589
2088
3988
1892
2796
3416
2858
814
3452
2697
703
3173
1093
48
676
2525
4051
1249
821
477
1001
1782
284
461
245
951
3792
624
1724
3747
1279
1158
3464
230
682
3157
3181
714
3832
2450
1822
2804
3910
3564
1824
4102
2844
2628
3448
3005
4108
2659
1589
1899
3799
4038
20
347
205
450
2600
1708
3845
3117
466
2469
2204
2532
2137
548
2822
3317
417
603
666
318
2470
739
1875
1033
462
3391
2303
803
227
1728
2222
513
1172
1520
2099
2652
3892
2397
3614
2180
3683
2166
3511
140
1400
1797
2609
1027
1242
658
1900
2621
3441
2148
3996
730
161
438
36
2826
1861
3995
1643
1309
1285
2946
1676
157
369
1124
2057
1677
3450
1241
1200
3192
613
2100
119
1888
162
725
3822
3347
540
1894
3147
1072
4028
2150
2544
3800
2020
1264
3019
2055
339
4098
2122
3113
87
3354
3936
3523
2642
1621
3634
3134
437
1812
1793
2037
650
1531
2468
831
3801
2257
264
3071
2052
3315
3056
3332
3376
3407
3370
3087
2300
1594
457
1199
3793
1814
797
671
361
3497
669
950
618
776
3094
3195
3823
3268
1182
794
3368
2295
573
895
3649
2094
1952
3340
3707
2737
2467
2653
1831
2901
999
3054
2729
3123
1620
2749
862
2272
2841
1067
1664
129
932
1851
2676
220
3937
2441
321
3857
2529
2886
333
3412
3251
549
77
3229
3061
3326
3085
3923
2228
3524
2857
616
3214
869
2785
452
1641
2029
560
3640
2957
2018
13
2816
1022
3073
2915
1276
3626
1261
1163
410
3551
3921
2680
91
2934
2838
3328
409
117
752
1324
1907
873
1969
1360
2939
3790
1786
3768
1790
2341
2518
601
1193
1327
3042
2635
2238
123
1488
1998
1192
3562
2338
1842
2667
2646
1086
2472
3593
897
2562
2831
1625
1186
1765
4010
3584
976
1070
393
465
2671
1366
2365
3434
2017
2736
2004
2278
779
4031
3527
1637
2739
1567
1848
1095
3169
1049
3342
2945
1751
413
3636
1031
2694
2494
476
1445
1844
2661
1940
3827
3355
2263
3471
1910
4016
1740
3746
174
3015
4000
1994
753
153
663
24
1079
2972
3306
2199
1288
3609
85
3854
2624
125
2846
1555
2580
4104
3501
2113
266
3059
3979
1665
3685
1674
2237
30
1461
3764
1348
421
3242
3719
1556
3128
3135
902
2574
606
487
2955
1701
1091
2888
139
1418
1871
533
2906
2548
131
3773
319
2645
1386
1758
1815
3290
1066
459
1721
3987
3690
4021
1745
2686
940
1578
3036
3737
1739
1041
3571
2129
2045
2333
3898
909
3654
2902
957
401
2226
320
608
1679
2423
3165
132
350
