2319
2144
2500
370
1905
1
1342
565
2528
3061
1005
110
176
2840
3065
981
147
228
2280
1967
619
2793
2454
401
1382
1593
2770
516
327
1940
169
1413
1186
2511
2175
157
734
1294
2917
2524
2741
2766
1633
3175
896
2466
1775
2057
748
37
1296
1187
1975
1743
1928
2665
1723
606
2406
2015
65
2148
3255
2285
3116
3103
1834
1471
2405
1635
1236
46
2492
17
1769
3236
1066
473
3163
750
1903
1180
2076
2957
1214
3055
84
1912
1520
1445
2192
989
2497
1455
145
1386
55
885
1067
177
1647
807
1827
567
667
2198
1605
3075
1721
1038
2310
1222
1987
1119
1887
1629
903
645
3070
1242
755
2458
2966
2097
1525
257
1446
631
681
1709
3233
1450
690
1994
1301
3104
95
2534
2377
545
1243
1423
3185
1467
1287
1563
1220
1417
1403
3256
3231
3199
173
2288
1051
1469
40
2586
71
1421
1274
2777
2625
3173
1336
78
14
669
1227
2289
2964
1374
1173
1964
847
2237
99
2230
2023
2744
2356
2409
2685
447
683
2577
221
2266
976
1871
2488
2197
3169
2434
2433
705
3
2489
1820
1991
1113
991
2115
1660
1188
2039
2752
326
2305
2842
2242
1474
260
3162
3141
2186
1323
2696
572
3221
2763
1681
1983
2009
2326
1104
131
852
2643
2362
3002
1772
2187
1877
353
11
2772
578
1503
1935
2264
1501
242
810
1158
1493
1782
2700
2193
3037
635
1390
435
1997
2880
2404
2780
1527
915
9
1383
965
2133
892
1577
651
1667
4
2170
902
3270
1300
1268
1688
295
1372
793
702
770
846
1256
664
2147
1974
317
1776
161
2812
2936
2301
227
1263
2256
2262
2176
3213
1343
998
231
792
1497
8
414
768
3030
1626
505
31
2967
1369
2678
3183
2775
1098
2655
2392
3039
1510
877
1639
2272
3171
2932
1774
926
2381
1111
441
101
2573
2053
2318
2121
724
1107
2647
1913
3074
1538
1221
193
1945
3068
1924
2001
1910
2628
2026
3269
936
1528
1869
1185
2830
2402
1486
597
2624
1791
1788
1978
3218
1352
756
265
1116
2859
423
2315
3034
192
909
1627
156
92
2767
584
2096
2443
367
21
2238
2761
2666
1558
1642
940
97
878
1927
2491
2785
860
471
857
1868
700
1396
2952
2436
1916
404
2533
1949
1536
1670
18
884
1719
2981
2432
2818
2089
136
2046
2332
504
798
2535
2431
1898
3209
2208
150
1052
2130
1902
411
1465
3244
2322
2857
568
430
2703
384
2972
2254
2273
2750
789
1634
56
2976
555
2831
948
2415
646
2502
2810
2231
196
1322
3154
1829
561
1145
2314
1415
2610
682
2965
904
2410
2226
2241
422
1617
2325
202
3226
363
2525
134
821
2450
3182
1482
1873
247
1285
2169
740
959
2212
3102
1019
3167
2307
26
2297
3044
1485
2740
448
2516
2105
1867
57
1226
2738
2674
319
1391
343
2973
3007
2508
2196
1110
87
1762
2657
928
3028
409
1632
2664
3263
1429
243
1407
2178
1672
2520
253
207
281
874
3153
2426
2363
1084
2671
1389
588
808
2860
3200
2729
1313
2838
1904
2907
2537
2806
259
360
2149
1880
2216
1686
950
2675
1601
2783
302
932
2566
1096
1661
1476
1896
980
1259
1679
1069
108
1151
1400
2213
2006
2921
1399
2123
1546
2185
611
2141
2157
1702
2922
1899
371
2884
2156
2292
2247
929
153
3024
115
2501
2101
783
3272
249
721
42
2286
2946
2055
1167
554
1082
395
720
2653
3181
2852
1590
927
74
2995
2927
521
1463
513
1094
3092
1836
1517
1039
3148
2540
1822
2916
1659
3049
1483
2379
963
1441
742
494
2201
895
2004
291
440
2221
1653
1989
2296
730
1714
615
1874
2041
1550
577
920
2412
2398
211
1102
1630
2485
1993
2652
1737
264
2218
1846
2833
2531
749
1454
52
2549
2924
1511
347
485
109
2251
1919
1401
1447
237
1335
589
1832
2788
224
2065
1954
1356
2773
2374
385
23
140
658
1936
984
2154
1729
971
1481
2462
771
1524
2639
3207
2832
3186
3014
1812
1674
777
472
223
3056
3113
160
168
1358
2183
2367
1856
139
2937
402
648
2013
2558
469
478
2366
2073
1496
1833
2171
2756
1002
500
1055
1789
1830
1077
977
163
380
975
1597
357
322
2308
2567
804
3090
2303
454
1081
1758
818
3045
2043
2844
632
1840
1574
2834
639
1345
836
258
2257
556
2699
1191
1808
394
2052
596
2490
1044
2168
2638
2915
897
2817
2440
1206
234
2400
2985
1394
3247
107
13
3106
672
1075
35
3229
1073
2746
1918
785
1752
1780
2375
1431
2799
492
3029
413
1676
1491
2347
3223
1615
3084
2597
3202
879
1540
1025
2754
417
1656
174
1853
3130
170
2873
2948
1258
2344
155
502
3004
2348
1363
3001
2357
1569
235
1149
1354
2663
217
1826
1793
2383
1892
800
956
3275
432
1416
677
1063
1362
1509
241
1747
1128
2888
2627
2066
1720
514
1169
2071
1984
2820
3258
1911
2512
2930
2854
569
2184
684
328
2588
869
43
562
2063
853
3239
2896
162
2260
2742
759
953
1932
2899
403
738
2219
2776
694
2604
1803
1269
2695
3016
2316
506
158
1027
2863
2928
2962
2858
2425
3274
1473
2494
931
883
29
3254
2835
2710
1224
538
197
2086
1291
285
1946
1952
1572
644
985
1092
438
79
2267
649
2103
1030
346
591
407
263
3203
41
2945
1499
3156
3193
15
2855
2849
1419
1201
1254
1443
229
1164
983
2690
3212
763
1646
1289
982
2109
872
2493
2306
2424
2886
2826
3053
575
3139
1931
3165
16
396
2188
267
2983
671
2294
2753
799
623
1921
3126
881
3157
617
1673
1101
816
1864
112
474
727
2706
2420
2456
1360
1034
1011
867
2452
2235
1370
1636
882
766
2728
997
935
72
195
1537
999
3166
2837
2953
2094
3271
1195
1233
1245
2268
736
2693
1768
1516
1933
2680
1408
3184
547
2668
1286
3279
76
2861
1622
2757
138
2596
83
1875
946
990
2399
1480
33
1341
3066
1695
311
2552
2137
3217
278
2726
3134
2116
2281
2255
1318
2612
358
179
868
2970
890
1726
1962
2673
376
2940
2114
315
3101
334
2165
719
1333
656
1194
201
392
181
3019
2631
2246
2543
1327
1897
1621
1161
2961
1060
826
3228
1204
1142
1589
1284
2506
1753
1275
1436
1641
1410
2661
782
1466
436
499
2438
123
273
1522
2545
3225
2164
3227
2990
2725
48
1950
2677
802
1091
741
262
2261
2651
2119
1053
1837
1302
1706
2132
3253
244
3230
2950
3232
1731
511
743
1288
2600
1599
837
1901
386
1942
2667
2214
27
1861
335
159
3110
2455
1427
483
582
626
539
916
2207
3151
225
2343
2461
456
2429
2229
213
256
2031
2980
3187
457
63
2641
1163
3094
2801
2959
446
2582
1843
784
2428
2174
2275
659
2482
166
2269
470
1315
2293
2660
1089
2135
1671
2659
1385
519
1947
1930
362
1177
3214
3020
641
618
2211
428
365
2079
602
851
2654
640
2370
366
945
752
143
60
620
2329
44
910
2691
1852
2064
337
2894
297
1948
2095
152
2342
218
1042
282
3179
1353
1071
1939
566
2038
2027
2901
2376
352
1074
1668
1355
1770
3219
3220
2045
1314
512
3135
613
642
1711
1923
374
592
1231
2862
3140
1219
305
1970
1018
1316
2099
2871
1996
1740
393
2138
3050
1915
50
3052
372
2134
708
307
1028
2232
544
1678
1000
167
445
2679
665
1438
2351
151
3033
2939
2662
2718
2014
693
1015
1283
1043
2561
709
733
90
1556
359
3083
2997
1070
1129
1885
1378
2155
1543
1683
2340
1257
2559
3022
2224
124
2056
208
1139
531
1347
688
685
1200
373
2626
1573
1392
680
3123
2190
318
2408
1564
2874
2715
1544
270
2459
62
1192
1555
2622
2480
2283
2151
1663
911
1237
507
2935
1337
2682
2049
369
899
1292
1746
1966
1882
1351
2024
1571
2869
1054
2441
1365
2504
1124
2473
3048
3040
210
3018
1425
2300
1734
718
2931
1704
2522
1031
1692
722
3122
1024
408
1490
1059
830
2550
1881
1998
2139
986
2694
1756
342
823
3097
1847
2633
1624
1602
962
1570
1262
187
1064
200
3191
1106
2900
704
350
3131
1305
1842
1451
2735
2689
298
1160
3125
2146
643
2354
1751
2401
666
1766
336
1777
1738
1968
1675
2906
1549
1783
1136
3138
171
1922
1733
2320
1218
420
2934
2883
1457
913
2958
66
1817
2233
1640
1990
581
2688
1099
2051
219
2542
1175
3242
1387
1050
274
508
996
559
918
1267
1414
1863
467
382
491
2449
1047
2008
172
251
415
728
625
1246
1418
2021
1914
1398
3168
1876
2126
607
3267
1849
1293
2623
673
1649
2002
923
3109
2919
3062
937
2568
1811
1730
1759
2644
2360
184
3224
863
930
978
1551
3009
2033
351
1178
1003
2968
1925
2036
2828
1612
1216
198
2411
5
1144
1303
2369
2181
2471
2722
2748
1033
1078
45
767
2453
1513
1941
2368
657
2240
676
1794
1682
739
279
349
1825
2974
579
261
2107
2843
2194
2481
450
1614
2413
536
2720
603
332
2291
1889
443
1114
1554
1461
917
1813
2470
1618
3108
339
425
822
1895
2808
908
560
2918
1046
1271
1251
1929
2979
2602
2395
3281
2570
1494
2529
1575
125
1920
2182
464
1477
1960
2723
1115
1123
3197
1433
949
713
1460
1963
1858
1741
944
1239
2996
2486
3015
1705
1009
1299
907
271
117
2205
2177
647
2592
717
580
2583
3201
1182
2457
2786
1434
1260
1420
968
3241
2947
388
1855
2313
477
3117
3021
523
2085
24
1739
3081
1026
2223
2030
486
1189
2955
1725
2630
276
452
960
355
1083
2702
1866
1999
1804
1266
2328
687
1172
85
1872
1717
1684
1693
3188
542
1004
2893
2617
1698
1851
1422
1784
1209
781
1519
462
1609
2984
2078
2616
1213
3261
135
1535
129
525
3245
272
2159
2203
1472
2084
2593
1210
2553
1806
1148
995
1763
2765
146
484
1708
1458
230
1862
120
2005
1888
2416
2442
2608
1279
1127
1320
2538
2345
2472
1152
28
1818
764
1521
1579
321
2809
1234
427
2445
838
1331
522
1228
104
1076
2866
1850
827
2716
870
969
1086
2279
3189
77
774
835
1760
2276
839
2870
215
2346
368
1715
19
2632
1317
637
744
3234
2872
3023
3132
1023
51
2541
2575
1058
1040
2709
2851
509
3198
191
2022
2102
2670
1900
3266
2364
1159
2601
1909
865
691
451
1625
1951
2464
2789
3176
541
1272
389
102
2579
2378
1131
2721
1065
2239
2796
1972
1321
3222
924
2747
232
3180
2768
1690
255
3276
3000
2732
3129
2636
943
2988
2025
1035
1542
1841
1020
290
842
1240
701
1409
2054
1488
2764
1559
1845
2475
2498
2108
2417
608
2336
757
967
1616
2877
1006
2422
3119
2180
2331
2334
1961
534
1202
1819
2977
482
2719
1857
2822
2518
2791
1453
1797
698
703
1694
2751
1638
2743
98
1767
600
1238
1606
1620
2418
3006
2250
616
829
2338
1584
2278
88
3208
1435
871
453
2029
2807
3093
2507
761
476
2755
711
1085
2589
737
2847
1541
2330
479
2771
2521
2104
2605
1515
3262
1799
1652
1162
628
550
89
1665
712
1375
2483
1534
299
660
341
1304
2317
594
1980
1595
1492
354
1854
574
1809
1645
1072
481
1147
49
1371
2476
2341
964
674
2430
2050
1270
1828
2532
2222
1816
2912
418
1278
32
1404
397
1311
289
3087
433
1368
2823
3177
498
1973
348
2865
994
3240
338
2304
1223
2439
127
96
876
2122
455
2711
1388
2277
248
1014
576
549
1848
190
1722
528
2905
1373
795
3142
3124
1036
2335
1699
1506
2797
517
3170
3026
612
1712
1917
850
1359
2551
1432
595
1795
233
2080
2075
2618
1977
1056
954
1197
1588
292
548
2790
2460
3204
3031
1250
3249
501
3195
1596
1470
3237
894
526
308
2077
387
1008
2998
862
1395
2067
675
1273
1894
919
2003
2018
1280
3265
952
36
466
3115
286
3235
1062
1934
312
2942
2037
2435
2172
2829
2200
1462
1810
1778
1452
570
165
524
1604
1988
1001
824
875
2478
1393
779
638
2467
1384
3250
2245
1312
571
212
1608
1126
859
2191
3063
316
2249
518
3149
1244
886
1297
103
489
429
1437
1533
2236
214
2634
2371
269
2210
747
769
3111
2676
1644
1860
699
2093
689
2365
2069
803
2397
12
2382
1298
3128
1367
966
3248
2598
497
3216
1986
3042
2258
533
53
1580
760
2358
2556
252
1583
2298
2687
633
1664
775
1651
194
2576
2909
773
2707
1696
80
1761
1156
1586
1906
715
2708
2324
1514
1547
1498
889
2898
2557
1831
1380
1411
294
735
2048
3257
1518
2515
1958
1080
765
3078
1326
1700
2724
2991
2503
1165
805
2620
520
856
1957
2070
3155
540
1007
3041
726
488
1680
2484
2163
2252
1379
3133
941
2986
1666
723
1891
678
970
2811
3091
2162
2349
1691
3057
714
1713
1424
1757
1444
3013
325
1032
1727
1010
3259
2150
1045
2513
465
866
922
20
22
812
1969
3105
1728
893
921
1557
762
2762
1350
2704
3036
2642
2088
586
39
1587
2352
284
458
2944
751
2571
390
3107
1838
3127
1658
2091
54
1212
1112
841
2603
2645
1364
2548
947
1648
2386
790
1290
3280
2648
245
1754
2784
1619
2062
796
331
1890
806
2816
86
3017
831
2569
1718
2284
861
1750
873
1955
1097
148
2167
2745
746
3011
2621
1703
3172
2463
2613
2908
791
3190
2895
128
59
1325
2215
801
1552
2640
3086
431
118
301
1532
2487
914
2712
1478
1835
2034
1764
957
2562
2179
1883
2016
3178
1061
2444
634
864
833
2560
745
1865
2845
758
460
2902
2650
780
1381
2781
2160
246
2920
3079
2120
3082
116
2106
2982
515
287
1578
1095
2881
654
2565
2737
3067
1130
1230
379
1607
186
1749
3069
1349
1153
3100
834
1657
2853
1567
1814
1802
3161
951
1168
496
2683
2734
1181
1157
1582
2
1893
3152
2813
306
1507
1309
1211
2802
280
2731
1956
3277
590
1839
277
437
630
2468
692
2474
2975
2059
206
2572
1412
1261
1281
3147
141
2554
3005
1479
2978
2527
1548
662
1013
1324
527
487
3072
2669
1529
1215
238
2794
1724
599
2798
1560
2505
1241
2270
1800
3010
1247
788
2701
1344
2698
142
2421
3158
2792
2068
1685
1205
288
3145
1118
696
624
1710
987
543
725
1428
2243
3095
2954
1037
67
1105
1610
1087
610
1531
3120
2047
2891
2803
2311
300
2563
1190
2477
3246
3099
2611
1500
2361
406
2681
2225
30
3251
843
2686
6
605
2705
434
2302
2514
2585
2736
820
2887
2774
2637
2882
2295
1701
100
419
2495
2846
1122
240
2759
3121
1598
199
2090
2448
1442
2423
3137
1121
1125
2536
817
3058
2248
449
1057
653
1771
2111
679
1637
1016
939
2044
236
38
3278
1135
3192
2615
1561
1591
2028
1790
510
119
621
61
185
314
1824
1669
1504
573
2017
1464
1908
2337
320
2815
0
2321
3054
2407
2244
2153
2136
2805
3136
2714
2451
1505
329
2879
1138
1306
3085
900
901
144
3243
988
2007
2189
2437
2128
178
2394
2778
2060
2173
2546
2999
2800
1397
2867
1870
2465
1146
381
1176
1232
1745
364
2127
330
1662
2574
1971
1707
537
2510
1755
2591
2204
2910
1562
2555
34
2112
2539
1166
1965
1132
3164
1748
2479
1348
2782
2607
753
1600
3273
710
1109
105
1199
1995
10
503
1339
2938
1208
2158
2035
2713
1508
266
303
2234
754
887
1796
3194
3032
1179
1198
1523
1742
378
2890
1310
2547
2526
905
1792
840
2850
3073
495
391
1307
58
2124
1068
2040
1879
283
2098
2087
3150
563
1140
268
1406
2987
1807
934
2878
731
1687
47
426
1108
296
2956
2692
1330
2897
697
2733
2971
1170
2010
1594
2941
2140
1143
2760
854
2875
1346
1328
2000
2083
3174
2282
1992
1448
1196
655
2749
2992
814
891
2779
2839
3047
1376
1484
475
938
1944
2951
992
3077
1732
82
557
2656
3088
461
398
442
81
2827
1426
2994
809
1253
293
2391
2058
2821
3264
844
604
220
3080
729
961
661
2795
2131
2113
1937
70
1252
811
1979
1229
1798
2353
707
1022
1277
1120
3064
1716
3252
1781
75
1088
778
2876
1338
2469
1823
106
2263
2892
2496
942
1225
2414
2206
2969
164
855
2587
2125
585
1041
564
1295
1475
2635
3051
2646
2074
2889
650
3012
2517
553
1334
552
1631
636
1029
1603
1985
1959
2848
2380
794
1926
1319
1611
2499
1565
468
2161
3268
1155
2730
1137
958
828
250
2312
2081
1141
1953
2963
275
2804
2061
1171
68
1090
1361
1093
226
412
324
1581
2856
94
2387
1735
2885
3144
121
1697
1017
3215
2933
1255
1786
189
1265
3260
2012
64
126
3206
2019
1650
149
2339
3060
1907
1495
3159
532
668
2864
1773
1576
3003
587
1654
2578
154
686
1859
546
2092
2993
3043
444
2594
1677
2949
1878
2396
2011
2110
3027
2372
2564
333
93
399
1787
1545
2143
1628
2684
114
2145
345
2427
463
1643
2925
2923
2389
819
972
813
1530
551
203
974
3143
340
3160
1539
2209
3114
1049
2359
3076
1249
629
2199
183
1585
1332
652
2904
3098
663
2299
25
3046
2523
2609
993
2697
695
2082
2989
2658
1884
1886
888
1402
209
2042
2868
1248
1785
609
933
1184
2825
1592
1568
898
1439
2929
2960
2614
439
2390
732
1193
3146
1134
344
239
529
2220
1623
410
3118
670
849
73
3205
530
180
1805
858
2509
2758
2580
182
2217
1736
1982
175
493
2739
205
2202
313
1012
2259
2385
973
2274
1689
310
1150
1821
1468
1655
1133
598
1844
2769
2581
2914
2926
1981
955
405
2152
815
2228
3196
1489
2350
361
1553
912
1357
2606
137
2419
2814
113
2271
2824
416
2117
2595
716
601
2447
2388
2943
375
2403
1366
706
1566
906
1512
848
2227
880
832
3038
309
979
1100
2629
377
2590
2100
1938
1235
1765
1801
2355
2253
2841
3071
787
1430
400
2309
91
1183
1276
1487
2717
3096
1377
593
2118
1021
2599
797
2649
2727
1779
845
2619
2446
2911
1117
188
2195
1405
1440
3035
2129
2265
2166
1203
2672
2323
254
2327
2836
3238
776
2142
1264
2530
3112
3211
583
1103
1459
2333
356
3059
1207
825
622
424
614
2913
535
558
480
133
323
2287
1526
2072
459
2032
3008
1976
304
2020
1943
3025
2903
132
383
2544
2290
222
122
1079
925
1048
1456
111
786
216
130
1613
2819
2384
7
1815
1502
1308
2584
1329
204
421
2393
3089
772
2787
69
1340
1217
1744
2373
1154
1174
1449
2519
490
1282
627
3210
