2906
722
1866
1130
1590
295
65
760
1346
2209
1611
1506
1799
1193
1737
90
2473
3574
2938
1174
97
3422
663
2009
3466
3046
966
1045
2023
2740
2527
3464
2276
768
1493
3025
926
2762
779
3492
2915
1997
1787
1264
111
474
409
3468
2949
2113
911
1446
1184
893
3095
634
752
429
694
861
2099
3250
886
816
983
1301
1554
3478
954
2752
1168
1077
3418
1923
2972
383
3538
2710
1401
3244
3383
3219
929
2117
863
2394
182
745
916
2722
51
1836
3335
820
152
3508
2408
2644
3128
1985
2538
117
587
438
3191
5
2687
2241
3504
1036
1180
2206
772
2321
1550
392
27
2323
1219
2570
1898
2965
3037
2994
1670
2267
1867
2240
3194
1093
55
3475
1171
2333
3417
2379
858
2332
2351
1328
3443
2353
464
1155
1246
1957
988
2592
431
1469
2954
2363
1209
3279
1386
1158
963
237
640
1398
834
1856
1660
2239
2882
1343
870
1206
500
2327
377
3437
3016
1558
1330
3322
2662
367
3187
2651
2301
1766
535
2854
1582
2552
18
3553
78
1134
1850
788
1096
867
1413
925
2903
109
1764
2238
2531
2176
624
407
3136
3473
2787
3251
2050
3183
2738
3262
2365
1357
2245
3390
3315
2228
170
236
1348
315
2116
1748
649
3552
1536
1983
2676
2984
515
651
1767
2022
552
3447
381
3112
2355
1701
2829
2683
3387
3146
1026
3239
1565
2869
1882
2900
1298
2170
104
116
38
2782
1012
2182
711
1828
2600
76
869
1548
3459
2758
99
719
2029
1861
106
792
39
1691
1925
2264
577
1352
2293
3079
1459
2441
1720
2227
2973
3542
3007
2032
1319
874
3088
2872
1131
3077
2848
485
1084
1714
2335
473
1032
627
1501
502
2726
3495
1233
3182
2342
2797
982
3164
783
164
3198
1417
2310
1321
1815
3309
225
660
3324
2340
990
2857
1703
838
2883
2401
905
1829
2930
346
2468
2042
2586
799
1152
2234
2389
153
134
735
149
2349
1654
2231
3082
2611
2950
102
2879
2666
3004
2075
1624
8
828
1304
490
470
1043
1571
2258
98
2997
1391
1990
3330
276
23
1114
121
635
2331
2902
837
1589
2598
1388
642
2755
2682
3341
3300
2509
2348
700
1429
2871
352
938
2433
2069
1718
309
2944
1909
3301
578
2460
2000
1543
1922
2418
2229
2161
1807
1907
17
906
1929
948
465
1956
2157
2057
1632
1492
903
618
2876
2893
2633
2368
1586
1108
2510
2479
2976
115
1634
1509
1576
2945
997
2463
269
2081
538
2918
3370
1110
2873
481
1594
2632
2381
3496
2313
2194
2621
2975
3485
2027
3507
2449
1286
1960
396
2177
3225
1579
53
462
584
263
3199
1059
3426
251
2058
1455
617
1147
960
1381
2541
123
932
3086
824
100
1004
2685
546
1711
1318
340
1933
48
2107
2162
2990
2665
2736
551
571
1845
2361
1751
3180
3433
3181
1061
3523
2807
1499
94
2688
2523
3139
1159
181
2749
1144
2895
1408
2003
2404
2172
631
1721
1258
1712
972
1488
569
2466
1480
1569
440
1154
2844
781
2732
2436
233
1115
3365
1187
1377
1593
2746
591
2263
3328
52
2543
1456
1066
3168
2402
2549
1371
2246
227
1116
2504
2529
1245
1605
699
1181
2224
2706
3479
1383
1854
155
3266
1661
560
1244
786
2839
148
1182
2702
3178
1713
3295
655
741
1003
1732
1949
20
715
1784
2393
1596
3097
2106
1224
2575
1617
2278
2387
2875
2025
3278
3476
901
2712
1288
486
907
1822
174
2128
1837
583
2767
1133
202
674
1291
426
1405
2359
2626
2491
1591
1996
1808
3317
2964
354
2364
2779
2062
3241
3373
2101
1704
3525
3118
3316
2044
2838
2977
1474
1757
2392
977
2271
2530
335
3514
3558
445
2297
120
714
2432
595
3124
3141
1277
1801
1570
3275
701
568
2727
2362
3344
687
2831
1740
2299
3474
3342
1729
3152
2247
2118
2721
2697
900
958
466
2226
561
103
3052
1763
1769
2713
3087
1104
3444
1592
2689
1082
2804
1078
1581
1567
2576
2587
570
2185
2856
705
1087
2932
2695
605
2910
2720
3057
1358
2960
321
1636
2470
1281
727
2643
2152
3572
892
1095
3204
2125
3230
1810
613
2156
3534
3175
610
2619
2016
2620
1419
1039
2236
851
2660
2250
520
1313
1869
2813
1783
1289
2966
2328
2794
1774
676
2279
3436
720
2326
3524
1385
2375
1322
2625
127
370
1768
2485
924
1971
2421
1325
2700
161
1485
1150
1051
1665
706
662
608
1964
1285
1736
679
1872
3117
1207
1307
1658
2354
316
946
1891
1984
3083
2015
452
2142
896
558
3132
2577
3355
1105
253
1825
101
2745
2265
537
1555
3293
3092
1496
1247
2970
3389
119
3093
3405
2639
1472
544
2046
2916
814
2030
1619
2372
2508
601
3465
2578
1797
1914
3000
2472
734
63
804
203
2880
3185
1878
178
118
3106
3412
3150
1773
3379
604
311
2657
602
2786
1904
1336
1396
2312
3098
1366
2603
345
3140
130
1449
1243
724
262
2191
855
1368
1967
1546
2716
252
827
2590
637
798
1707
385
921
3169
2195
1578
1927
165
2696
2303
1911
62
322
3527
2765
3493
1235
2445
3138
3249
2503
1149
1646
623
656
146
1873
1860
2158
1519
3318
3224
138
2005
1214
2707
3420
2830
1616
556
908
3358
1113
1888
2885
3010
230
2093
3255
3276
1363
1895
2974
2783
2497
325
1601
969
3430
2174
2852
287
1744
973
1345
1017
1772
1065
2371
324
3545
1682
2366
374
1027
910
1627
2851
853
2785
468
2041
3305
1793
2901
2811
2316
2165
1777
866
2188
3340
1823
3222
941
275
1874
1557
872
1676
3142
2426
482
1722
455
1643
2664
658
603
1269
1743
3532
1135
2898
1688
425
3049
657
2179
3413
1046
1559
707
945
2399
2257
179
3234
1292
3022
1762
650
257
3242
1672
1462
2824
2953
1165
1021
914
1451
2715
3033
2262
1374
951
621
1169
843
2456
2941
2425
2957
2780
1628
3257
2572
3570
107
2534
2513
681
776
2728
1868
1228
3560
549
2494
2277
1652
1057
3321
246
3537
1512
3200
702
1337
125
1240
2171
1123
2173
2623
171
696
1513
3406
2187
1800
2307
1241
256
221
1276
1453
422
2205
2772
47
3281
2356
1035
3336
2908
3213
19
742
817
3163
1435
754
353
2256
3506
3440
2091
2980
80
1564
2701
2411
2868
1129
175
2784
3428
348
2024
3008
2515
362
2889
1857
2630
2855
244
433
131
1943
2484
2475
675
3502
2607
1817
2259
1143
882
3490
2007
3081
142
14
2725
692
894
3235
698
3027
435
2988
564
1297
840
1170
3375
344
1215
113
3122
821
3407
2773
2648
1839
2743
2588
2847
1395
2031
3363
767
2826
1853
2437
3377
2428
1603
459
2998
1562
3531
145
403
2146
3577
3416
2892
184
1877
947
2077
388
2406
3259
1944
3382
2837
2580
1323
3388
2723
1938
3457
3347
2438
2186
492
1000
1639
450
2927
3167
2291
185
582
2103
2431
1705
2983
1993
685
519
2338
2391
2309
1892
2547
3290
2196
3064
1568
364
3396
1295
2423
16
2959
3352
1361
1146
1290
3481
1364
1851
3051
1490
864
1091
318
59
1902
1905
1820
912
728
1460
49
2151
317
641
2109
2068
1260
521
875
3296
3151
3287
933
2183
166
1220
229
1572
299
1733
2427
328
2958
83
1690
2731
2019
1638
2339
2480
31
806
3289
333
3571
2213
3402
2759
1311
1641
463
927
3119
2189
1973
2947
957
2138
194
1334
3308
962
1173
1987
1481
3019
1373
404
557
2646
899
1649
1148
2733
157
391
1534
1074
2004
2981
1647
454
766
890
1294
2477
1079
302
3484
1208
1657
3020
1160
588
2135
272
1327
427
2496
3114
2808
507
3133
2550
1958
1633
265
796
1353
491
2951
3233
2063
1695
3101
3269
1819
862
2376
1995
2396
600
2282
1132
2398
2071
3206
1679
2595
2668
539
32
2052
12
3148
1231
488
884
214
1195
1040
387
2500
350
3509
2823
2131
314
126
298
2890
1683
1781
3013
749
334
2134
3306
1916
477
965
30
163
249
555
2501
2225
1127
1167
731
3393
2802
3271
1514
3006
3089
3162
1531
2618
2446
2991
1333
974
197
1963
1442
282
430
2768
56
50
266
2862
590
3248
129
150
1023
3240
2864
1347
3458
3312
1271
2554
1502
1306
2909
3221
2796
1479
1438
2037
944
909
3348
1529
812
341
2982
516
2926
2694
2272
1476
845
3353
2999
2952
1953
2661
1432
721
3166
942
2199
2232
1312
1577
1278
1778
1473
43
3451
2747
2835
3131
1020
3579
2080
1504
258
2610
201
3137
1954
320
1015
3431
522
1794
3153
3110
1897
1994
1912
898
2059
1669
2341
995
757
1934
2415
2606
3286
784
2853
222
1056
987
1387
3354
3170
841
3555
1833
769
3401
2934
3333
3522
1761
2092
3258
1007
915
2791
865
1060
1163
210
3149
1196
758
2940
291
1782
2006
495
669
3323
1948
3294
1069
13
1809
3108
2214
543
2407
3
1935
1099
3072
1525
2251
2636
1414
2992
82
3071
2574
154
2878
342
2568
550
1255
2931
1063
3454
1344
2147
708
1338
3196
2770
668
2756
2461
1425
2216
277
3070
1503
1052
717
6
2617
545
1064
443
1071
3452
3069
2493
1070
1791
1445
1919
144
3050
633
420
3362
771
1530
645
306
3411
1920
441
3261
2137
1403
3399
3135
3376
2800
2314
1508
580
3015
2555
1952
2040
794
1205
563
449
2608
833
2203
2153
1103
1197
956
3540
33
2384
1188
1340
3284
61
326
2935
3356
1908
366
619
1563
1899
371
3486
992
1303
1730
2748
1090
3455
3090
1876
1786
2180
3065
887
1359
597
1655
2729
1270
1390
3220
3480
822
323
2397
2319
77
762
3403
3285
1939
3338
680
2021
3104
1604
3331
3056
261
1034
2281
2641
985
2962
644
1201
1846
3583
1463
1986
2502
2400
2601
528
57
2638
2937
226
357
1978
3283
1842
1437
2692
2412
46
2008
1489
1849
1726
1349
96
524
2593
1775
743
337
2867
432
3298
2079
3068
2452
1112
2946
2819
1450
1969
1621
2064
2178
2939
2793
1813
1500
612
122
1597
1864
3207
852
3378
3197
1607
1542
2056
1094
832
1835
2380
713
290
1089
2405
3155
1796
738
2612
2144
664
934
2488
2730
2280
725
1400
1018
180
248
351
1728
1838
1111
368
2896
878
895
2043
2072
1560
3023
240
1212
1527
2846
1610
3307
1256
2
1941
1076
397
2076
959
505
2347
1402
1515
3292
2627
239
1556
2370
1397
3029
3332
1575
313
1668
3270
2956
774
1618
1663
667
2760
2035
2486
1629
1242
1097
260
3469
3369
2548
2108
1602
1573
496
250
2215
2553
2653
2591
1268
3099
1262
3102
331
1574
2275
2897
3446
2096
730
739
723
3397
3045
2836
592
1342
3489
3584
2719
1561
1497
2888
3094
189
3018
1806
42
379
1428
1803
1686
2533
3565
1102
3549
3441
797
279
3129
967
3044
2562
1072
199
2002
2637
1080
3516
2129
2850
1198
3113
1341
160
1526
839
1118
1702
3267
1532
162
2790
534
3238
1191
659
3048
416
1274
2207
1716
2820
412
2739
1339
2455
3409
7
3193
671
2192
2317
2495
3541
2616
3096
87
2012
1937
1048
3156
955
288
3188
3021
1162
2571
2691
764
3487
1107
1708
423
3482
2352
2090
1392
3585
479
2544
3427
2444
211
795
1719
2350
3161
1885
68
1194
1635
159
1254
1595
1724
594
3107
1406
3351
1100
2447
3189
2669
2955
2843
183
2184
2082
1811
1140
1725
355
3461
726
3028
2098
716
1067
1694
777
614
419
1606
3562
2143
3421
2744
212
856
1189
139
3424
1988
1085
2422
501
1614
2325
2905
242
3243
1083
3329
2979
1765
1653
3510
1486
2403
2557
71
2089
2788
3159
1466
108
1423
2458
3120
1279
255
2324
3582
2597
143
2812
2154
2596
467
1300
1369
1409
3314
3505
1758
1776
2175
2518
1092
1545
526
2899
1600
2414
3371
876
1998
622
1648
976
1440
424
1098
1697
1900
3091
1457
2210
85
3217
665
2284
1770
2993
2469
3165
2145
24
1875
2521
270
3215
1483
1976
2563
2211
3581
3499
301
1448
991
2481
2777
1461
1642
1671
3563
480
1779
1928
3449
378
511
442
1250
873
1696
1848
3109
1507
2766
3054
2672
3512
1640
1637
3529
3391
2996
2978
2269
3177
2642
1062
989
1037
532
3192
1913
1552
1974
527
1372
3063
3550
536
3568
3357
654
2924
2520
801
3100
494
2462
1421
2832
2963
931
417
2814
523
1932
1001
1444
3066
3203
2658
1710
2123
232
393
1924
2968
3559
2292
2464
3228
4
3171
3462
2741
2825
3134
2805
2457
2306
2609
3325
1125
399
2734
1225
2039
1175
2628
3551
2073
1675
3265
124
607
1393
2789
2343
1659
147
3268
620
2289
3547
1309
158
1216
3031
1443
1723
2202
918
2540
2150
953
3201
1422
151
64
1731
2517
999
1681
677
1041
292
2294
458
296
1261
3471
2295
2038
2799
615
1709
2655
770
1452
195
2649
565
1009
2482
3310
3410
836
1237
1931
3174
3130
1086
2304
497
418
1795
2218
3218
1982
937
472
1430
1185
89
2320
780
3260
3214
1379
2840
3299
1979
755
1101
2842
1186
2140
2087
3014
0
2920
2429
531
1016
2717
2792
3074
1870
2615
1975
303
2564
2305
2671
2828
2589
3184
574
2582
1218
1921
1588
2936
1756
358
689
172
2542
859
1477
2133
2053
1717
1587
3415
1523
1394
2136
3456
2410
241
2260
1524
2298
3291
1324
844
553
1142
1859
1510
1172
2650
3414
2631
1058
3521
3442
2230
1667
1656
3304
2599
3423
1415
3039
868
1505
3564
506
1625
1940
406
70
1753
1518
636
1006
1365
2629
2424
2119
1332
3483
765
3047
218
2011
819
411
2159
3575
807
1863
3061
1890
444
1265
2834
1752
2476
3394
1540
625
1741
1918
2528
1883
2083
3400
1612
1677
1050
2318
347
2673
3011
2288
3561
247
209
3223
1267
952
3009
831
2505
1226
297
503
2703
1232
401
813
2887
808
2308
1213
913
274
877
939
2754
1955
1622
1889
478
737
763
3361
3236
167
483
1308
2674
3350
223
3246
1033
3345
380
740
1464
2254
3231
2511
567
69
3434
86
885
1862
3488
1434
2532
2190
156
1081
1478
3419
1410
305
1834
343
1055
243
245
2714
2268
1759
36
1360
1692
3226
2300
2605
2524
1843
3303
632
2519
3280
611
1484
2677
2933
3210
2315
2860
2369
2781
2526
2430
2545
3040
41
648
2374
1533
1253
3264
2512
823
2490
1583
2390
2943
386
1177
3408
2904
1210
1204
712
3179
1735
3105
2066
666
782
847
1528
1266
1407
1030
919
1011
1227
224
3253
3536
2274
2886
2085
3042
267
811
2386
44
3517
300
2841
37
2121
803
1585
2613
79
208
2559
1305
1980
981
2763
1792
1684
747
3518
2416
849
398
1760
846
3111
978
517
2382
3256
1179
1249
733
3001
88
661
968
2329
920
1251
1314
1106
1547
930
2453
1447
2168
2795
3254
562
2506
2525
2285
606
192
2010
73
3395
3576
3554
95
1727
413
228
1482
1580
1992
475
1880
1613
2388
2769
928
1852
3103
1236
1946
2197
308
3526
1458
935
860
2776
1259
206
1749
359
994
446
1382
1436
1824
3366
629
1252
2454
800
3147
2757
2798
810
1331
1951
1650
3172
3567
363
2573
2884
2110
1645
2451
339
1865
2060
2709
940
2001
278
1199
382
1790
1005
327
3544
2917
1855
1426
1248
2367
871
2816
2070
3497
1384
986
1947
40
2442
2624
415
2249
2204
3528
187
1335
2287
678
2419
2385
1538
826
975
2659
3158
2907
487
1354
2302
456
1223
2378
1623
3472
1884
1156
2925
469
3448
2283
1164
1673
1999
3012
2489
3343
2929
3530
1302
2193
2420
2261
2095
2565
2086
66
1664
1282
2604
3157
273
133
2222
1544
3519
2124
3556
3173
1145
1698
2373
213
1351
234
2849
3573
1798
3513
695
402
2336
2417
372
2537
2771
2654
3569
2163
1666
2579
2753
2217
3059
2546
1047
1930
400
2551
92
2514
1054
3144
691
434
2223
3121
2266
3245
1068
1685
3035
191
3055
1826
3364
2465
10
1551
3320
2675
996
510
1630
2474
220
93
3202
1516
2478
2450
2911
1827
3566
336
1053
3212
530
2122
1814
1788
281
1138
2233
1620
1029
45
2498
3143
3073
1926
2198
1038
1608
21
1088
1689
2985
447
1420
3367
2560
670
2028
3232
2334
1010
238
207
630
3450
2827
718
2036
2764
3404
3337
3374
2208
1238
84
1693
1887
3439
3186
3030
748
1141
1942
3043
2583
2865
3557
3067
1498
493
338
704
1441
710
1475
22
2255
1805
639
373
2806
750
2602
2919
2681
215
2708
3381
268
2448
2345
1380
2614
1745
405
2139
2296
168
196
2690
3209
2833
1651
1151
1378
684
3229
1137
112
1785
1962
1812
1830
509
2141
950
3385
1858
575
1161
881
1025
3511
1687
2409
3319
1906
1734
2219
1662
1124
1454
1315
3145
3435
1522
2989
2221
2443
3036
1539
1273
2337
3453
3078
74
1965
693
3085
842
2467
593
2858
566
2160
809
1537
1494
805
1202
596
2535
2742
60
697
140
2803
58
652
2678
235
3208
395
980
169
2048
394
984
271
1275
2435
778
943
3533
1109
294
2252
3288
310
284
2074
673
54
1678
1738
2822
1626
3024
3195
787
376
1424
1317
1584
1367
193
3470
3500
1433
1715
1203
1847
1427
141
2516
3326
484
586
857
1780
2346
682
3160
1754
1789
818
2094
173
2014
2286
1166
2863
1019
460
3237
585
2492
1674
854
2761
2049
3386
2034
3211
2866
1465
2471
2017
2237
1468
1362
1966
971
1517
3384
646
3076
389
638
1917
2499
2801
1831
653
2149
461
1879
2167
1755
3060
2942
554
1699
1229
1901
2539
2986
2253
2126
513
3515
2155
1495
2220
609
3026
3302
1487
114
2735
690
137
1631
1234
1257
3359
979
2914
3125
35
2634
1915
1936
3216
2100
307
259
414
3580
231
1470
540
1511
736
1700
451
1121
2097
2704
1031
3543
688
1747
1553
3498
1742
1272
1119
3360
2166
436
756
993
2584
280
2148
3274
2536
2967
672
3477
1706
709
686
1598
1239
888
136
2132
3080
751
1804
2987
1126
3494
1221
285
3349
1535
2718
200
384
3548
1968
2891
3546
204
3372
1200
1284
1022
923
2670
2635
1959
2561
1283
2969
1412
802
2439
2045
2395
2566
3003
1044
190
2358
1139
1893
2817
1746
3017
1609
1280
3041
2112
2322
616
2585
453
512
514
1972
904
3467
408
3368
15
880
176
2912
1024
835
2114
283
541
1320
1042
791
1370
75
970
2507
3425
217
1821
1541
598
998
2751
883
2698
525
1903
1013
3252
289
3282
2360
1945
369
1771
2821
3520
349
917
2200
829
3058
628
1894
2686
3002
2065
1376
2894
2569
2440
1293
1287
2877
2971
375
72
3084
576
753
1075
2078
889
1316
330
2104
790
489
3205
2522
1896
198
2663
2130
264
581
2088
312
128
2815
773
3247
1739
3123
547
1977
1467
1014
286
1961
2845
26
329
219
529
2383
2459
2061
1192
1028
2026
361
3392
2244
3263
3380
110
2667
3334
25
293
1871
448
1178
360
2861
2775
1644
2928
2169
850
891
1
1802
2084
2055
2859
3127
785
1326
1439
1008
186
1190
1989
1981
1910
1680
2737
2778
2680
2270
626
703
67
3116
2067
3038
3273
2699
1176
1263
3346
1950
3032
498
1230
518
2212
1217
1521
188
421
2581
9
1136
825
1222
3432
2377
2684
1970
1431
2033
548
1886
1471
1818
2344
2115
3062
2120
3154
3503
1816
2051
579
848
2054
1599
28
476
1399
3313
1991
3053
3438
3126
729
3277
508
3539
964
2235
2818
2705
1566
2357
746
1418
2243
11
2874
2330
1329
2248
1211
91
1122
105
457
439
922
2923
2290
2242
1404
2047
573
356
1157
2652
81
902
2995
3501
1389
3445
2434
2724
1296
1310
1416
2487
177
3005
304
1073
761
1844
2556
2483
2809
1153
2750
2311
599
216
332
1750
2961
2201
3460
2273
132
2111
572
2921
1117
2181
2711
3075
3535
499
365
3398
559
3034
3272
2922
205
647
3115
2774
949
2870
1881
254
1049
936
1411
2127
1615
815
1299
789
793
3176
3429
744
2647
3327
319
3311
3578
589
1841
1520
775
2018
2558
732
1002
1355
2567
1491
3297
2881
34
471
830
961
2693
1356
2948
542
1183
1832
533
3491
410
879
2102
643
3339
2645
2656
2413
2105
504
1840
2913
1375
3463
2679
897
428
135
1350
390
2013
2020
1120
1549
2810
437
29
759
2594
2164
3227
3190
1128
2622
2640
683
