1091
1432
956
1690
3389
3864
346
3200
974
908
3176
3271
2426
2131
217
3957
1457
2062
2454
3393
2531
3855
271
1028
2862
876
2533
546
314
1382
406
3890
3951
2497
581
142
2597
2016
1148
3897
1309
2666
3267
1465
94
3196
59
67
832
282
1441
235
1807
4079
1074
315
3477
1319
401
1659
3604
737
1947
2982
3928
1037
3634
724
3012
27
1612
2250
2644
2096
417
776
4080
2955
3901
355
2193
2446
2702
2704
2195
3270
418
2851
2822
1541
748
3727
1763
1081
2513
3285
3656
2784
2403
2244
1249
267
3257
804
3450
3861
1549
413
1429
1254
616
2913
875
1727
2512
3875
1183
1165
2309
619
2807
1481
1590
1606
3831
3736
1317
719
166
448
1719
1984
2098
2100
1888
3760
1853
1585
714
2091
2543
3471
1722
1966
2033
3343
1120
1655
906
285
188
904
289
3779
2817
3275
2093
3415
2663
2441
3856
3483
1114
836
333
3374
46
993
3581
2599
3922
311
3400
3314
2384
1814
3026
3077
3571
1179
1332
3265
2130
1399
2174
3333
2421
1616
499
2675
3829
2683
3959
2820
1963
24
12
2253
3481
103
3335
1335
3737
675
2810
3119
1160
3809
3964
1734
3168
3137
2722
173
731
2234
2481
412
1479
2510
3435
3607
3259
684
1621
3872
1786
821
2914
722
3198
3452
2080
3877
1157
42
1939
4004
2651
4045
1463
2379
3850
2206
536
3042
1066
2298
3353
229
757
3564
946
3997
2219
634
127
1704
1783
1268
636
1627
2766
2388
3973
2428
1250
1303
1725
2545
3717
745
3004
3421
3015
2819
2654
3704
3409
3231
2672
943
551
1087
3881
1558
397
2727
265
485
2977
468
592
3016
3462
2700
898
2950
3276
2277
3953
2418
1168
2493
3527
1287
1669
2726
1680
3549
1886
958
571
928
2060
543
2185
342
3695
1721
3208
3433
1964
1164
2940
3078
1899
4086
3969
1466
762
2887
4019
2841
2378
749
2155
2282
1662
1258
4100
1869
301
1668
1147
3404
2391
1897
1560
923
2609
1175
3242
95
149
3398
3105
2802
1104
4006
901
3889
1079
1764
2014
87
453
3482
1905
23
583
490
1782
1769
2272
3283
2237
865
2776
3725
926
3410
2165
1344
3509
3057
2123
2054
1090
2211
296
2329
2534
2107
366
100
3972
3113
1528
84
3748
2864
2548
3230
3869
1083
2009
765
1617
3546
3024
3117
892
2764
1272
785
2850
2452
2593
1253
1679
3903
2738
3816
2365
2295
1200
2836
3603
2017
3304
514
3459
3001
3836
4102
702
56
1401
932
3651
1603
3574
434
1716
3355
3892
3675
330
3747
427
4030
11
3714
274
769
379
3755
1922
2834
3528
3519
3094
3859
3743
3203
3776
3576
1553
617
106
2044
4038
3135
3289
654
3226
834
2119
2681
3166
603
1803
2911
3812
3705
2297
3550
3145
2181
844
1589
2442
363
2207
255
1934
1158
3579
961
810
3749
668
1759
1988
848
2998
1197
3617
796
2500
476
1532
1228
181
2240
1001
1482
1737
459
2108
2478
1413
2140
1826
216
195
658
3815
1857
1723
633
2634
2050
2613
2241
2514
708
3376
2618
2967
2109
3088
611
2494
2440
869
1063
2124
666
709
1362
2342
1385
2265
2728
1661
3985
1117
2786
178
801
2223
1665
2361
873
573
2837
2878
2405
1050
2803
3204
3942
3264
3614
1032
1255
849
1311
3894
1749
1520
3842
2466
2890
2898
381
3958
3838
3654
1550
3612
1739
652
3866
2996
755
4034
2142
1153
2673
2751
852
4054
1561
3759
2167
3184
3758
1623
1518
969
278
3992
408
3197
2625
3419
113
1119
155
3594
1531
3373
2084
3538
1620
2395
2348
3517
107
240
3600
313
2166
3205
1217
2910
3126
3011
2708
1224
795
1863
1468
2270
281
921
2962
1400
1592
1430
135
3245
1284
1880
2792
2615
1989
2857
3359
3744
1203
2496
2443
3822
2717
787
177
1100
3185
925
356
3158
2139
2283
3991
2905
3977
917
1710
341
387
4081
1062
338
3826
640
1970
1229
1348
2945
1720
2559
4053
1137
1967
325
396
2132
3305
984
3252
1364
184
445
857
3021
2383
2046
371
1833
1316
2638
2812
2535
337
1173
677
3298
2746
3906
2425
1052
1042
3535
192
2959
1150
2569
1711
2330
3841
3631
3357
2116
1746
927
1756
2907
242
3367
2307
968
3116
1927
1601
1658
3495
3920
70
1322
367
2020
3652
3361
1842
1643
2765
1286
3935
726
2262
621
2794
2455
2117
3905
1122
704
3952
1015
1085
753
1717
1700
560
2346
1816
304
2880
2394
1014
2896
3416
380
2861
2273
3801
2939
205
1707
1434
3807
69
3676
6
2713
2993
1419
1733
1417
3849
817
478
3800
4088
3545
4082
1124
3279
2345
1607
270
891
520
312
3111
1239
3884
995
1131
3255
436
3232
1377
306
3754
1060
1598
3711
4107
186
4005
541
1818
1597
2729
2258
1274
2600
2300
3923
566
2689
1793
2495
1159
847
3341
104
2865
2229
1105
1345
54
2706
2249
2375
1493
858
547
1212
1537
2882
3403
647
3474
627
2027
1758
2209
962
2030
1449
1442
3840
2712
4035
951
1622
3466
2397
620
2238
1847
2989
2656
3523
102
3732
3449
1975
2995
948
1094
1973
2980
2923
507
3658
2482
1552
1917
3339
1554
3888
2460
1678
1648
292
3190
1890
3221
2611
3417
4027
3274
2369
16
1754
2549
2188
788
1038
3458
2042
2521
886
1292
976
1640
584
1775
7
3773
2148
2999
846
247
31
1365
521
213
2224
405
4069
3101
3525
3054
2475
556
3677
632
3669
1005
2392
1657
3893
770
18
2947
3224
2479
2711
3171
1693
2735
3488
200
2058
1889
3254
32
1108
158
2938
3056
495
1806
2036
4042
454
1370
3287
1918
1371
3721
385
276
2261
2256
2994
2897
3261
4101
2470
596
3848
2040
3157
1747
438
431
1389
3036
2958
2227
3065
71
3438
1304
3793
671
2884
2267
2678
868
1171
3082
1654
2352
2889
1855
487
2725
1034
1595
1387
2340
2396
3999
538
1219
1937
3048
1575
3301
3068
2457
1012
3106
1484
1943
3258
977
3139
2942
3945
2473
3455
2000
3925
1670
3597
324
2079
1535
3518
1208
3153
2624
2737
3818
2826
516
2710
2721
299
985
1822
1562
3405
1614
2318
2280
3476
3729
2491
2359
1832
1731
3887
1684
310
491
1256
683
1798
1882
3170
3073
3002
1084
2796
1698
3460
734
978
568
550
1422
3768
1383
506
3899
2377
3215
3262
2125
1893
65
3529
979
1353
3059
2787
2468
807
4072
68
895
90
2463
2773
3379
1418
1995
3340
1408
1295
3311
598
3186
136
3041
1477
1298
971
328
1811
154
2876
2588
1742
3613
3667
3557
2659
710
1390
122
91
35
954
2601
1642
390
2757
1650
3917
4001
2602
1462
3160
2875
3063
2308
4000
3489
62
2699
3678
2025
332
730
2667
321
607
143
206
2041
1838
1675
1036
4043
1772
1608
3199
987
5
2985
126
3426
4051
1059
1299
3423
288
2317
2103
931
2855
2376
2368
2580
2552
1586
864
2715
3555
3496
1630
1123
815
1898
1360
3501
3453
3387
3253
764
930
162
3563
161
2239
2871
2259
1396
3467
2164
2793
3763
1974
3420
2516
559
88
2847
4062
3587
1388
2517
3723
1356
1770
1525
1915
3895
1455
492
1333
1267
3213
1938
2459
2769
3655
1343
1563
2843
779
3716
1812
4032
416
291
3514
623
1132
1427
1593
1232
2511
2972
2127
1677
519
1760
1591
894
3712
3350
2232
1877
2321
2774
3
648
716
711
1533
153
2192
3921
1629
2401
3179
1075
3825
3635
170
1251
605
1252
3155
1068
1998
171
1106
167
3567
96
3337
1871
256
3989
2881
399
515
3020
1896
3696
1342
80
1819
2783
3030
1936
552
2184
1774
3278
2311
1161
1010
4036
228
3439
168
3532
1398
1900
2202
2182
2630
4044
3508
3429
2558
1691
862
2720
3115
120
2903
3512
85
3904
272
241
3313
163
2400
2081
2631
3569
4109
254
2677
3102
2824
3596
1216
3694
3792
1645
2960
2134
2235
1796
3485
1076
643
3718
3632
1502
3684
323
890
625
3819
2170
554
2949
963
2154
2684
1125
3422
409
2480
1128
3308
2356
2288
2863
3589
407
3653
1220
4046
3681
2299
2031
3558
3666
1681
389
618
859
461
606
2632
3028
2733
1843
3277
2524
3029
1901
934
771
3031
150
1040
1140
93
672
2121
3703
2055
2538
3834
1990
4078
2701
664
613
3765
1667
595
484
460
1864
2001
174
1618
3309
2169
3127
2655
322
2367
1307
33
2718
1248
2685
3081
152
2848
305
2556
657
3938
517
3214
1817
2922
480
582
1134
1231
4083
2961
4092
3967
743
1033
938
2927
1808
1830
4018
2248
302
1895
470
2039
3329
1615
3046
3220
1473
3682
1027
151
2590
2522
3742
3702
3478
1523
994
2622
3516
1107
3084
1446
1556
884
2212
3498
701
2215
1646
991
39
159
1073
2114
1186
540
239
659
1574
2628
3936
1672
2462
1881
2129
423
3710
3683
3770
635
3522
2591
426
114
3939
15
3547
473
3751
317
3007
472
3251
4064
3260
4060
3772
3798
1324
1118
3553
2754
1129
3390
3152
1113
2790
1326
2175
2214
569
1101
3349
1683
3885
528
2752
118
2603
907
2291
1000
3505
1873
124
940
2045
3562
1625
2975
3408
3356
1600
2476
467
2763
910
3045
1610
1467
706
3642
146
1098
4009
2325
1576
3468
3099
1166
398
686
1794
3781
2105
3900
629
1047
1127
2243
3647
839
433
522
3697
377
219
638
2326
1696
444
29
148
3148
1483
3950
1728
1221
1892
489
725
1805
1925
2652
2488
3968
1619
1187
996
3745
3778
2306
964
3851
3588
829
4093
1379
1850
78
4007
2988
2278
2526
729
2716
1909
3817
1950
2547
2608
1631
2730
2860
2760
3173
2974
2051
816
1866
131
2141
2747
295
3902
112
513
1289
1825
1705
1369
2225
2885
2498
1297
1347
1865
3124
2344
679
1876
3418
1437
1580
2742
3690
942
3670
2406
3510
939
1697
1921
3915
2926
2502
676
419
1557
1527
3680
3865
4050
3530
263
1281
3327
1170
1505
2168
1511
1395
2830
3592
2753
475
3548
1112
3813
4104
3605
3962
1777
3846
1660
2068
3674
548
2230
3701
2888
348
450
1103
2527
318
1987
2692
2363
3425
3079
259
420
1288
1450
2160
2328
1985
3882
674
2560
3878
2931
3786
48
4063
1779
3961
73
2504
2804
604
1155
43
728
496
2362
1154
4090
1245
882
2221
384
3733
3348
3272
13
275
1867
2467
3266
3424
2355
2952
3053
1489
3281
1393
79
1508
3756
952
685
437
1956
221
1296
1910
1043
2924
2485
260
3741
2122
1856
2586
319
2657
2083
3937
2085
2049
2643
2546
2095
1551
2930
4056
307
3914
2147
1096
2115
483
3150
600
3290
1971
534
2076
3912
1778
2222
3322
3540
2380
793
845
2053
3984
2849
1673
1949
947
3844
1788
4015
3049
3089
3005
738
410
130
3293
2745
1243
394
432
3788
3907
2172
2858
2694
2568
451
1290
903
4077
231
3187
924
3295
1192
329
805
3871
1126
1604
1279
1743
3091
1278
870
1903
888
1908
2744
3246
234
955
3193
3431
1709
2257
2813
2486
642
975
4059
1241
3611
1471
2404
1077
3857
58
2505
1701
2886
2676
2674
3288
1954
2909
3606
3022
144
1500
2333
1176
2437
3018
1827
3032
2063
3602
2682
262
339
2919
1703
3109
1766
2557
474
3307
911
3672
2749
2508
1435
185
2489
1682
1565
4026
2065
1686
196
210
3777
2594
1375
2048
2648
820
2780
2944
1201
479
3130
1315
822
2334
572
3692
2928
36
2002
3837
1582
763
57
1141
2293
2567
1540
3806
30
2997
3172
1025
2649
530
660
2584
3687
2260
3383
561
2732
851
2529
82
575
1416
300
3790
238
3151
874
3524
1359
3986
3689
2740
2003
3191
2814
3167
2143
3693
382
3280
8
1380
2194
2779
182
3325
2208
3225
0
2668
2758
3164
76
2366
1088
92
2372
2573
3832
2019
2815
2448
1852
2957
1046
261
3839
2777
3183
563
1431
452
2846
3129
712
226
3845
1080
2191
3008
244
41
2581
3486
3236
1144
2347
365
421
3249
1692
1676
2071
2866
3465
3526
893
1045
3500
1846
1965
2877
981
2770
1328
4014
3980
4091
558
1110
1485
175
949
2438
1440
2410
2387
2434
1885
1349
2775
650
3618
1513
2797
597
1270
590
1019
823
2912
2275
1724
790
3071
3378
1872
1283
3941
1708
972
2414
1748
2687
2852
1501
3146
577
3814
843
916
1384
1366
518
2951
3764
1035
773
697
1751
1547
1051
585
236
3774
798
3461
3019
1056
593
279
3069
3396
3521
1445
2180
3375
3401
4003
881
2319
2190
918
3330
2252
1346
2354
424
2520
1736
2936
128
2873
411
3268
1207
2035
38
1942
1264
2987
1185
1792
2501
3641
3377
3457
1578
3620
1209
2578
2412
1750
2429
1571
220
3125
3108
2007
1487
4020
2474
3886
2540
1156
1845
3470
3515
2555
760
1506
3399
1443
264
3990
2932
1354
2057
1469
2153
2159
327
2008
2411
818
509
1294
751
4105
2247
2856
3430
835
1968
1337
2111
1755
3608
2785
2723
1336
950
988
3993
391
3000
2074
542
1022
688
2018
3854
615
841
1230
531
1555
3491
1904
3326
2838
160
2099
2088
1996
3621
2043
1206
3107
3795
721
879
3354
4016
983
2439
3060
3601
3207
3051
1656
1167
2759
1478
2528
3463
696
3296
508
3209
2004
3578
449
3369
201
3645
3161
1687
1448
3211
2251
2690
2284
1634
1514
3630
747
3591
3981
3292
2314
335
2828
1729
1374
203
4057
3708
2983
1403
1894
3534
1664
2906
1017
3312
591
2385
2012
2515
2233
698
2571
1498
9
1874
1373
564
1605
1955
3248
463
1924
1891
49
705
4099
2973
266
183
3087
442
1226
1930
172
3572
2374
2935
2310
125
1992
3122
2592
3487
1488
1424
860
2636
1875
2844
2986
2619
1368
2554
3507
2323
2799
1475
2313
3206
2390
2647
2444
3074
4025
63
1573
2705
2312
2097
3584
2431
1494
649
1211
3055
2739
3664
1671
3874
609
599
574
3202
1308
2789
209
3956
3136
357
3497
700
999
2507
1635
3297
2818
4052
1423
3787
156
669
1391
3963
3177
3319
471
3256
2948
2070
2695
740
3934
2883
3380
1024
3284
1313
3037
269
2461
2445
2458
1581
1277
3134
3586
2332
1460
3686
1976
2642
840
64
2336
756
1752
532
1378
3273
1414
3133
877
772
3998
3644
1840
3216
3565
72
108
378
86
1269
3282
2089
1486
1169
4049
663
1325
3371
1570
1205
3955
1029
2772
1031
349
246
2156
693
119
3235
3344
2094
3506
482
3432
2650
3138
3472
37
1338
2064
3966
2118
3098
441
2338
3595
3025
1862
320
3599
3451
2805
1961
2964
3833
1078
3628
3192
358
1291
1536
1428
2424
641
2158
243
3616
1350
1411
1912
1981
695
720
2343
2015
193
3932
3499
2266
775
283
2979
280
715
1868
3627
2981
3750
872
4002
1929
3752
1962
3944
3926
2176
1064
986
1020
3121
157
628
2285
2327
2289
1628
2205
2892
3713
1572
1568
799
2161
2582
2320
1072
1261
2484
204
3336
2449
3052
1273
3035
340
190
3067
2416
1813
526
733
3006
3531
3368
3316
1685
3542
1314
2032
739
3346
1329
809
902
1214
3241
1926
3300
3873
1438
2589
215
1588
3219
1193
1054
2382
965
3533
1093
1092
211
400
2420
3804
912
3440
2010
446
2915
3722
3070
535
1507
3338
316
4076
2653
2965
3761
309
1997
3484
4061
3580
1596
1191
914
3370
1070
3740
1546
1030
50
2268
2918
3769
1242
853
2301
3154
4033
2447
197
392
3679
512
2617
2933
692
34
3043
1510
1180
1652
3796
3568
3609
2709
2585
1257
14
1266
350
1953
369
2364
2693
1773
3699
2879
1624
1223
2641
665
3639
2946
2827
268
2204
1960
2839
1609
980
1757
3948
4021
1854
3362
825
990
3649
308
838
2350
1069
1139
2691
1993
631
403
3976
109
1944
3896
718
2743
2963
3698
3494
3080
1911
3114
2806
4039
3622
1340
245
3233
277
2028
1732
4073
1351
4024
3767
3554
2544
3590
225
2811
1115
2809
61
3392
871
179
2264
1095
4108
4087
2953
1663
1145
2477
3222
2612
3724
1420
576
1262
3739
1545
645
3047
909
3263
1199
3994
422
2904
3541
493
2276
3940
4041
1280
2767
2104
2254
1410
588
3180
3414
2052
2525
3898
4103
1067
2086
612
2532
3239
814
3360
4084
1534
1564
2895
2976
3143
4085
3086
1163
3372
2419
1538
1844
97
3447
827
819
3504
1259
1579
3852
2563
2304
2816
713
2562
2409
2038
2151
3194
3843
639
2087
2566
1058
608
55
850
3511
3182
3351
3625
3988
707
3140
1647
678
2621
3688
3719
3469
10
3824
1952
3847
746
2226
1837
208
1097
199
510
498
854
1491
414
464
2471
2217
717
883
2604
2916
1940
2305
1801
2231
3454
1363
331
1740
3228
2026
1636
1041
3971
3536
2829
2956
3093
3014
3577
257
3331
1594
386
3061
3551
3062
232
3229
3560
3927
2090
1048
3243
1999
3174
383
334
435
1386
224
360
2302
897
1392
2719
2430
1306
2242
425
1699
3363
1542
1839
2472
856
2120
933
111
194
1689
3780
3023
2921
549
2292
880
273
922
3097
141
1994
2490
1111
3583
811
1321
2943
2990
4055
1372
2199
3096
1301
1958
1914
19
3033
1142
207
1116
3520
2808
3040
2082
2483
3237
3083
2078
1492
1490
3175
251
2788
2762
1978
3217
3566
233
2872
1425
3949
138
1969
4097
2853
1959
3227
2874
3034
1121
3394
2186
2635
456
2893
1694
3131
826
121
3395
1181
3757
1512
3537
2509
3464
752
502
462
802
1003
960
1406
52
3648
1247
393
586
602
3141
1706
3156
2255
2539
3238
3480
1879
404
2146
3559
1781
3552
1004
3640
1285
1237
944
2469
1602
2868
3250
2894
837
2218
957
376
1820
3066
766
1831
1018
2407
3975
1213
2013
920
3286
2680
2197
1135
973
1907
806
3860
326
1517
896
2047
362
2138
3797
1355
139
1394
3646
3731
345
3365
682
989
736
2840
3318
2902
2067
3092
2537
2970
3244
1149
4010
137
3979
2435
2620
1459
2835
2286
2294
3633
2782
2177
374
1991
3352
3120
3570
3947
2200
40
110
2697
3924
2823
3009
797
3573
2337
443
1016
4070
1065
3909
303
2550
945
1300
555
833
3830
1784
1516
3044
3876
4047
2149
1626
2661
3123
511
1055
44
3165
3910
885
368
1109
1829
2144
1771
1361
2303
359
2724
812
3413
1504
2574
3310
1053
1799
3291
1011
1082
2152
1515
2991
101
1633
2595
1841
2427
2781
3169
2686
2349
1524
132
2606
783
2741
3017
2633
2453
26
1920
3610
1456
744
622
900
1567
1182
967
997
1190
1302
2629
1986
1848
1397
180
1023
3720
99
2596
1352
1982
477
624
258
2370
2731
831
3302
2748
3201
523
1946
3104
2771
1008
293
3406
689
2671
1318
4013
1444
1007
3234
691
1453
2133
3918
2901
2339
2021
2992
3159
3879
2577
3868
2290
3785
2969
115
570
1099
2610
3188
1497
754
353
1789
1405
1472
2360
290
4075
3821
2575
3384
2662
3050
1310
1835
935
1130
2899
66
3189
3668
347
1933
3659
123
966
165
1638
3650
1330
3388
2564
1454
1236
3358
4066
1136
2322
1174
189
2373
1021
1225
202
587
3662
3933
83
3582
1637
3624
1293
3490
1409
842
501
2358
77
336
2801
3943
294
134
1702
1172
589
2398
1421
74
1923
1522
1632
428
1244
1931
3619
3320
1539
2465
667
2450
630
1544
1480
3636
1447
1644
3598
1858
2263
1263
1312
1188
759
2436
614
455
287
1412
3734
1044
248
866
395
214
580
3685
2198
351
3306
4037
1809
2825
673
1521
1797
2519
2646
2213
1780
2518
2179
2551
3929
3448
792
3345
2614
761
2750
198
3317
3827
3443
646
2665
750
3441
3181
2703
3870
789
4068
3691
22
1089
2201
1785
553
2845
3782
742
2112
430
2005
936
656
2679
1639
223
1461
4071
1138
2196
1436
3791
2768
3118
2246
1584
352
3163
3445
2279
4023
780
3629
4022
3867
2022
1745
3623
25
252
3671
60
2316
2627
3475
2499
915
2821
3397
680
786
3585
887
723
1735
2075
1767
140
3916
21
2456
758
3195
2415
2669
662
361
1804
2506
3294
2287
2216
1002
2900
735
117
1194
2530
2640
2536
2357
3003
3492
1071
3908
2778
1902
1977
899
1599
1357
3247
1870
919
557
3100
1726
3753
2698
1776
529
2024
1238
1198
1718
2106
2203
1800
953
164
998
2623
794
2937
1790
2228
1712
3210
1714
1587
2523
828
1222
1146
402
1275
133
4058
2417
1810
1240
191
1026
500
2859
354
2664
3880
3978
503
2341
3381
1451
3411
3328
47
3820
105
3132
4040
2696
1935
539
2626
415
28
1282
169
3783
3147
1143
2413
1464
2
1566
1884
1006
297
4012
373
2941
3315
344
681
1744
767
2269
3960
727
3039
2966
20
2607
2553
2487
913
2092
3323
364
1860
3324
4074
544
2150
3436
2572
2795
116
298
601
2917
4028
2102
3407
4011
1906
2315
2069
51
2929
1235
2891
813
3162
992
1569
4089
2029
1666
2059
651
187
2503
145
1433
2236
2324
2023
3802
3974
1859
2570
227
982
1688
791
2353
1738
545
800
147
3657
694
1339
1945
3700
1730
2187
1849
3178
1834
653
1613
1334
2954
2734
781
3144
3709
3853
2605
3303
212
1753
1496
3891
2034
3364
2281
3637
1765
2832
1426
1057
1202
1948
3593
1941
1415
3128
959
3076
3728
1795
741
1102
2137
2842
2056
2984
3715
497
2707
343
670
2296
2565
594
3931
777
1828
2136
2271
2831
2011
3673
1823
1951
3269
2073
1234
1358
3382
1271
176
3665
3828
1883
1503
3706
1260
4098
1761
3982
3762
824
2157
4096
1009
3366
3730
905
2542
703
465
1195
3427
2245
1327
1039
2583
2171
2331
579
249
1476
1674
644
1049
2492
2978
778
1227
3347
1802
3858
53
1919
1331
937
3575
3112
1151
784
2061
1495
1741
4067
3038
2432
2920
1932
567
3862
2351
3913
2714
3502
3513
1762
610
237
2163
3835
1861
253
1887
1913
2791
1177
3626
286
3987
3075
2399
3735
637
1928
1470
1957
2110
1178
1305
2541
3805
1323
2371
3996
1715
4008
1983
2381
1458
1529
3391
3085
3930
3090
3218
2433
861
129
1583
1452
863
4029
3428
3446
488
626
3995
440
3223
1233
372
1474
504
3803
2587
3771
218
81
1152
2145
1133
3775
3746
1916
2756
1649
3561
4065
830
941
2968
1265
803
2162
2925
3789
3503
2173
2598
1519
429
1162
505
1184
1836
3385
2869
3212
3726
655
4095
3027
2274
370
533
3321
1246
2833
2639
3456
768
3064
3643
2189
2870
494
230
3946
3970
2451
3543
578
481
2183
3954
89
2386
2077
3149
2616
1404
3883
1402
1577
774
1204
1641
1210
2113
3738
3638
1376
1815
2135
3095
3707
98
878
4094
1276
2423
3810
3010
2798
1439
970
1381
3437
527
2210
1526
447
2645
3442
222
2408
1713
3784
388
2126
466
3013
75
2072
732
3556
3811
690
2800
3332
1509
3661
4017
2908
867
2579
4031
2854
4
3660
1824
2393
699
2402
1851
3799
1821
537
929
17
2670
1695
250
3911
2464
3479
1530
3493
661
1367
3412
3103
1979
3334
889
2178
439
1189
4106
2422
1320
1061
375
1791
3544
3473
2220
2128
1218
2389
3342
1196
2637
2755
1086
3863
524
3072
2867
284
2660
3386
2658
2934
2006
469
2335
782
457
808
3823
3663
2101
3142
3110
2736
3794
3965
1651
1
2066
3240
3444
1878
1548
3919
3615
1559
1787
565
2561
562
45
1543
4048
525
3434
458
3402
3058
2037
486
2688
1341
2971
1611
1215
687
1980
1499
3808
3539
1768
3766
2761
1407
2576
1653
1013
3299
3983
855
1972
