296
2375
1557
2507
2346
336
3528
733
3379
2852
960
348
2700
2847
3456
1004
2178
675
2809
2166
2372
2470
670
3282
1172
341
768
2954
989
2040
1220
2717
1622
1581
1787
37
325
3359
3517
1588
3478
1677
2492
2021
2599
2056
224
3333
1418
10
1732
2855
1655
641
1529
1366
1836
1095
520
1833
3388
2896
1290
1520
17
203
642
2352
2558
1066
2536
171
2895
262
2517
140
2723
3121
3532
2777
72
51
330
423
1804
3127
3169
530
2671
2813
825
1237
3425
2750
273
1413
48
1312
2929
2928
3154
1343
1072
1806
608
1578
1284
2091
2411
3116
2343
753
3542
3087
220
857
1680
2651
3272
2982
3191
3416
1568
1344
1550
1862
1035
2827
2983
3213
3292
368
1582
1818
216
1298
49
904
155
2731
653
1209
1336
730
979
1634
441
2239
2397
799
3337
1966
1437
2424
3485
1239
1665
965
1321
2406
1920
3400
222
2505
605
1522
2075
2815
3227
1560
805
3360
3294
747
784
856
3198
108
3420
1647
931
3064
1362
1643
1425
1762
1635
1723
2540
629
3024
2348
234
1572
383
3210
38
2152
630
2130
3153
2768
1402
2734
1507
448
2471
2351
699
543
2634
1981
1022
1573
316
1181
2034
996
394
185
2174
874
2926
2693
121
844
595
572
2897
490
1607
1202
1071
1319
2868
2940
3477
2525
972
2429
915
2221
3124
1456
1552
2960
3493
1216
2836
249
1355
3334
2506
2009
2070
2109
1079
2932
2738
2367
1926
739
1892
1656
269
3082
187
2252
2591
2504
2596
3533
3035
2295
2722
1535
625
56
2094
2477
1778
3372
1991
74
2449
3438
3017
3296
1925
648
200
3217
1227
746
1559
1672
2912
1644
2308
3251
455
3419
1150
1104
3469
2493
2822
1020
637
556
2551
667
2268
1326
1060
1340
302
621
3510
3183
2858
3018
1065
1538
1190
3234
87
328
1297
1669
1956
1381
3176
457
159
1710
2332
3230
807
3147
2951
3370
61
1251
1005
1177
1611
3220
841
3322
2012
1992
343
3450
3014
718
1471
421
2874
1433
1614
3233
2810
1410
597
3465
2876
514
1773
2637
973
1479
587
281
1785
2661
3252
1595
1958
45
2039
569
1950
1368
1707
1175
2010
1912
1260
812
2736
2799
3231
3544
2202
2262
2392
3522
2889
2877
512
846
2008
1729
1062
2247
1784
614
1561
1074
908
509
2423
956
1159
2349
2680
2127
3103
1917
951
1061
1903
638
2456
3429
163
600
2582
1941
988
1914
1093
851
1961
2289
3139
575
2222
557
1470
2319
3150
1330
3211
280
3203
1482
323
2413
2044
544
1594
3266
1241
2856
3209
1287
109
1127
783
1361
1504
1001
1893
3518
1214
491
1266
1584
1316
2511
2573
1929
264
3255
1671
1476
3408
78
3275
353
2524
462
3376
2556
189
223
2986
3090
2941
628
816
2386
3439
1983
1481
1619
716
136
888
1872
2028
968
393
2788
1740
1615
2069
1807
2371
2216
2739
3482
583
823
1543
2086
1943
1045
1511
687
2794
181
2489
3084
2316
124
487
3055
1153
2476
3246
102
2512
133
2904
704
1738
1229
1201
2241
2230
1459
580
2478
2737
1027
3267
3173
775
3283
3330
379
2145
1081
1191
1924
405
3165
2806
498
634
2984
3141
2436
1082
827
1048
2879
2361
1933
3131
1221
2819
541
2440
789
1204
3454
1097
3031
944
146
2065
2962
1866
3453
1916
1973
3511
92
377
2260
2165
3163
117
1171
2463
1111
1235
2500
508
1145
2263
3065
2675
1720
1651
2760
42
3459
795
2164
1281
1606
111
1969
550
601
599
3221
195
1164
489
2156
1775
2563
213
1506
845
1547
55
1492
2032
1810
2259
1878
879
2909
2163
518
3048
3112
962
2718
3185
2356
2501
1261
3347
1242
2740
2320
847
1463
1348
2434
2560
388
3164
919
3512
3254
230
710
481
3092
484
1378
1897
2620
1513
1967
2393
359
2956
1498
1094
592
3030
1023
1067
365
345
1447
2665
67
1469
764
1623
791
4
529
2595
1395
2636
101
2187
1461
2835
1396
661
3410
743
332
1259
47
1286
253
1073
2845
3135
934
1682
815
374
542
1137
2684
298
3249
2963
2716
318
3218
2534
1874
676
3487
3032
2610
3179
3187
2125
1112
2516
3385
107
65
127
650
1196
3171
2176
1743
3159
2365
3346
3114
2817
144
1142
43
1641
1360
1990
3051
3225
53
2730
2619
1730
2964
3536
3243
3134
1913
662
2139
1999
2014
1100
188
2376
2172
75
1460
69
1864
2747
263
737
1948
2715
2098
2472
547
1625
335
2919
3008
1709
1222
603
1332
1734
3393
684
1135
811
1592
1683
3240
2996
3300
927
2803
2708
231
1860
3271
1317
2577
894
342
1310
2220
1386
1636
565
444
2029
247
3527
3504
2696
356
3072
1053
3276
713
2049
1701
516
2404
472
2691
1530
3405
1998
1487
355
495
1128
1789
1620
2992
2600
865
12
742
2743
3473
1166
2112
2752
719
752
1798
2816
665
3268
1215
679
1895
3443
3149
3513
712
2991
686
180
568
2405
2307
3414
214
1271
1823
2407
3524
940
3368
995
239
635
2448
1556
2805
876
2967
585
1976
3256
2390
2297
1042
29
282
3406
1858
1219
2181
183
740
2117
703
2762
2955
545
3509
2017
613
626
2946
3212
1848
2976
1000
3541
2215
631
3407
196
534
2284
2427
3364
2545
2791
1118
3367
1483
911
959
486
2005
2329
2285
145
3525
182
2881
2133
1761
406
1154
2421
924
1954
2584
349
2323
1390
3235
3523
1771
2306
824
1698
532
271
246
2808
2800
2839
2698
2341
735
887
3036
2203
2531
1363
194
2775
1315
1527
3020
692
2041
1133
771
96
2036
780
3313
706
666
1313
2990
1756
478
1263
2849
2377
897
3098
364
1722
432
890
18
198
334
3128
1350
549
1102
57
1726
521
2923
591
1502
2908
207
2037
1987
3484
2971
226
586
2846
2460
3109
1044
2043
2614
2907
2362
886
2780
3398
338
3122
2467
582
3061
1052
2089
1689
2841
2920
2689
3328
1923
1357
2778
1757
1374
2162
533
3049
761
2913
2103
2291
3470
2627
994
503
237
2148
3401
3144
2712
3467
2378
1147
60
1686
1850
186
1134
33
1422
2270
1906
3502
806
1907
1132
1616
2481
284
1890
571
1551
2658
1185
301
1911
1728
2664
1861
1003
1359
993
2789
2631
1708
2149
941
3374
3145
869
380
2426
3175
120
1404
122
36
1420
286
2565
2668
412
358
1367
1936
1610
2249
451
2073
1198
855
878
3089
3140
3264
3298
1668
3421
2676
2192
1026
143
1136
3038
3494
1466
2759
2515
1331
3063
3404
570
1289
3446
2947
2679
3
3515
946
3270
1178
3402
1055
2450
952
1283
3110
1537
3545
2848
616
311
3057
607
2766
463
2713
2638
2246
971
1155
157
2188
2891
2439
469
2004
499
1409
655
1473
217
141
2369
2151
1675
2851
1567
1800
2160
576
2754
1291
2692
2304
2761
1515
1851
1609
1687
99
3297
2269
2585
2414
2796
135
2064
1442
1602
970
726
2527
3107
3327
1753
1580
1349
2925
3067
2742
2557
2062
2783
64
3012
612
2272
2415
729
1278
788
698
413
164
668
3010
3184
1566
2650
2587
3223
354
1130
1113
458
1962
2366
329
1226
2942
2237
3059
3186
1500
1758
3168
1649
2153
3464
2580
522
285
1752
2340
97
2271
525
3125
175
1478
1640
3000
1464
344
776
2003
2825
2236
1788
2454
2860
964
1904
1021
346
1138
2185
3534
3529
3046
227
1986
2007
3395
1426
165
3323
1267
471
2973
3344
2256
1825
1385
832
1817
2214
3394
2613
1193
362
2707
1264
2593
2198
2547
1412
23
1083
112
3363
2175
3445
1068
2276
3335
2131
1300
2561
2300
2977
2554
184
933
1748
3302
2296
918
1307
3182
73
3053
2233
268
3383
389
1148
3099
89
3324
130
1935
2611
877
3342
1838
83
1025
439
2138
2937
1269
1050
2706
44
2866
566
1934
1626
3174
3058
2649
3068
1536
1974
1080
2092
2224
1040
660
3543
2146
149
1039
1294
1867
1228
2861
3427
986
400
2624
1661
2578
1158
1820
701
2961
134
3441
3386
212
232
2231
3097
987
1664
3434
850
3126
2566
2981
461
640
2885
2857
1763
1494
3418
1579
2410
1096
105
2353
1429
1223
1076
535
1213
3278
552
3172
2602
205
2453
745
2443
3155
750
1428
1518
1824
2579
1033
3495
651
1496
2571
3520
2514
1563
3152
2837
2422
397
1303
796
2265
2870
1971
1766
1731
3120
156
2978
1009
1831
817
3455
2922
1240
3432
88
507
297
1541
3480
917
3200
2076
833
261
581
1985
1509
2617
2143
2934
2724
2887
2474
1184
3490
267
1993
3461
1087
871
2071
2161
1059
773
3206
2728
2358
1377
2072
2455
1029
1875
2277
1417
656
1486
1574
1432
3306
2632
420
192
2574
645
431
3096
1328
454
3449
1896
2280
2823
3011
2853
1666
1632
1519
2685
1188
1139
2108
1345
3287
1474
999
304
981
3489
1523
3081
2388
3161
1375
3415
658
734
873
1843
1739
1755
2548
79
2564
555
2212
2282
1955
283
765
1514
1749
3320
636
1436
240
998
3052
324
3026
210
1334
2227
2812
579
106
2608
1751
929
1431
2933
340
1744
3373
1853
732
2184
1876
2959
1702
2957
2016
3382
3463
1714
2732
1645
749
3366
2968
893
3279
711
2687
1017
3027
527
2408
255
588
1803
467
1805
606
2126
903
2890
3348
3384
464
2258
381
2395
1857
1110
1273
1070
443
2944
3326
322
1353
2781
2528
622
1873
802
2190
115
1444
3352
3219
2292
2060
2652
909
2623
936
3259
559
3044
1960
272
2943
248
2253
1942
3452
1182
1951
1674
1152
2023
1528
2118
2479
920
3226
3238
3423
402
1249
2002
215
2264
1248
2229
3117
1346
1327
1167
2083
1019
2389
1064
1024
1902
1254
2772
1101
430
3158
1562
8
1490
2234
1978
2128
3167
2096
2765
2305
2445
828
1587
1947
3312
201
1387
1883
2334
842
1391
3208
1642
1532
3181
3442
3319
727
339
28
1320
728
2180
1086
50
1667
1964
168
523
1542
3332
337
2523
1627
1180
2792
2681
1497
2883
1041
3262
1296
1997
809
485
2134
2936
3199
1660
1475
197
1192
548
953
584
260
1224
1716
3157
867
3257
3050
1855
31
3314
1258
524
617
1814
2315
1341
303
2313
2720
1694
1678
1069
1238
1792
257
275
3001
690
2464
3488
2721
2438
1149
1225
2066
654
1793
2844
632
113
1591
916
3508
3265
708
3356
3023
3355
241
819
1548
808
85
70
398
1014
1392
32
315
2497
3060
3108
3378
1453
392
770
2862
1187
2019
1901
1676
751
885
2050
2053
3039
3433
2235
3369
3291
1189
3104
3479
881
1777
818
1246
1414
2494
395
86
492
2495
2572
3274
399
848
905
2209
1256
1965
1894
287
2830
2785
2169
1786
814
147
1468
2354
2331
1451
683
3303
3204
1946
1760
1274
2867
3196
58
2345
1007
1658
1937
1430
2999
3146
1754
452
3034
1603
2519
1205
1799
1089
3437
2402
1421
3253
2022
1949
3077
1879
110
2006
1898
1002
3021
3280
2615
3178
139
3062
2338
66
2621
519
2616
465
1555
2144
80
3501
3193
1092
1371
291
950
98
3447
500
2055
3338
538
922
2733
2475
619
3133
1382
769
536
1308
321
3151
1440
251
363
2274
1802
537
1038
1276
2643
1750
1255
672
2686
1715
2829
2051
3095
424
680
1354
724
2532
1571
1795
179
2370
2969
2673
3086
1207
2273
3037
1525
278
2383
3260
1963
114
1884
1959
1653
2854
2391
2542
3242
369
3316
390
2000
1011
1629
945
2293
1809
26
1772
2218
2798
2510
1968
3148
3308
2666
129
731
2850
2418
2553
3530
2278
411
426
982
3430
2670
2242
3345
3215
2054
1835
1900
2705
1389
3412
1593
992
208
1125
3080
1600
2011
1624
830
511
1415
723
515
2035
434
1124
2952
2484
372
3371
91
1585
813
3056
3188
3476
2725
299
2605
19
1781
309
2993
3216
3531
1369
3073
3078
1455
300
445
1695
1406
172
132
3043
3350
1056
757
3458
2084
1078
1446
1457
2154
152
2347
2400
376
1408
2793
767
3451
2399
2121
3341
3424
1084
935
3205
1199
3091
2958
501
3066
539
2903
978
2116
2110
3197
942
2818
1043
3519
3137
480
2324
228
2339
357
758
1617
652
1304
1663
176
1098
2189
517
794
510
3015
2894
436
859
209
2654
2871
925
433
1662
2669
1885
2114
2987
882
2833
2555
3336
3074
2197
2129
1533
453
2801
3290
319
3399
3273
937
2592
170
2087
2206
2710
1554
3207
889
1380
1847
821
902
3365
1305
762
2758
1826
3088
403
1333
387
1891
2597
2655
2562
2437
2726
294
3102
1174
2570
1540
418
2207
1407
1107
2303
647
1713
3236
1741
2966
460
866
1516
3392
689
1144
76
1832
2382
2695
1373
1411
3079
2535
1364
2641
958
596
312
1508
2199
1338
2729
1495
2288
292
52
3299
2015
3261
174
401
2735
3069
2177
1972
834
2589
574
3247
755
1886
41
1194
1450
3325
883
3042
1745
2953
3241
2612
3286
1863
229
2428
1472
2828
2462
1452
1688
3115
326
967
2537
2093
1727
1633
1774
1957
1524
3428
470
5
966
721
1931
3005
685
1013
1783
1684
896
3070
1877
193
2325
1006
3387
2487
2228
384
63
1975
3245
1232
3136
496
564
643
2038
1880
991
396
1887
725
1399
259
2530
2099
1299
1156
244
1231
2804
2660
199
1499
1811
898
2974
327
1250
1208
2381
1200
1690
2875
2575
1295
3201
678
3190
1031
854
2776
985
669
1721
975
2279
242
540
15
1813
2690
1565
2461
787
1170
649
1322
3317
2533
1604
2027
884
722
861
314
16
646
3403
2583
1119
408
2980
1394
1329
1400
957
695
1711
3076
331
1441
875
93
900
2442
2301
1583
700
466
691
2678
3293
3129
3244
1397
2509
2446
2482
1063
3354
2111
2401
2147
2863
1217
1918
2802
2663
173
2251
1881
2398
531
3083
310
1852
1779
2581
2081
1921
437
1443
2409
1631
772
3105
2900
826
2989
3409
2298
1908
2488
40
1564
836
1314
3229
1988
429
1302
2628
1628
378
2137
562
1706
1849
2543
977
2498
2645
148
1077
35
71
1693
1989
2368
766
3340
2452
1845
1416
473
2394
835
3535
2965
3304
3315
3375
7
1403
2317
2884
1243
3448
948
2101
442
475
2607
573
2994
2541
3033
2767
673
2425
2774
3475
1553
425
2082
1928
258
2309
1046
778
2123
131
2457
2905
1589
1388
2373
2674
2355
3138
2699
3100
2576
1856
2656
1163
27
2254
1812
1489
3538
1790
1462
352
623
1608
1719
1030
1770
1618
2275
864
1868
2697
1596
1325
1197
2640
1129
618
435
2360
3028
1546
696
440
2219
81
720
3351
221
921
505
1057
3516
1370
1203
2466
2135
2357
375
167
1601
926
2090
1977
2311
3094
1423
1123
2727
22
1733
2120
1140
2988
1358
2302
3228
2601
2949
211
2749
1575
2677
3277
1659
2074
620
2417
1673
1769
3192
3321
2526
1424
1401
24
3022
2031
3101
3232
2626
1865
3170
2213
2350
1915
1318
290
190
2387
528
2659
1899
801
1577
2741
142
1597
119
3113
609
657
166
756
1764
1681
2244
2782
793
2240
2935
961
3526
2757
1932
954
289
243
2194
3180
1160
1801
1165
2826
1922
2248
3381
1844
1598
598
158
1262
1285
2468
3222
2756
2814
1648
2546
3111
2327
256
1697
779
1365
1747
2321
415
150
308
1335
563
3289
2047
3263
1905
13
2431
2568
738
46
693
2333
270
800
11
39
1842
2140
839
2831
279
1448
2906
2312
2633
2061
1010
2068
2412
419
1212
786
1143
560
928
293
3349
428
274
1796
2709
939
674
2432
1234
2167
3431
236
2703
3075
578
1717
2283
1015
1480
1984
2820
2299
1427
2682
644
1311
1808
1691
1161
162
1869
2030
1352
2770
2586
2938
577
1146
551
2115
2018
1090
2985
3492
1576
546
30
872
1376
2997
2522
2208
1103
932
3040
2843
1735
1782
860
2901
1114
3119
2441
447
317
2603
3474
2142
94
2538
123
822
3389
990
320
2225
2024
2046
2916
1909
2604
3331
2113
1919
2486
763
414
3106
2335
3041
709
2025
2480
913
1211
1613
137
858
3071
126
1121
804
707
2902
3444
2609
2639
1736
2864
3339
3462
1705
2771
594
1696
627
2508
2811
1725
2171
663
288
3311
1458
2642
3329
2191
2193
907
3006
497
798
1724
54
3422
1277
82
615
2232
2257
2205
1
1590
3357
2714
1206
736
2559
1465
1405
2286
449
1759
1737
697
438
892
2550
1091
2057
3305
1746
3045
3390
1828
1372
2915
77
1938
1630
2629
3142
2261
868
2513
1704
2380
2763
1558
1980
3540
2364
2824
1036
3195
1120
21
1253
2567
754
1230
914
2744
456
2085
404
1526
1195
694
1265
2880
477
2330
3310
1173
488
3118
2132
3377
1767
681
2647
2179
2469
2104
2170
2975
313
1637
1323
1517
1871
1454
2779
567
235
2063
1703
2787
2544
561
1186
2079
416
2840
3496
702
1122
705
333
2594
2451
1108
2790
1945
3466
118
1821
3391
1995
1531
2322
1699
0
2773
1268
2521
125
1654
427
2243
2648
370
2255
2159
1449
1830
2834
2026
59
2998
2917
1032
252
1939
3285
853
3007
901
3025
943
3380
906
3503
2226
151
2892
2683
2290
2552
2396
3029
1650
2838
206
2549
1621
1058
409
3411
1115
2711
245
1685
468
2635
382
1970
90
3258
2119
1292
1549
938
295
3353
2872
1324
2588
1162
2078
2606
2363
1105
3132
2753
797
161
2496
2618
1342
2042
3085
604
493
14
803
840
2416
2048
2095
589
3013
714
862
976
3505
1168
1301
3435
2097
191
2374
1846
974
2751
2344
3460
1117
863
1282
955
2755
1930
1996
895
2746
1639
829
3047
2013
2210
2155
1306
1501
1718
1510
2052
104
3426
1827
1351
3002
250
3177
748
1889
664
2832
1652
3497
373
1438
1816
1280
2518
1859
2694
1379
366
2625
984
2657
558
759
2168
494
2183
610
2918
1815
2158
2465
266
2630
3499
2294
2930
2948
407
1398
1512
2310
602
1109
3362
3237
997
2970
3194
1477
2795
277
2945
923
422
2878
2001
1439
1151
3269
1485
1210
2314
2842
3189
2688
138
2911
3471
1534
1384
154
2067
3054
6
506
2924
2337
1544
2797
593
2430
1484
1819
2107
204
2106
2483
1982
1075
2045
2502
202
2859
831
1692
3440
624
306
20
3521
3343
160
2503
2326
2769
2865
1605
502
1176
153
3301
360
2569
1822
2033
513
177
1952
963
1657
2786
1169
1236
777
1870
2342
2204
307
2447
1854
100
2662
2223
178
3483
3506
3288
1586
1339
2972
3413
1521
1794
2281
3143
2473
1953
2893
305
1910
219
1245
2336
1383
2979
1106
1670
3486
3491
1034
1491
2186
526
254
838
1927
1183
2539
3156
3214
3358
2598
3307
2748
1099
852
3514
1157
1272
2644
417
1028
1012
2485
2196
2124
3166
1545
3498
1116
1979
2105
2458
62
1599
2764
1679
2059
3004
3248
912
350
1088
347
1347
2886
1244
3295
1393
2672
2359
2211
1837
1700
2077
1944
116
1141
2921
3016
688
218
2869
2384
1233
1419
450
639
233
3507
9
68
741
2419
810
2020
590
2420
3019
3130
553
3250
1131
2939
1049
837
482
782
682
2182
843
1940
760
1051
2520
2590
367
95
2719
1797
2088
1016
2058
2898
677
1829
2100
2653
479
1288
238
2
410
1054
849
3284
1768
1047
2385
891
1638
459
1179
2950
899
3239
2266
25
2529
2150
1882
1356
2702
1742
983
2899
1257
820
1337
781
2914
774
3162
1270
880
1646
2141
2200
1434
659
1293
3224
225
3397
715
1712
3457
3009
2701
554
744
2318
1493
3093
391
2622
3318
1834
1247
2910
1791
790
3500
1570
2873
2995
2328
2122
2491
2807
3481
1085
483
128
2704
1994
169
930
2882
2102
2745
870
1309
1569
2250
2287
1218
1505
1279
3309
504
1503
1840
2667
717
611
2201
474
2459
1839
2267
1888
2931
3436
3396
2080
1445
2173
2927
1765
351
3160
980
969
3539
386
910
2136
1008
633
2238
1780
3123
2245
2444
2403
3281
792
2499
1612
1252
2821
1841
1488
947
2157
1467
1037
3468
1435
1776
2490
3003
949
276
2888
3361
476
84
2784
103
3417
3202
1018
1539
785
2217
671
3537
2195
2379
2435
265
1275
2646
2433
385
3472
446
371
1126
34
361
