1955
1484
2954
1050
1017
1592
3090
1688
520
3306
1865
1153
1417
636
3344
3518
158
1130
244
1549
3787
1520
661
2228
4100
450
3361
2667
1348
218
3864
982
4047
3397
3881
2919
3257
3005
2419
1722
1343
3481
3921
2444
4066
4075
3688
2226
1329
995
3772
2004
1942
39
963
3622
3539
3161
4037
205
91
3674
1585
1511
2044
1986
1326
1239
971
1
382
1741
2493
688
847
3149
3782
1103
964
2452
1293
2197
137
3514
3148
375
2196
1308
3374
3556
818
1290
3485
1754
3471
3845
1812
1966
1555
156
102
85
2522
3635
1563
253
3183
2332
64
2614
2252
1461
1690
87
2358
2043
3561
1141
215
4002
763
633
1334
878
594
1570
351
1753
3012
291
4055
649
1230
2319
2246
1382
1042
996
2063
791
2108
302
394
131
40
3996
2132
3239
3296
696
1078
1925
3876
1204
1415
3795
3020
3738
1219
1439
1091
357
3708
2554
3533
2558
2933
2020
2095
4010
1134
1377
4054
2914
1586
1957
2322
2110
3893
2624
1101
2048
754
1790
360
361
1954
495
1072
1553
3963
1834
2342
1700
3173
1444
2866
1830
2854
245
2092
3800
3846
4014
3282
165
838
3228
1183
3445
3086
1039
289
12
726
3973
4023
1663
3749
3191
1565
1877
552
3563
1084
3968
812
2353
303
739
723
795
1972
1833
3906
3314
2872
770
2695
1359
2804
1106
2257
276
1236
3421
83
1077
1282
2797
1631
849
1383
1644
2696
1611
1881
297
3885
2266
819
1590
3253
1583
817
439
1556
3037
2305
2445
315
2575
3370
3508
3974
1505
1546
2648
239
2159
1629
635
3883
410
3662
926
1356
1777
2978
1983
3894
1131
3028
3797
2151
1704
1279
2538
3322
3366
1787
3594
1798
1393
975
998
3979
1283
141
1186
3730
3181
2204
2935
2588
1011
72
2635
501
2756
2498
3929
3175
3925
2929
1063
1064
2398
2476
658
35
2377
2596
2335
76
8
2717
1973
4021
737
3789
305
3139
2564
1121
1386
2174
666
902
3206
3393
2550
163
3107
1808
2889
216
1827
433
1260
3172
2488
3982
4097
1331
3075
2495
2289
1851
3754
333
3555
3170
2986
2497
1315
1923
846
2506
3380
94
2000
1911
2675
2908
2994
2035
2884
872
3387
1471
2308
3033
3602
1032
1151
1620
1451
279
2546
213
1558
3897
3671
4082
2599
417
3368
2499
2242
1660
1081
1414
1781
3192
3275
3835
3140
1494
3523
1588
3742
3841
2859
3553
123
3569
647
65
2291
3194
2609
3998
407
663
1265
1838
704
3409
3842
2130
1027
1335
3867
3142
2310
595
386
3092
3023
1076
1182
2607
2657
3378
2760
1391
1004
2731
2916
29
869
867
2366
2527
969
2623
1571
1516
1606
3176
550
3426
1495
2453
234
3427
2016
4
436
1452
3727
3834
42
2484
2932
625
1994
3638
2241
1044
464
960
1991
2329
3501
138
1935
4017
1455
1374
2611
2152
1995
3319
2974
1929
1858
3548
2210
2364
235
2598
3396
1846
662
2489
2735
2529
2547
1332
533
1170
2086
2260
3758
269
1488
1892
798
1572
822
192
3903
1609
3917
1910
644
2150
3858
3420
3336
4103
1468
2578
2385
912
3381
1446
751
1614
778
1462
568
2909
167
226
1521
316
469
2672
2851
1630
1506
1041
3067
1420
2347
3447
3388
1723
3774
1429
2091
908
1522
1177
2591
3578
3413
3251
211
2411
3808
2184
1156
1654
2791
2070
626
1872
3675
2809
431
1593
3184
3851
1079
732
1180
1683
1208
2082
268
3256
1947
4057
4072
692
2989
3959
1297
2861
3803
1896
695
3128
2649
1481
3598
617
3919
2782
600
490
1616
2482
1175
4027
3234
3611
1682
3469
2585
189
457
2442
2710
3032
1886
1273
342
449
3951
442
1286
3767
98
854
885
1938
1333
1939
2420
1399
3729
3554
874
3816
1160
799
392
557
1799
2708
1984
900
2993
1057
2856
1904
2653
3006
1193
1380
947
3679
1551
1622
71
2033
994
830
2864
3813
2318
4080
2519
1318
1094
1472
1024
3475
1899
136
1970
3820
2758
426
3258
380
2330
1378
3491
3838
3014
1823
756
2699
2721
3721
3946
2119
2694
1003
3880
3693
2816
249
1968
898
474
3962
1490
2789
3443
3329
134
2462
2921
3544
262
1295
1943
835
1636
1320
3179
147
3840
243
2690
3763
3607
3076
1940
2274
776
3843
24
3315
186
1384
4107
3529
1524
2177
1234
434
3412
3515
478
3177
1905
1213
879
3914
3538
3689
2220
3252
3451
2922
3809
1680
281
1342
154
2378
3108
445
2084
815
2338
2608
2632
1884
47
3513
2158
3863
2115
1619
3989
1093
1418
15
2530
2654
3587
2201
3162
534
1060
1564
3350
707
3338
1327
517
2570
241
2686
1146
3325
3815
2869
3967
1545
622
3507
3218
1998
437
1684
1721
4003
494
1907
1770
2944
820
370
3249
2883
829
2778
4069
1560
1587
3516
1246
300
2913
1952
3073
1436
929
3764
2837
3232
1691
1726
428
1697
2957
712
3266
868
797
2023
1681
1849
4085
508
1852
2278
2078
2053
3595
896
3030
686
2294
1423
2314
2194
2481
3157
1500
683
1014
3204
2892
1235
1528
3483
3719
408
2582
2207
2118
1717
2542
2215
1301
1190
3532
116
3453
840
1701
2024
1450
1544
3537
1711
3702
4062
104
95
3202
844
187
3710
691
2733
345
2474
3520
3168
1780
1568
1734
1210
1869
613
4000
1719
2382
1159
678
3069
545
3766
2828
424
3318
3699
1605
674
3164
2807
3691
715
2490
498
2651
2840
3460
3658
2323
1448
2090
1639
2618
2170
4091
3934
2562
2687
237
466
2466
3631
2531
606
217
179
3118
1643
919
2292
3436
3915
1092
1742
4042
2371
2077
1893
1387
350
1908
3603
3224
2764
1367
2455
2692
1597
1082
1437
499
3932
1662
2230
2992
3707
3339
1285
3382
3734
1655
1813
708
1890
1856
2387
2685
1739
2072
1982
1137
2131
977
1748
514
3226
2831
592
2290
3634
1694
906
1705
834
2517
273
1981
1509
3057
1479
2443
32
4084
1779
263
74
1745
720
3029
3850
4071
1026
772
4065
1069
1772
629
2525
2553
3831
405
3450
3060
821
271
958
915
1015
2361
880
3347
1802
1967
354
340
1960
2556
1198
84
1980
2094
936
509
3424
3558
2440
1408
1601
865
265
3878
1602
2700
2642
3102
2577
3010
1651
3510
1031
3521
1460
2784
632
2776
2051
3099
956
3446
4089
3954
3284
2326
2656
968
938
3103
3630
2924
2574
3398
3895
2835
2251
931
1757
1192
563
1390
4106
3439
2315
3868
2727
489
168
398
1580
2089
2888
1339
2001
3472
3609
1876
3589
3004
4025
2873
2162
4105
2673
1562
2025
1840
3059
3428
682
3806
1261
2704
2941
53
3470
2141
2218
1047
1965
1837
3071
202
3328
3872
2256
2646
1835
4063
3233
2590
3938
1934
3144
1023
525
1667
2367
2217
1756
694
1913
2372
3152
1196
2480
2988
488
2479
2243
2391
1347
1115
3844
2232
850
2224
3359
4024
3830
2221
4073
3484
687
3715
1533
4028
3909
903
2129
365
1554
3009
1987
3552
2999
978
1575
810
1227
160
2262
1894
2264
3497
1425
49
2962
3994
3677
2394
1976
132
14
2621
3292
219
3712
2753
2046
3
3731
1569
948
3783
3070
1868
3461
1402
762
3430
949
946
2533
3303
1755
1330
3759
883
1855
157
3908
1162
118
2650
1724
3287
3405
3188
1366
1426
519
2504
2301
1463
1676
1625
1474
1737
6
1689
3043
790
2071
1870
280
2963
3941
3680
836
2871
745
1117
740
1225
979
940
3352
1751
1898
3431
2356
2058
2346
288
1775
1888
2057
891
3462
3197
4046
3791
2400
771
3971
2383
3960
1847
2355
1089
2434
542
2106
4019
742
3690
2716
3931
146
1427
699
3199
588
1145
559
2793
3898
3660
911
1800
1419
1096
3217
1764
3575
1589
3402
1268
780
1360
3564
2602
1251
3975
1178
3171
2236
3892
3547
2376
1370
1475
1477
3676
1710
3072
2239
2011
4022
1677
2802
46
1826
2438
359
286
3240
1254
385
659
570
2786
2363
591
567
930
198
3995
2852
1271
711
430
1930
3711
2468
1804
863
127
3205
889
139
2728
3985
2743
2882
851
2902
2886
335
3024
1466
537
2037
1422
2062
1358
3330
1319
3833
1944
3557
1139
45
3021
5
3302
1306
472
564
2008
1820
841
1821
3047
56
3156
1447
1442
3956
1850
2015
1138
512
2876
1649
1552
4104
3094
907
1071
1256
3743
2337
640
3337
1740
2709
1594
3285
121
800
200
1618
34
3992
2325
759
1035
2714
173
555
547
1604
833
2277
1133
1999
3703
1142
3087
585
2857
3505
2890
3423
2306
2722
3627
3583
1945
3320
980
348
2343
2572
1019
1154
110
1409
2912
628
3889
709
779
3980
2878
3489
254
558
1948
3056
768
1161
3236
1501
3654
3313
113
458
3269
330
2123
3452
3667
876
440
4007
2705
2946
463
1530
749
1518
181
452
4029
1845
1303
2603
3096
3131
1473
2487
2773
404
2677
1579
721
586
862
1373
364
1195
3922
3496
199
2396
1502
2702
2405
3215
983
1595
3540
3467
1914
685
284
358
543
3822
224
884
232
1008
1559
2100
2867
3802
656
3019
965
1098
1379
752
3687
2739
206
396
3355
2190
3940
1557
3502
706
510
1368
2865
2959
261
4074
1341
1113
921
438
2639
3212
653
3928
2102
1859
2730
3888
68
448
1021
270
3874
1640
443
1270
1284
2320
3335
201
2956
1963
1114
3307
1657
1269
2765
516
17
3692
3590
296
2953
2655
2157
3136
528
3581
1440
988
212
3666
4050
1048
3937
2183
1112
373
2404
3271
3477
3599
2679
655
2515
2633
2187
2143
1561
1465
3244
481
294
1291
3760
814
3829
1822
4070
3064
672
1171
890
3582
813
1668
1255
3871
722
1487
1464
1853
2967
2742
323
3955
1354
1915
2185
2003
1226
1673
2674
764
1097
2281
2206
2181
1233
242
1313
2334
140
2693
925
1030
1217
1454
2780
1661
2040
3987
1434
855
530
1034
2473
3438
2267
275
312
432
2818
41
2838
2520
4041
3342
1699
419
3178
3259
2219
3120
2406
2191
3017
1363
1307
264
3324
412
451
1861
486
2757
2293
4015
3130
2112
2268
1397
124
2125
3636
3187
1610
1482
1782
4049
1909
2205
150
981
3655
1786
2796
2407
1083
1281
2897
657
1941
679
3945
1126
1992
607
1928
1672
2454
3771
2021
2344
159
1352
3541
1887
455
576
1512
2535
3486
2384
310
1531
1166
808
3656
3267
4039
954
2514
1025
1336
2617
285
3121
992
2172
693
3098
374
9
128
2109
1613
3747
1499
1435
3167
3165
719
1897
2065
1814
2450
1633
2885
1127
1340
1312
2814
825
2059
2972
2600
3810
1294
459
383
3027
2249
1012
2891
336
79
210
2430
1591
3280
1692
283
3490
1381
4044
2079
1685
1749
1400
959
366
1209
1054
1300
3053
1321
2231
1105
597
3441
54
3054
2652
2505
3016
2148
2597
3295
766
44
1912
1147
3678
227
1538
787
3751
4006
909
1028
1445
2939
2295
31
4064
1550
258
646
2569
3709
3237
2900
1238
2644
2271
1515
3933
112
529
90
1250
1051
1584
1746
1211
3792
3213
584
3949
3349
3685
2920
2120
2336
2007
2006
1244
976
103
521
2431
233
2664
2907
3966
473
1107
2634
713
3002
1123
2895
3185
3034
546
974
1514
601
3369
3248
3042
1608
2088
2640
3018
716
3419
1624
2990
1519
399
3278
1309
143
2471
3022
3495
873
153
3724
3044
3403
4083
1345
368
1242
1843
3449
2628
2987
3193
1829
1350
1267
681
1289
1416
1743
3911
384
3530
3276
927
918
2521
174
3600
307
3798
572
2248
363
1324
728
2965
176
571
1731
114
1889
3901
1950
2691
4088
3305
1919
349
1715
593
3478
580
1000
190
4093
3972
1385
3394
2948
1163
2030
1806
3141
2613
1223
1453
109
3048
2161
456
957
420
2887
1758
484
1216
3235
2980
3281
2448
1247
2265
1712
3011
2790
2423
3912
2855
2458
1615
1523
339
3768
2736
3100
1773
1371
1696
767
379
3873
2516
3364
1860
3577
346
758
535
875
3013
3698
356
1771
2845
256
2424
3433
101
3371
3174
2811
3543
1188
2182
3146
468
2275
2073
562
2284
782
2829
2724
1456
3494
668
214
3189
3559
852
1441
3041
2880
2167
3068
4045
3617
3088
1245
3705
4053
920
479
1763
1988
2905
38
504
1732
2576
3997
3225
1276
3586
195
292
1752
2615
2202
290
169
1599
3828
1647
1325
251
1686
2508
943
3935
2544
2893
1174
2386
3615
3983
27
540
3848
2794
1581
2795
3745
3750
3301
3432
3273
3785
3804
2561
2370
2836
3773
2676
1149
1979
3219
4086
2225
1005
3807
341
161
2559
2176
3260
3999
1674
932
2209
710
608
2393
2449
2678
2302
2925
1795
2833
3309
2168
1871
2977
2483
4030
3125
3566
1249
3748
2287
3286
2825
634
3722
2763
1187
3930
3375
718
1143
1573
3101
802
1038
3701
197
2592
376
183
2178
2154
556
371
2903
2282
3517
2273
1053
3696
133
2359
1612
3291
2349
2060
4099
654
2627
3035
247
1263
3105
4076
1372
3663
1932
470
2901
3363
1727
3776
3650
3713
3779
1920
1665
2725
3694
2465
2539
730
970
3641
1086
2280
2848
324
3647
888
1316
3116
1243
1796
3733
1783
1627
2437
402
1883
2513
2461
3781
894
2427
4102
3442
1006
3437
1457
2745
2595
2589
3805
503
2719
3778
3629
2179
37
3601
492
1693
2412
1918
2269
2304
717
1537
532
1962
454
2379
3038
3732
3154
3649
1056
2839
406
1811
3519
3923
3786
2995
228
2966
170
389
2107
1936
496
3311
1458
1046
3585
3567
1650
2054
2227
2586
88
2844
910
1810
1766
3755
2629
1728
3198
1917
554
1977
4068
3568
2460
1937
1287
566
3379
2165
2826
1194
645
3448
1831
282
2026
2317
3346
2580
1404
2713
824
3367
3571
1099
1969
784
3684
2193
1854
3003
2879
596
961
923
3299
2017
1257
3918
1543
400
3468
3546
3147
2799
4081
2973
475
2142
3454
3169
3620
3243
3726
2133
2169
2981
2787
1623
2712
1172
697
3195
59
842
832
951
3900
493
1548
3408
3457
1486
2752
3160
3704
2904
777
1095
2139
3081
3796
1635
51
1792
2397
589
3498
2117
2824
1767
757
1220
180
612
539
698
272
1815
541
1707
1155
1582
2571
3298
3264
2216
1809
480
2750
3737
1927
2235
2439
1087
604
4056
837
2357
1791
2146
3466
3591
460
729
3640
2950
1395
3952
3573
2820
1118
3527
3203
3836
2660
3860
26
3503
1702
989
877
565
2028
1900
2906
1664
2328
1067
182
864
1033
1507
3818
750
3444
3849
1621
4034
126
939
2147
246
743
2749
67
3351
2842
1841
328
301
4001
2463
987
3026
1867
2755
1036
191
3752
1768
317
2565
362
700
3837
3297
2486
1658
1776
1317
1102
574
3411
3401
4058
3031
1508
117
2647
1632
2105
1116
2823
2563
3584
2777
453
2815
599
2732
1885
2813
2432
1703
3799
2492
2984
2507
1720
3376
2408
953
10
2270
933
2229
3913
151
3714
2638
476
1228
1080
3373
4077
848
3124
465
502
1866
3300
1164
3916
2899
3775
3574
2800
4051
603
2658
2414
3326
1040
1716
3958
1212
2947
1398
792
467
3122
3592
3877
105
2779
2373
2863
3686
1010
664
3245
152
3216
2351
755
1085
2817
3904
3399
1277
427
1201
1735
229
1449
3500
2222
3596
2548
1532
2798
2166
1695
901
2715
3115
1222
1607
1953
1338
1407
3857
669
441
2389
1221
1337
3887
1747
746
4004
637
560
1075
985
955
3200
3025
1864
497
1364
701
3190
1375
937
3310
3927
142
3695
2327
2681
870
1090
250
3270
3440
3700
1801
2726
2298
916
748
1061
4009
4060
1730
620
2416
2238
3493
3572
3058
2395
73
3104
3821
70
1052
1206
3077
3151
511
2429
2255
2200
2803
230
2441
2741
2339
3055
2027
2313
3793
3085
3132
3482
3036
1224
1396
2706
753
1628
990
703
372
2772
3343
2285
4020
319
3418
1634
2551
3395
2136
1259
2114
3570
3869
506
2877
882
397
1789
3080
1203
293
2683
2470
119
1525
2341
2093
1124
1424
3847
1816
149
2456
1990
2198
93
1958
1351
1128
171
3479
2669
462
3969
482
3725
892
3765
3289
1274
2737
4043
311
3119
1167
1844
4035
3605
3186
783
1577
3506
52
775
77
2711
3632
774
1956
2593
881
3542
2524
1648
618
702
1365
1459
3865
677
1200
2698
2689
3422
2645
3939
2345
1535
2512
13
513
255
605
1310
3458
2068
1759
3417
25
3250
886
3652
1576
1405
1328
2467
1669
2254
148
3562
793
3321
1275
2769
2464
1924
3052
2969
1964
3970
4032
2475
1503
2029
2985
1355
3604
581
627
2970
306
3942
3944
2998
2433
1438
839
924
3220
1013
1873
2746
2528
1122
893
3512
941
2283
1029
4016
23
805
2557
2208
3163
1369
2862
3046
477
2896
3463
491
2061
1708
418
3304
3770
344
1469
1232
3645
984
1534
2307
3824
2041
1176
736
106
1292
4026
3429
2684
2138
3255
2682
1496
3109
2428
429
1467
2509
3653
313
298
1617
3474
518
1547
2671
3637
1433
801
2668
1761
794
1322
1828
2834
3739
415
1205
318
3093
1646
1971
60
3410
58
2303
4038
4087
3965
115
3744
2759
338
3229
80
648
320
252
1344
1922
3852
2163
3499
2952
2955
2774
1357
177
122
2971
2636
2137
1805
2918
2121
551
2049
2502
727
3993
2390
2612
3182
507
2949
1252
638
3372
3784
4013
665
1480
2663
3084
3790
1797
615
4052
967
1248
548
3621
2996
2738
2175
2610
3112
3082
3159
369
1857
3890
1882
3854
1725
524
2630
2069
188
1148
266
2982
2622
1848
3902
1903
962
858
3091
2775
1678
3138
203
3817
3509
3757
1902
631
1603
2849
1152
1997
3504
2331
843
3150
2584
3623
578
3644
2156
2822
471
390
1043
225
1018
2526
1430
1769
3953
231
352
561
3290
1961
738
1539
860
3884
2843
785
3761
1541
1346
2830
1165
2286
3386
1059
48
2910
3384
2620
401
781
3221
3511
2034
3155
3950
675
2500
859
3593
2369
3062
1567
2039
3788
304
353
3127
1135
2189
1598
3263
326
1376
676
2976
2997
897
1874
1906
2019
3920
2381
3049
1202
1401
1641
2014
2940
332
69
527
3390
3716
3859
2754
3238
2943
2126
3400
3801
2012
3083
3697
2055
2145
2244
3323
1191
1262
1718
4011
2605
1996
1470
3111
1432
922
1862
4033
3247
57
2783
391
367
3947
2234
2171
3977
2
487
2579
3891
2643
3065
3465
3549
2991
731
2199
1493
1836
935
2532
2127
3825
1949
3720
1037
337
1931
1389
2459
2365
671
3613
175
2388
2619
2768
1926
1140
2245
196
1007
1104
1504
4092
3936
747
602
1108
3839
3606
3357
2155
7
823
4098
652
3832
3628
2050
3524
3670
1600
2098
1278
2503
1542
2937
3957
1709
1733
2850
3348
2013
129
733
1009
1157
3588
3762
2296
3718
942
3308
1738
2875
1231
2103
2113
3746
2250
1074
1985
1517
714
1070
3110
553
3823
2744
610
3377
744
1497
1055
1626
2568
1125
259
1478
2923
2259
21
20
3231
325
2805
2076
3106
3741
388
816
2056
2354
3875
2573
2457
3362
483
590
3389
1807
725
107
3459
3861
3392
2096
1305
2067
208
2523
1540
2701
2501
500
1652
2081
2659
2494
3145
1132
162
2874
1527
2801
1637
986
166
1803
1302
184
2761
1158
3976
4059
1794
2134
3137
193
0
89
3383
3624
461
505
2297
579
2666
2340
1698
274
2567
3814
1750
28
3180
2472
3331
4031
3657
355
1736
423
2534
639
2936
950
3050
621
3853
1266
630
3207
422
414
1993
611
1760
1068
2485
4008
2258
1491
3681
1016
3039
3333
3416
1280
1253
2324
2312
3646
3211
1788
3277
421
1483
914
2097
3899
660
999
1793
3425
36
1207
895
2604
3434
3464
3208
1412
945
2446
765
2418
2135
2018
1645
972
1978
267
1951
2748
2868
2540
2425
3294
3222
1022
1671
3978
3723
1863
1975
378
2211
178
18
3391
75
2860
2827
1675
3153
871
1314
773
1825
2223
1406
3659
3209
966
416
2979
643
522
4109
809
1714
3456
2237
538
673
3274
1304
2536
1706
3158
1288
3201
1119
1498
411
2810
3223
1237
130
3135
1513
3241
2785
3819
1394
1656
3480
1049
3345
3283
2707
3735
393
2140
2447
1762
2665
3639
2983
2253
3254
2511
3268
609
2360
2477
2212
2042
523
1638
1818
3618
3988
1842
2173
435
2917
2410
2124
2435
866
3317
616
2718
1778
1784
2005
2010
2670
2276
2321
3780
3415
1529
2421
582
2662
446
1428
3126
2261
3061
2491
2792
347
3365
3404
1361
1189
3706
3619
2309
1946
1785
194
1819
2496
3990
1431
2415
331
3862
2111
108
3614
2788
2819
641
3316
3984
238
2806
2626
3528
1421
2930
515
1214
2122
2537
2697
831
2164
1879
3907
2083
1476
2747
3812
806
2927
2087
1241
569
3986
1839
3669
1824
2045
3579
4061
2881
3435
3487
2583
598
3777
619
4040
689
811
2770
4018
587
3525
853
2316
1901
2510
1596
220
3293
3066
3576
3327
2214
485
3074
96
2403
278
2812
425
3633
4090
3117
3910
2894
997
614
3040
887
3896
827
3196
1168
761
3550
3964
624
2022
3612
3227
1002
788
2762
857
531
2587
4078
2767
2422
1109
651
3683
3664
343
2945
3717
63
204
3095
3560
221
2545
3455
2928
1933
3354
3113
3279
1566
111
4036
1323
3661
804
2601
807
257
944
2549
3905
2031
2560
2616
2188
3651
1264
2160
260
55
3882
329
2661
760
913
2409
828
3000
144
30
1181
1272
314
1765
2192
2195
1492
796
2417
2931
1536
3407
2348
1299
623
3015
789
1891
3672
2926
2961
2279
321
2832
1774
1744
43
3360
3340
4079
2958
917
2075
3643
2413
3078
2960
2451
1443
92
2240
19
3948
207
4096
3089
670
905
2581
2518
2149
1878
734
2128
536
236
1111
1489
1959
3114
3210
2703
1073
403
3728
3385
1218
1349
3794
1258
3870
82
295
549
2036
3123
86
3597
2975
1659
1880
3943
2272
2009
1065
248
899
3242
2858
240
3682
1403
4101
2080
2641
1045
3879
573
1974
3961
1353
62
1392
2729
3134
2915
413
3668
309
444
3626
1989
2064
2543
1058
3769
2402
1169
3855
3341
3008
803
2847
322
2074
3610
3827
684
3265
1229
3045
1875
2375
447
164
2898
2311
2808
2606
3616
3753
2401
2333
2233
2723
2213
3001
1817
61
4012
3332
928
2247
277
2637
3736
1150
650
2911
3230
1916
2085
100
2144
667
2047
1298
3129
741
377
2288
3534
3526
2951
705
1670
1410
2299
155
2186
1713
3991
172
1729
387
299
2116
1179
81
1296
1413
2751
2594
11
3565
2392
1388
861
3097
786
3522
223
952
3488
2066
135
2631
2821
2934
2101
583
3288
209
1653
145
2263
395
3811
2555
2734
3625
22
2052
2625
16
3473
2099
2153
1129
1574
856
1184
3312
2002
3356
120
1197
2766
3406
1311
2300
3166
3536
544
724
826
1144
2374
2688
381
680
3353
1020
1895
3272
3246
4048
308
2771
2469
2203
3079
2478
1066
4108
3545
1578
2841
575
735
1215
2541
3580
1185
2720
3214
845
973
1088
2180
690
4094
1485
2781
3414
66
642
2942
4067
3826
3551
33
1100
185
222
1642
3492
2350
3740
3476
3608
2380
769
4095
3665
2436
3856
3886
1526
2032
3673
993
287
2968
1679
2740
125
2399
3334
1666
577
1062
2964
3926
2038
3261
526
2104
904
3924
3051
4005
2846
2870
97
327
1411
1199
78
3133
3262
1001
1110
2680
3642
1240
3981
2566
1510
1120
2362
3358
1362
1136
1173
334
2853
2938
409
3535
2552
2352
1687
2426
3648
934
3007
1832
2368
3531
3756
3866
99
1921
3063
991
3143
50
