1732
1866
1677
21
592
1198
219
620
417
275
2551
1200
953
430
2761
2185
235
175
2106
1723
1196
3258
2590
509
1438
2877
1494
36
2462
1559
675
1678
87
1626
354
819
2850
2556
590
750
331
3214
2668
878
2441
1972
2566
1013
2784
2509
2612
1039
1410
2039
2262
1429
2844
1868
1654
1557
2036
58
2182
2663
375
3281
2043
1353
1478
1768
233
152
2135
580
1642
2141
2325
2175
1883
16
2485
330
19
1848
1002
3101
402
3120
936
1170
2384
629
1679
425
1563
2431
1183
969
1923
1148
1374
784
2657
1428
1087
2363
2552
2797
2767
2904
241
415
1348
1878
2521
2750
3071
292
1707
2020
2255
3004
658
2956
1319
1485
1836
2563
1681
1877
1646
265
205
3211
1671
3046
3140
1385
2178
2931
1105
2814
3191
2958
2905
1536
2233
267
1514
547
1311
908
1620
584
2088
3206
2222
3128
2072
528
1863
1697
2421
554
1167
2697
1552
1189
1474
2837
297
2678
1075
1921
303
1436
626
1064
1136
1419
1457
2957
889
552
788
718
3229
887
2555
2670
3017
2794
1718
3051
628
491
1203
1933
1306
1827
2355
214
3022
2092
1407
565
697
3180
3133
2605
2459
1517
2682
835
678
2207
1895
756
1287
2014
2878
136
763
1023
253
2495
2226
1521
561
2390
2796
2457
14
3077
1006
1416
1017
1738
226
1178
1058
3003
627
1507
2208
1207
2338
2896
642
1728
731
1092
1801
308
1422
1389
2298
864
753
156
1326
51
1202
2559
518
611
2995
823
2257
2404
1731
2136
259
2738
67
1145
3031
707
3237
2882
1303
2214
2066
2661
2990
1899
3177
2743
1437
1445
2632
3006
1867
3256
165
2648
3143
1126
3196
1343
228
1398
1133
2239
2306
2034
1098
2450
225
2248
2199
218
1624
377
3012
1240
435
348
3084
1786
127
1298
2408
203
2870
2749
2979
3028
1123
2615
1774
2578
1285
2053
2031
1925
1580
1577
2580
490
665
2629
1892
389
2718
1663
2481
3250
622
1765
777
2569
448
1512
1992
1373
791
1371
3151
2819
2829
2974
1493
2416
865
899
473
977
1169
1631
1813
196
2215
2997
683
1966
564
2330
940
979
2220
617
1486
2044
934
885
1381
2963
2004
341
3202
350
827
135
28
1749
2490
2189
3223
280
923
696
712
581
110
2692
2964
2643
884
2806
1689
2439
529
2545
2707
2960
3157
1143
591
1050
319
288
3058
2867
1822
3244
333
1537
1945
2179
362
1497
879
8
2471
456
3246
1137
1086
1997
3055
2959
747
1932
2069
1417
244
1904
1652
1744
1152
1530
532
875
1562
1556
1401
1632
392
3146
1506
2142
1876
1700
563
527
3187
106
1073
1667
3259
2171
2037
1742
1346
861
2299
2947
559
1743
139
702
68
2442
1656
3270
1763
1951
2349
99
1851
2852
2824
2983
2638
182
2735
2374
428
366
2230
1433
1110
594
2291
56
2909
3188
719
746
587
2426
2544
2543
2528
66
2065
1591
1111
1590
2683
1267
647
2865
2304
2028
2532
661
1901
344
356
705
1885
431
3080
2900
2722
1131
2586
695
3158
10
199
914
43
2367
3153
2681
2126
3264
2579
2817
3074
1535
1040
2285
597
1251
337
507
444
1462
2781
3171
2840
3057
183
1985
2351
2542
603
1937
1550
483
3115
2734
1150
2465
1952
439
686
2115
3184
2375
419
1758
2284
2281
1078
1785
1262
2924
1607
1434
2303
148
1660
2779
1094
1480
2129
208
2726
1533
2210
1449
2423
1767
388
2585
3268
2157
1063
92
837
768
963
1459
2858
1044
2860
776
245
1649
2531
1963
2561
2405
1095
2886
586
882
163
1838
2739
1651
1442
3113
443
1766
721
2107
1648
132
1351
1796
601
3212
2068
2046
1400
3243
1790
2477
1313
215
1524
116
149
2731
2449
2676
81
285
2114
733
2296
1528
1056
1394
3208
2637
821
1561
2628
588
716
2128
1977
111
1662
619
2112
147
188
1516
2694
2150
2131
2201
2394
1034
653
744
2929
542
749
2202
797
48
2809
816
2940
2962
1201
1194
1880
2297
724
3129
568
500
373
951
845
670
2621
1635
368
2949
2447
2902
698
3087
2895
3149
2913
2887
1687
1650
1049
1393
2231
1974
1596
2636
3176
2520
624
3263
2645
1301
3048
643
2591
1011
2888
1949
2267
69
1367
229
1979
2756
1734
1118
1427
1216
1476
3020
1237
895
1637
1859
922
2200
2768
3114
3019
1318
2693
1849
2554
142
3
1018
2595
1778
1638
2234
2570
1860
942
2680
290
502
2687
3231
2961
2855
1688
651
438
1606
403
1225
1815
302
1522
1469
3102
589
1128
2953
732
2641
2835
1030
1845
2160
3273
2256
3163
1875
2217
2110
1973
145
572
1545
1228
2871
1079
1805
752
925
260
2381
1599
574
1573
86
516
1266
844
2385
231
3230
843
3164
1249
2260
1961
2118
781
432
2914
3213
1984
609
1843
178
204
2229
2525
3009
2619
649
722
2673
192
1354
2224
2616
2639
2276
7
2500
2881
2362
2546
1179
1332
2139
1022
880
1215
493
625
2154
2019
874
1392
2455
2433
1905
3025
1520
966
1719
533
1913
3276
277
2134
585
2130
2785
503
1975
1760
3037
355
2151
2626
2630
1858
2403
2025
1566
946
660
1861
764
2120
501
866
2587
1829
1670
2771
1981
1621
1593
2483
3075
989
3222
2000
896
1600
2007
3008
317
1906
2674
870
2533
2529
3240
693
386
420
2054
1915
1715
1077
919
2557
2898
1523
3082
799
1798
470
2688
1164
88
3033
2879
1282
1502
1188
2986
1789
1627
2973
2838
2989
2689
1640
1439
771
1558
1432
2787
3050
2473
3122
2534
1894
2912
1288
510
2074
55
1153
2978
2018
1386
1661
314
1917
805
3099
1548
2266
1268
3277
992
2774
1053
232
1605
1784
3007
2662
2319
2195
3088
1881
1342
1592
1554
3032
53
1787
610
2571
1278
2834
3168
2347
2825
1115
1597
772
1165
118
2194
956
3224
2322
1135
1274
714
2800
129
3026
413
679
3266
3095
1864
920
190
423
991
3278
1735
1583
2671
3233
6
2967
2704
3215
924
2147
1498
1312
407
3186
1379
312
616
2939
850
1484
272
143
486
910
258
3159
1
820
2379
2897
640
1713
2435
2079
1909
1052
1234
2293
1546
2733
2470
3100
1775
108
1307
2780
74
2765
694
1510
793
2547
3165
1574
1572
2272
394
1935
1174
2125
15
1609
825
1245
841
1869
1222
3150
2445
2176
1206
1482
2935
2874
452
304
3203
2023
398
2190
945
3094
1720
1238
2788
2875
1804
2085
943
613
1162
2339
2422
2472
2145
2348
2955
1363
632
809
980
2387
1330
2803
2842
2667
813
2344
1882
907
284
343
3109
3182
1375
400
965
3010
2706
1844
1190
2714
2418
1355
1097
1757
2469
931
1710
3024
2775
1408
1395
138
454
2899
2760
1699
1286
1014
544
166
1549
1244
545
387
1019
1946
1762
2553
2526
1426
2589
2921
1280
2466
2075
3136
2911
2331
3148
1569
3118
2410
2933
294
2479
822
2925
685
1141
1986
1994
2371
932
2365
1891
41
2524
2701
1107
1185
657
3092
2792
460
2117
638
3166
546
1192
1361
455
3269
1567
2647
2078
2869
2345
604
508
2540
2659
1003
1333
335
171
186
1139
725
2352
2369
2827
1542
1129
283
1390
1987
981
158
1447
1067
2864
1084
978
2597
1694
1683
2948
3072
2400
494
2089
2218
2705
999
1069
2261
1726
947
2278
2165
72
2778
897
877
2839
2212
1776
996
2719
1038
1611
71
109
2370
1352
1539
1788
1879
1076
436
497
2253
1016
1560
913
2944
1402
1304
2757
1733
593
903
505
3152
1617
2213
3076
380
2602
3135
976
93
2880
1114
2448
1846
800
2802
1928
3112
970
2684
598
2216
2820
687
2862
242
2395
1033
876
33
607
2934
83
2057
2988
478
639
325
2943
562
1424
549
2096
480
278
646
1779
1532
2732
3190
37
872
2700
1669
2565
1496
256
1057
1912
1195
2377
905
1025
2378
3144
1451
582
3242
1740
1409
1589
692
61
257
1235
119
538
1338
1090
636
2548
1500
1555
2294
2506
2843
384
2478
2002
2460
944
1513
97
3043
557
842
3254
2250
243
1066
1841
153
91
307
2206
847
255
770
434
1324
2660
2568
1028
1942
1625
2313
2456
2443
77
851
1405
2252
1091
2759
239
1604
3117
2633
399
1125
2368
1931
1008
634
3036
1526
2854
615
605
684
1826
63
2669
1834
187
2123
349
2853
1690
370
2812
1811
2310
927
2981
2598
1969
2823
1571
2892
309
2409
1582
202
250
1598
1211
2541
3192
170
396
745
1770
760
2592
1120
608
2192
2982
2424
1610
2184
376
1830
1334
3002
1725
644
2042
3219
2227
2070
1233
2099
301
514
1250
2283
1995
2751
2155
131
1088
3079
379
251
921
2302
338
1380
2737
2828
915
2901
2153
892
2549
2783
2279
860
3111
558
124
3063
839
3232
1291
3070
2916
411
2699
2984
891
2938
1902
406
390
64
968
213
424
2219
1331
169
1341
306
3142
1193
227
100
2244
1730
2323
740
2786
2773
1048
534
2650
2223
3201
1819
412
1982
1327
2741
2496
2035
2572
1043
2728
2581
2427
2859
743
3173
2600
184
2320
1564
1541
2010
985
2156
2342
578
2300
1968
1724
347
2952
200
1217
1914
560
3047
1005
1696
2017
672
2333
1227
583
982
404
1230
635
2397
2504
453
1362
1191
1116
1839
3018
2846
173
893
912
522
1406
2005
3251
1874
2059
1187
973
1471
313
952
1818
2711
121
706
2168
1339
2458
3042
599
2968
1329
197
2977
1633
730
2740
1993
3200
1518
2021
1368
1130
3108
1481
1166
3156
1273
1534
2972
974
2539
1336
249
1695
1489
2209
54
869
531
1750
1706
2280
807
2517
1096
463
328
1021
1857
123
986
849
1594
3160
3272
126
2305
3265
2763
1109
89
2713
757
2328
230
1029
26
541
342
25
641
1037
1453
857
2766
378
1712
961
2946
2642
2804
2009
691
2451
717
1224
666
1636
1773
2721
1149
2652
1676
536
1423
429
80
1035
1608
1454
270
3280
482
1465
798
804
2522
964
263
189
2776
474
73
113
3138
748
1953
1155
1042
2240
1356
3104
2127
1219
193
2622
1377
1490
3167
1456
1248
2833
2309
1358
830
3106
2715
1082
1825
2006
2890
65
2976
962
1015
1277
759
1151
2413
2383
2232
2149
2001
2277
2805
2764
360
3029
2493
2594
32
2087
1443
2181
2491
327
2950
3262
659
795
1159
289
1320
2058
2677
2146
873
383
2918
2080
871
1446
1835
1171
155
1964
2076
2071
1491
3130
98
2603
2205
2204
783
3162
1865
1420
2332
1515
2269
2033
2516
9
1299
2930
2482
2225
1820
1954
1252
1797
397
1213
3021
949
103
3234
2048
2505
888
3207
1630
3205
1309
477
2503
2463
2618
2312
221
1463
1693
2908
682
2873
305
2228
2634
287
264
3121
372
2691
1208
1492
2987
1000
3059
1176
1269
2564
1241
84
1388
595
2649
2177
1124
2454
3049
0
2326
2109
2610
1350
262
1588
1435
1862
2159
50
2847
1317
655
1999
2056
2664
2027
408
2601
2148
2769
1653
13
2923
3145
22
3027
2318
2335
710
1340
2926
1054
803
39
1756
1321
3255
5
2703
2086
1026
648
3271
2242
570
484
2999
2083
2013
1754
2289
446
336
1850
729
1315
2861
3096
2464
3030
3105
1071
1842
1508
2164
334
2523
1807
511
2686
1172
1232
322
1387
209
2314
2644
782
2927
1376
555
2415
1370
248
736
1579
2488
778
1041
105
2111
1430
1810
3062
3245
1717
3091
1289
1369
2094
1578
2511
2746
440
2753
3132
409
299
950
1641
3016
291
2696
971
358
3147
1263
1989
352
1106
78
464
1741
3065
298
1284
1001
2064
3175
948
1479
2798
405
2872
2993
855
332
1587
2198
2476
2489
1279
2032
1938
3174
2024
512
1055
1467
3125
1080
2412
316
2101
614
2795
2245
223
1163
1576
2502
1603
540
3195
2970
1852
2527
1910
1753
633
1007
3194
2428
680
2373
1745
3261
2560
469
1209
2613
300
856
808
2221
751
742
2708
3199
2341
2040
30
1440
3097
1345
1102
1983
765
2108
3045
2102
252
90
3052
47
2752
519
2301
2510
786
1814
829
2894
1103
1157
3170
1721
3061
1645
2274
1473
801
2411
2608
671
883
1698
846
162
1958
458
465
690
2830
720
49
151
1031
1947
3086
2985
2625
826
1010
2122
2247
2315
1009
1099
499
1316
57
1871
926
2658
2386
2518
1729
2777
2672
904
3241
577
2695
1181
2140
1684
1173
1584
351
2724
1411
959
95
2196
1466
3178
1976
1716
854
3034
1182
2558
1614
543
1414
630
1764
1802
602
2288
3227
2754
3068
1616
461
442
1104
180
2497
1888
2407
988
1930
755
1847
767
62
711
2907
2624
2061
2038
2631
676
539
357
1068
2183
1568
2249
4
1612
1619
1746
2849
928
1544
1255
769
2358
2623
395
137
515
2903
1817
2166
569
340
1657
2655
38
1418
1083
122
530
324
2922
1205
2263
2498
2866
2980
2793
1305
2366
1705
1184
2158
1962
2791
31
172
1840
1655
3185
2308
12
2492
266
339
2685
669
1595
2762
535
868
1403
814
1965
3054
2453
2307
1761
1924
2167
1615
185
1833
2093
1455
1421
2270
3090
2567
3228
222
1777
2966
2396
3236
3085
806
652
1004
700
2744
321
1487
160
673
2857
726
1272
2391
374
237
737
2945
3067
2575
3226
664
485
2893
286
504
2180
1175
3235
3039
3275
2863
1444
1448
59
391
1186
1919
2052
1180
35
75
656
112
2050
2084
2116
2436
3154
1024
938
704
1527
3247
104
2606
606
2883
2392
3123
274
2790
60
150
269
1823
2238
2614
3116
1856
3183
2941
2343
1944
2170
2103
1622
85
818
282
3056
1450
2467
3035
1873
1988
898
1538
1293
11
2414
1231
1890
2211
1872
2236
997
457
385
3210
3000
1452
1960
838
1276
3179
1854
1397
689
1780
812
1020
1295
2197
1618
2246
1659
2920
2287
34
3172
1547
1396
1800
2582
955
211
1323
393
161
2049
1837
2530
1739
3248
894
709
2550
1140
1752
775
488
273
369
2951
1391
2030
677
2388
1709
1158
2361
2841
2440
2811
667
2789
1505
1113
492
3119
17
1747
3238
1666
279
1581
416
479
3209
117
890
2336
154
365
735
1359
489
176
935
1344
1349
556
2729
1382
1122
1314
3098
3189
318
2082
2468
3131
1226
738
2173
1047
993
2604
174
1782
1665
3274
1243
2382
1708
2143
1470
296
381
789
2172
2350
663
794
1134
2748
168
2599
1896
2045
191
715
2690
1247
1585
1412
2486
1062
1794
2243
198
2536
23
2969
2607
576
2675
2121
2508
1413
1702
1253
3093
1540
939
2073
2627
1898
1246
1415
2736
3013
1283
1934
573
475
1900
1488
1955
1328
1920
3134
3217
447
1027
2067
2174
2425
906
449
2851
2163
1364
2389
1939
2666
2574
140
2098
1431
326
146
3064
2910
2487
2635
1586
2340
833
2432
181
363
1154
754
422
427
2444
567
662
834
1074
506
2398
1926
2286
802
1177
2063
3141
1809
1812
450
2251
741
2742
1748
1751
2337
2346
2012
1461
1565
2055
2292
1294
815
766
1553
2573
1792
975
853
201
1691
2514
2235
631
2928
2799
1112
1060
941
524
2499
2710
246
1853
1998
2113
1499
2747
1366
1503
2265
848
2282
1270
2848
2646
1675
911
579
1281
216
1310
82
1692
1959
1674
1889
858
1971
739
2665
276
367
212
758
2399
1996
2818
654
496
2889
2329
2716
2022
133
2417
1260
498
958
779
1647
1922
1146
1296
972
2429
1460
2402
234
472
1886
1673
2372
102
995
238
1948
2
1347
2519
94
1404
1737
774
2015
2971
1916
867
3253
1927
571
3126
1893
1769
957
1357
1519
1668
3197
130
828
2081
1828
1821
954
1119
433
2755
96
937
1290
1147
315
1759
2258
2316
471
27
713
70
2393
3249
1399
1070
3060
2357
3015
1012
1197
2832
467
2906
462
179
371
311
2011
52
3257
1897
3279
1783
566
1259
3078
2720
2885
401
3069
2501
1100
762
125
1144
1441
575
134
2965
2723
2617
2507
1672
2029
2512
2679
45
1264
2124
2241
708
414
466
1108
3137
3139
1903
831
1302
967
3041
247
886
361
811
2353
2807
2584
1701
2095
2656
1425
3081
2640
3011
2380
1529
1204
960
1199
2826
1639
2364
2360
445
2138
346
1032
1929
2593
902
618
612
481
1680
852
2273
2702
1803
1081
2917
810
220
1644
240
1101
1061
1483
621
1511
520
2576
2810
688
994
832
3053
2133
734
1236
1325
1722
2090
2932
1887
254
195
2919
1543
600
796
2772
3221
3001
2651
2992
1832
984
1978
1161
1472
2376
2419
1292
1918
3107
2975
2725
1212
840
2770
1771
1664
3083
2562
2758
1799
1727
2008
537
1383
1258
1613
2434
2311
983
1816
2937
836
525
2321
1121
1132
2815
2717
410
1117
2271
1477
1551
2188
295
1168
2295
3260
1322
3073
441
268
1643
2186
320
2494
3014
2268
2515
917
863
933
3267
141
2891
2026
2137
2996
2484
1300
668
2698
44
1156
1065
2191
3066
101
900
699
916
2868
1991
29
2003
1682
2876
1884
1085
1046
2596
487
2513
1980
2620
2144
3169
2317
1257
206
650
2712
2801
1275
2119
3225
3218
1831
551
1127
2354
2446
353
1704
1218
2461
2808
210
3110
553
24
76
421
207
107
468
1365
2991
2290
2588
1781
645
2745
3198
1686
987
1870
727
2611
2162
476
787
1210
261
2475
2994
310
1468
1495
3155
1242
1908
1308
3181
2275
459
929
1990
1265
1239
2105
2831
1223
681
637
2060
1772
164
1261
3161
2264
451
1475
418
3023
2259
1601
2915
701
1575
128
2430
1525
2327
1936
3038
1501
918
2420
2062
2187
3193
1941
703
437
2359
2406
773
523
1059
2401
2936
1509
2653
120
2845
824
2437
2709
1229
1384
281
521
236
1602
3252
2782
1950
1907
3239
1335
323
674
1458
359
115
1623
3124
345
2480
1943
1372
1036
785
3204
2016
18
792
40
2942
194
1629
2438
1089
144
513
761
3044
2816
1254
1808
2998
42
2356
2047
2583
790
2577
1337
901
3103
1378
1045
1685
2077
2051
998
1220
2237
1297
780
1271
1703
2884
2452
2254
2100
2813
723
3040
2041
426
1570
2161
3089
2152
2104
1256
2474
548
1970
1791
2727
1093
1793
2169
817
1940
46
217
1360
3005
2334
1956
596
1806
1911
177
862
2091
3127
2654
2856
1634
2324
2538
1464
167
930
1214
1072
382
157
20
728
1142
2193
881
1957
623
1855
1711
1714
329
2537
3216
79
909
1221
1795
526
1755
2097
2822
1824
1628
2821
271
550
1160
859
2954
1531
2836
3220
495
2730
224
1138
990
2535
159
2203
1658
2609
114
1967
1051
2132
1736
293
1504
517
364
