2043
623
2362
1986
2995
1533
522
482
2210
2554
3240
1678
2270
2145
827
1176
45
3208
1317
1137
2534
1758
1149
92
3194
779
1648
2451
794
3273
1043
3435
1542
2580
1295
2952
1232
219
1895
2289
952
352
674
2631
2398
1425
1617
3253
2401
466
91
388
292
1164
646
3539
1962
2428
1712
3316
2613
2517
2860
1501
1945
2617
3475
3479
2016
642
1929
2492
2766
1803
2091
3298
249
861
351
2744
961
1593
126
3058
3029
3135
118
3520
1109
3497
2530
2632
895
1499
3142
2783
3150
2643
2327
1201
1922
3085
1388
2357
969
2921
1371
3470
732
1160
1366
3523
342
3254
3481
1140
1729
1433
1524
3140
556
877
897
2761
2955
957
2611
3385
3275
3431
1294
3122
602
278
1530
250
870
879
1633
795
3008
268
3430
1051
1277
2053
2067
2479
57
998
407
1321
1096
3259
2237
1599
1780
2686
2574
1993
2716
1828
1148
1437
276
2782
2127
197
896
2524
1007
858
1016
147
1270
84
3468
2877
1586
2162
1049
3235
2204
2118
1282
2
523
3212
164
2674
2156
1005
2192
678
2272
1194
478
1826
2535
295
2780
986
744
3113
2714
1539
1055
3281
591
763
1333
1145
1200
195
2544
2046
2729
3351
2274
410
1793
2070
2473
1125
475
774
2209
660
2910
3396
2992
2242
2485
1247
1981
1205
3337
1459
1058
2660
1537
1510
138
2110
1066
3354
3471
1278
1257
1701
1886
1934
2683
3356
1862
389
2012
491
3503
638
384
2180
900
2409
1587
2245
1914
2055
574
2964
679
1551
165
1591
1930
780
616
3287
930
1041
100
1514
1236
1485
1654
199
2751
999
279
701
1626
1097
2605
65
1783
987
1403
3038
1093
1082
1873
1601
1694
161
309
537
114
1113
511
2904
3125
810
2741
2589
319
1401
2704
1253
48
1062
3155
2844
3267
2805
2784
514
3097
2893
2832
3429
2015
1003
3221
2246
2054
1958
56
1629
801
2216
597
1722
174
3422
2811
1960
2383
420
334
2265
431
30
10
2250
2843
3197
162
2168
2986
3507
2061
1028
735
375
3112
635
1262
1448
531
2388
1643
1997
3302
2984
2571
2188
821
729
1237
2926
2034
1963
136
1878
939
2774
1190
2141
1672
3196
1521
3217
2058
1675
1679
193
2419
1897
2281
2172
2749
3271
312
263
2576
231
2619
1661
1206
1394
2390
1848
1427
2442
2280
988
473
919
2378
3039
2928
989
408
654
728
1606
1381
1839
1470
2850
1110
2882
2407
2758
3347
3165
2962
259
3226
120
3451
3152
2835
1800
1572
2173
3509
3378
1249
3044
836
3169
2748
1696
3080
87
1102
1033
1290
1061
235
2523
3106
2491
2465
2308
284
2890
3000
316
739
3362
2129
265
261
2316
3204
2257
3118
3020
945
2366
3326
2169
891
497
468
3460
122
2760
1412
2287
3177
301
311
1841
3313
2393
1091
2418
1788
2804
2669
3079
620
1619
198
3432
1736
2331
353
1150
441
428
2050
3014
447
2918
476
2903
1171
1664
293
1573
2671
2423
1128
1650
1348
73
1538
933
3237
3060
406
713
2234
1494
3148
1446
2570
185
302
2368
672
2227
381
1315
2177
2642
220
1053
89
1522
338
1438
2239
123
1909
107
658
609
484
1889
2045
244
1556
2585
2031
2285
2356
1616
1039
1784
2097
586
2971
799
1352
3486
1498
2450
1259
2737
2549
3325
260
947
1953
2122
296
1314
2883
2863
182
2522
1250
975
1088
2887
1713
1398
2526
1739
1883
2402
2126
3510
1868
2951
1778
683
2373
759
1442
1115
904
1233
1124
78
2458
1377
3206
2953
505
3363
2693
1507
1714
1674
2796
1874
2098
956
1304
1422
903
2513
2206
3423
2608
3132
2834
124
1204
2400
1089
1166
1520
2710
332
2519
2914
1222
439
2099
1568
2340
2972
1946
3502
2930
2302
3075
2512
3534
1070
1989
2267
2304
1072
2434
3179
1357
2959
2371
3488
2537
1147
841
3493
688
1639
659
2319
189
791
1435
3384
98
1159
3059
306
925
832
289
2838
2743
2923
394
1476
1217
1181
3042
227
515
1146
1647
2336
2120
3116
1153
286
3295
3037
2709
3260
1544
2646
2555
1216
58
2446
1324
234
2924
119
2831
3158
2528
2738
3023
3043
3506
3472
432
2545
450
1378
3124
2753
2182
675
2679
2171
748
2157
3195
472
1910
838
1191
2436
2505
613
130
2496
2321
3292
3048
2119
2214
3274
1392
291
1069
3236
831
3324
2820
504
1864
1415
1799
2712
1971
2355
2651
225
1396
1642
1468
3522
3065
1804
116
1161
577
2476
1561
996
1180
527
1553
2853
3252
3350
3361
554
3077
2960
474
1915
1632
3433
2426
333
1240
972
607
211
3115
96
844
1707
3103
154
682
426
205
1238
1550
1225
1451
707
698
2621
1223
1673
86
717
3332
382
248
416
719
2284
3034
3500
2207
1060
1254
2311
2810
104
2142
1677
2011
1570
2189
2732
3310
1220
1829
2973
3415
724
1921
1504
923
2149
1827
1519
567
1021
1112
1835
369
1725
3164
402
2636
1075
3532
627
2310
566
3186
1757
862
1482
3109
344
1703
1913
1794
1228
3178
802
3452
2002
1104
54
2318
204
70
3270
2322
27
282
2152
364
3492
2980
3525
3192
2763
1133
1844
1959
3007
2762
756
452
93
1214
3277
1952
2170
1143
2113
2706
2724
615
2794
297
2004
2778
2457
1212
1787
252
143
1349
1602
576
3102
1114
842
3439
2717
942
835
1687
647
2565
684
2190
243
1940
882
2665
2584
3367
3438
1183
1935
206
201
1302
1865
3447
2845
3181
1699
2347
2069
2699
66
7
379
2292
2028
2082
1293
764
2230
2789
1025
2901
853
2990
2023
2286
239
1024
49
2315
1752
3073
2752
2950
1260
1496
3222
1881
1771
110
3030
2873
3218
958
1467
2032
3047
2529
2060
2891
1095
2680
1376
3205
1936
2437
3143
3230
2637
1768
2392
596
977
2948
1755
979
747
2937
1621
1982
2966
2527
3339
1073
2155
781
3495
3163
2916
912
2369
704
2364
2624
200
819
368
422
1319
2293
337
288
166
3478
1008
2881
1229
485
3374
2927
3255
2114
3213
53
2057
1724
2218
2672
1279
2263
2103
1106
592
321
2089
2405
3090
1669
804
3382
880
3131
2247
1234
941
2068
2464
982
1298
3434
2677
3012
1941
437
2052
730
256
1281
1888
3360
3033
1111
222
2630
718
3535
3417
1611
202
1559
1760
1764
1653
2415
2277
1370
2869
1666
1289
1271
3069
1605
2384
1992
320
151
1173
3184
2443
1042
3398
2480
2403
1598
1074
1972
2176
69
2726
1773
3338
1597
2925
1288
3359
1607
3321
2345
2842
2539
1557
1285
2661
423
743
2892
181
2332
1455
1816
1486
396
3388
287
1464
1656
3134
2827
2064
936
1655
1649
677
893
809
214
994
1079
2826
2007
3076
3528
2441
267
12
1808
981
1571
2981
3045
2421
3394
857
3477
1579
1426
501
1567
3154
3450
3074
1414
2472
188
2705
3296
81
2196
3149
1129
1211
1351
3446
3436
97
2296
869
1408
2439
1219
1483
3505
3147
1368
2659
2312
2773
2511
665
1792
1103
886
622
29
2005
1903
3117
585
2215
3121
2008
2802
725
2111
2610
3166
1305
2375
872
2819
1924
1196
2148
789
1023
2010
1327
2453
751
3269
1565
2649
2866
2167
534
1618
2299
2467
553
3496
1528
2185
2198
1291
467
2395
2047
1825
3389
3242
2048
2947
2049
2691
1362
2769
1709
1875
1957
1890
2202
1585
792
308
1092
2121
1404
1429
3425
3088
2620
1380
2919
1516
1919
2681
578
2260
1697
519
3016
2079
2678
1904
1167
852
1175
2606
14
1156
2629
3185
1428
1065
3427
2518
24
496
3285
1215
818
516
558
419
1720
3533
2333
742
25
2900
404
2961
140
3173
723
3071
294
1132
2740
3387
2597
1592
2614
246
898
132
2502
711
964
2018
2456
3035
1384
186
1852
2746
1856
885
2249
3233
453
376
1418
1479
3536
226
361
343
2807
160
2478
2358
1018
1751
1139
2755
32
1762
3010
2071
2915
2452
992
2353
1310
1999
1745
3216
2466
621
1157
2431
142
463
2051
3465
1458
2000
111
9
2776
2791
3024
803
1977
1891
3293
3306
1268
1286
74
3542
726
1753
1311
772
1445
1742
3107
2351
600
3390
2772
1331
412
2435
3329
2875
2885
2861
3466
2134
2483
1372
1692
1645
1956
552
2963
2568
391
2785
313
1590
2150
2940
90
401
2233
315
599
2692
2075
636
3136
1681
2078
1980
399
1334
180
1239
1861
2987
2551
1917
1365
3025
2932
35
2730
336
1927
1857
1821
3209
1276
2359
2394
2809
3241
2563
908
2243
1374
1894
1126
2438
2136
1515
2454
2282
1581
273
2138
3168
460
481
1970
2999
184
655
392
345
1441
2346
1789
1313
1385
1430
2022
2112
572
2550
949
1346
1867
3349
1840
2941
2814
327
1186
2656
2017
2635
3352
2600
2077
2037
2181
3494
1846
1131
1735
2470
1508
3407
2448
548
601
1019
1511
2193
2957
1227
3019
499
892
1948
3383
840
3442
1810
2685
1532
2933
3519
3545
1165
584
2033
328
1743
894
2444
145
3239
1584
1395
2133
1410
561
2372
2548
1339
3053
1474
28
2101
1513
3018
2363
1817
575
1004
1469
526
2220
3066
1342
2603
656
21
3258
1283
477
573
997
1195
2469
203
762
3376
811
3123
767
2657
1325
2123
1860
2658
1815
786
1896
280
2153
2131
1436
847
1461
611
1630
1076
690
413
3372
2688
685
1463
800
1492
3153
1248
884
2006
2913
2684
127
3346
148
2899
1818
1733
822
1473
242
816
1770
2823
2278
159
2564
2917
1635
2911
839
520
1067
535
2408
1155
2300
914
3126
363
2792
3335
624
2342
1037
2412
2019
697
807
1527
3202
2852
913
2561
323
3289
632
1127
1390
699
648
2135
1010
2594
1806
1358
521
433
760
1545
3414
2326
798
1480
2200
833
2376
1658
3182
2130
1898
2944
3167
1493
2609
1625
1170
606
2567
414
2258
354
2264
1326
335
1108
695
20
1738
3380
3092
529
258
812
183
2391
2878
3527
2870
101
604
3151
883
3264
2533
3225
46
1044
68
40
2334
814
393
1036
1578
1336
1241
255
938
1284
1662
3104
1440
1600
3531
3443
254
262
2386
424
513
2768
1928
37
1026
630
2599
2041
1615
1059
385
954
1974
1543
2020
3072
1456
3036
1057
2223
2329
469
3300
1280
3538
397
2092
109
2793
152
299
2764
1213
3499
2497
1413
1491
3093
1013
241
993
3392
507
59
106
593
856
479
3001
610
1695
2650
2306
1312
400
3526
2702
1090
680
196
374
2107
340
3515
693
3343
3458
387
2276
2029
383
709
1916
738
2735
608
1117
631
1478
617
1785
3224
1728
325
3345
1246
2086
641
1879
2433
153
2816
2846
1136
1359
1900
637
2013
2422
438
1030
1968
1663
1884
359
2655
2673
2989
2956
971
3333
2879
769
2666
2387
2499
2595
1529
984
2144
3400
3009
2553
1027
2035
3403
3022
639
2977
1417
889
23
3238
2931
968
2828
178
224
2765
2350
3311
329
1299
2463
2186
2586
264
1086
734
1244
645
3263
2027
1261
1708
3278
1967
2140
539
3283
1795
191
1202
1301
594
775
671
2455
115
245
2199
1859
341
2795
1251
2279
1303
3256
2143
1407
2205
3064
349
350
405
652
3320
2998
3055
829
1899
157
533
1184
1811
1582
1488
1801
3449
348
866
1954
1652
1614
2907
2547
3483
703
3052
3062
2694
2381
2521
3448
3344
985
365
1226
3284
784
3464
1906
943
2859
3021
270
2459
3207
2532
1178
2514
565
2211
773
2254
1101
3308
1746
3011
2365
508
489
417
105
2587
455
946
978
2867
1819
1531
2184
1017
1627
2579
3518
1081
356
2622
931
2767
2800
967
471
3437
2367
2036
1628
785
733
1580
929
2335
3200
135
1489
1344
2309
1439
310
3210
922
1583
2974
80
657
3099
1651
1969
651
2475
17
358
2786
2374
1985
532
542
494
3301
1877
386
2273
873
2370
3467
144
2641
1189
360
1723
860
1012
555
3364
1221
2062
1475
547
1064
1107
2857
1432
2449
1552
2588
3348
1087
3456
3391
3138
490
1308
1698
1547
67
2175
1120
1361
495
2825
1182
2668
2283
1782
1563
486
209
3120
2601
229
2160
3405
3418
3315
544
1660
1105
3054
1397
326
790
2569
503
1702
50
113
843
2109
3375
170
1984
3406
3061
1296
619
815
3156
331
492
1032
2024
221
3133
2339
1775
590
177
3411
215
2161
103
2623
1574
2542
1118
569
175
2385
2151
403
82
1646
3331
1274
1409
3334
506
2106
2115
915
559
1711
2117
3068
750
1885
395
3397
2939
2865
1230
2074
1776
370
525
1988
2829
1842
3211
2146
710
2993
901
2582
1706
2252
322
3031
612
2427
1541
2228
2895
445
650
796
603
449
696
2566
2781
95
3421
444
1836
579
3227
1715
2808
888
31
629
1462
1759
11
2803
1338
3265
2733
2880
2515
706
1741
3286
3006
1119
1961
1158
3108
3180
2297
673
1912
1644
1851
2226
1604
1457
47
2510
2770
1820
218
1506
3482
1341
1813
2639
1199
2864
3203
2116
1453
2756
1509
3323
3100
1444
3250
133
3369
557
2682
237
2855
22
855
2876
3098
1071
1337
462
1781
1379
85
3172
3491
247
34
570
2305
1589
2251
540
2014
2295
251
3262
2934
2212
2406
149
2645
2490
851
194
33
3426
3416
0
817
2025
2424
3266
2739
2676
1263
1048
581
3251
2618
867
2558
875
1387
2352
1798
649
3261
1035
3051
2841
1431
1502
1416
1014
2847
3393
3353
1243
2854
307
560
1691
75
102
1791
1622
2208
580
3013
125
1761
52
524
2945
362
1031
141
571
2824
3188
2001
464
1858
2100
43
1670
722
446
1686
1747
1994
371
940
1690
1577
1576
2059
708
1831
411
1420
1001
2596
2935
1046
1335
2967
921
1823
1382
1748
1737
1766
2040
820
2468
1273
3309
3485
2722
2701
510
1454
2822
2244
2080
640
1389
1560
3524
1094
2124
1518
3161
456
1045
3404
2896
1490
1594
1727
618
741
2862
1750
15
1098
1193
1976
3305
3441
2414
16
3410
3444
2191
3373
2056
2721
1484
1203
134
1292
1275
207
854
2988
2817
1391
2851
2501
2868
2065
824
3480
2727
1769
1907
1
1320
2430
2090
1138
3101
2978
3368
451
909
1943
3046
238
973
2494
3487
121
1979
1267
6
1056
1163
2504
3056
3365
3130
3395
2303
63
1322
2898
3137
79
848
1920
587
1122
2399
2236
1099
1034
2493
3027
917
3319
2307
3322
700
2703
1676
3105
1812
850
1168
283
167
2723
2164
3095
766
2266
727
813
588
2965
1623
2946
88
953
2848
1144
1964
995
3146
2445
1405
2323
1367
156
1472
2229
1364
2815
1487
2949
3457
502
1562
1797
3521
1052
755
966
3420
1269
934
3040
1177
2290
2416
1452
2771
902
1548
429
3191
3243
1332
2745
1383
223
1297
1316
3214
1009
1853
3231
905
1683
1360
509
94
39
2616
950
1123
1020
448
2754
948
2128
2108
906
217
2361
3017
1328
1116
1318
589
1002
1774
689
962
305
551
51
2888
2084
705
1682
3159
240
2294
1386
3128
3026
2516
2298
1887
2269
2801
2872
3201
3129
1659
1838
2166
2240
2102
1258
3454
2125
3304
918
64
2742
2884
298
1356
367
720
2634
380
275
740
864
2799
2275
1721
3428
3370
2840
1637
1693
1188
1814
2886
77
549
421
753
1716
626
2902
1350
1038
1609
2626
3543
2718
2996
179
1882
2625
1449
1710
2178
782
2581
1937
1939
480
564
1419
3366
2076
137
83
1845
1242
1805
1218
158
1022
1130
2404
2044
3314
1266
910
980
2072
2979
2217
3141
163
932
3229
643
745
1640
2968
1863
2241
2654
3402
911
887
749
2628
1603
541
366
2797
1085
3514
2943
13
1726
3461
72
2837
692
2689
212
538
2696
3244
668
2858
3086
1534
1802
3401
2009
1323
2750
2798
2506
563
1987
1779
2836
3272
1749
1477
1447
1684
2821
770
347
3340
1933
1162
3004
2396
2235
1080
2806
2432
3476
754
2734
3529
1905
1000
3002
1777
190
2687
2139
926
1450
2719
150
1255
761
691
1245
3413
1688
1950
2508
60
1855
2779
3063
44
2985
290
1558
440
3341
2507
314
458
2471
758
3424
208
409
1555
2482
3501
2225
2670
1754
2105
2163
3145
3386
3232
2232
2833
1077
2174
1393
963
2640
1535
2344
3078
2201
662
3189
3530
1685
1918
3268
1252
2591
434
483
2093
2970
1641
3282
2975
3276
19
2291
2711
1399
3057
216
2667
937
1892
3111
3187
3234
2341
2320
2920
1942
2906
663
849
2715
3067
871
173
3540
318
628
874
2096
176
2556
653
543
2154
765
1006
2942
859
2094
459
2317
3247
1613
1287
2983
498
2593
2382
3245
3083
2411
330
2572
1657
1596
108
2503
1880
1135
112
2905
3082
644
3015
2560
2849
3119
1151
1704
3327
26
3170
346
1765
1142
868
1624
3511
614
418
1705
269
876
2066
3399
2520
1054
1309
536
1796
2377
598
2590
2757
3358
129
139
1667
1152
3089
3139
303
768
2462
2708
1772
2461
797
155
3087
300
3220
3
777
562
3081
3223
3174
3355
2460
783
991
1830
2088
1872
3050
3096
2929
317
1636
2936
1730
38
605
1870
1400
427
3279
2440
1955
2183
2538
960
899
1373
959
1100
1843
1517
2871
2073
2874
236
1353
2578
3318
1050
1355
2301
2425
2477
2830
863
1172
825
664
3498
1608
702
1876
2489
1902
2647
878
2343
3462
1901
1837
2648
1854
1638
1402
1680
2653
1169
2487
2337
3453
1209
2747
1224
2495
3280
1944
2132
500
1756
1893
1363
546
2324
2500
1717
1340
634
670
1908
2095
1931
2158
232
2720
3512
415
2325
2652
676
2552
1540
1471
281
2003
2488
1978
146
425
2165
666
2313
3183
3028
2912
512
2397
920
430
2908
1272
285
1847
1689
1938
595
1668
3409
3516
667
2728
3160
3317
1832
3246
2261
1210
1612
1329
213
2994
2787
1343
1732
2540
2474
990
18
2288
2259
1495
1973
1610
2338
3190
1566
1634
2213
776
2627
2700
2909
890
3288
2314
1740
3176
71
1369
2413
3484
2713
2856
3459
3455
2224
378
3157
826
951
1822
916
924
187
324
2897
837
2429
2486
1465
583
568
2203
168
1421
3490
1731
2038
1871
834
41
771
457
1951
339
1671
357
1029
757
1536
3377
2360
1790
272
1911
550
1866
1187
3162
3257
2790
1500
681
2509
2557
2087
2604
3541
830
965
2137
1834
1631
1833
2447
2410
2707
518
2104
517
1078
266
2736
625
2531
721
545
1231
192
1015
1523
1503
2759
99
1481
3294
3473
2698
1443
1497
3041
1744
1588
2573
1192
1011
582
1526
528
2546
1434
1763
1925
2889
1718
2662
927
465
1505
304
2958
3070
2349
171
1549
661
788
2536
2894
61
2638
2030
1949
2731
2812
808
828
117
3357
974
1966
128
2253
1307
3445
1849
983
935
1347
3474
2197
3193
3049
2813
928
230
2690
8
461
3504
976
716
2938
2219
1207
1264
454
1300
1932
2085
257
1179
3517
2221
2147
2954
1354
2255
233
736
228
2607
2525
2969
737
3412
2380
2615
793
271
2663
3199
2541
1620
2592
1926
1466
2559
4
3537
1063
2081
3489
2695
442
806
2543
2982
2991
435
1423
2997
881
3110
1998
3469
3419
1208
633
1996
55
2063
1734
1174
1564
2818
2697
2039
2922
2644
372
865
3440
210
2612
970
1084
3249
2598
3303
1850
2777
493
3171
1134
3091
2839
846
398
1460
778
2417
1719
3508
390
3228
355
2026
2262
3297
1198
1406
274
3094
3127
3219
2775
1767
712
1375
1525
1546
2575
1154
823
3330
746
3290
1983
2348
1809
2664
1965
1197
1824
62
1424
714
715
3408
277
2194
36
2725
2159
2256
3032
3144
2602
3342
3381
169
2042
3114
2328
1786
530
488
1265
1595
2389
1185
1569
1575
2976
131
2248
3198
805
787
3307
2179
1869
2484
686
3175
2675
3544
1040
687
253
1512
443
669
1141
845
3084
1665
1947
3463
2633
3371
1330
2083
2021
1235
1554
1256
2354
1306
3005
1121
1411
3312
3513
2195
694
76
470
3328
436
3003
3291
2481
2330
1068
2268
172
1700
377
731
3336
2271
2238
3248
752
1083
1923
2379
3215
955
2222
2788
1345
2187
1995
2562
2231
944
373
1047
487
42
2577
907
1990
2583
1991
3379
1807
5
2420
2498
1975
3299
