1632
1494
999
3139
2432
2249
427
2374
2158
2370
1376
3173
758
121
1339
2445
1722
1630
1479
2191
3214
979
847
848
2505
719
463
490
2194
3360
2633
2466
3488
1619
2685
705
2668
1709
1873
472
3165
2167
1095
2687
149
2485
1495
2311
470
245
2629
2698
2981
1316
1238
3490
2538
1389
1351
2069
373
1102
1061
551
1294
82
3227
2690
1192
1977
2455
1340
3144
278
1521
1247
406
1865
2831
2294
2421
2093
658
2462
2136
32
2821
717
1048
1404
2247
1721
2858
299
3312
1887
251
450
2021
229
1119
2875
1043
2332
3261
146
1277
1134
2657
2379
2095
1490
819
3436
1626
1456
1781
1611
924
1088
2757
64
3009
2669
1392
6
466
1085
1633
3288
1541
255
2942
534
519
86
1077
2244
2113
889
2003
3324
520
2304
1949
2046
2498
1943
558
1004
60
1971
2152
3000
1589
1858
3499
1531
1364
22
209
2826
482
1373
1946
107
2610
1973
571
1175
2899
2609
3470
1899
3516
1499
2651
3474
873
1562
288
198
638
3148
1831
2081
971
162
2733
1906
1258
2087
3267
768
333
428
562
2842
1897
779
801
2022
2153
636
2658
1111
2203
2075
426
1884
741
1169
1319
1011
1707
2126
3194
1390
1930
3505
3523
544
892
1994
2985
1816
313
938
320
2342
1242
2322
2124
2415
2819
517
384
1636
2548
1159
2165
2403
3282
3515
1557
1361
1570
1431
335
566
33
2041
2192
1096
589
2368
2519
2789
2715
2521
3500
2865
3167
1581
2120
1796
2927
3451
2389
2065
1115
2273
1941
1658
456
178
1705
2148
1237
2102
3543
955
3502
266
1474
354
165
1896
2298
270
2894
221
2319
2361
778
776
3479
66
1448
342
63
2729
3347
1804
1279
3095
2156
1150
1656
2524
1368
936
864
1031
1116
2670
1561
1922
2074
747
2837
79
1185
3370
923
1710
2761
2386
99
1879
3244
1934
2417
3493
1078
430
1771
143
3120
592
1925
1783
3422
667
2043
1146
1870
1530
809
1059
67
2228
3005
1595
68
181
3495
1252
2416
346
3043
535
2769
350
632
1731
1886
1226
1586
1233
2613
821
503
1830
2129
837
966
754
1005
449
2586
1065
2720
1265
1223
2753
233
2115
1410
2911
2515
1537
1966
334
2353
1418
2893
1221
2460
2975
2952
3322
3519
1009
3504
777
2851
1955
1468
1110
3276
3133
3343
981
3124
609
3226
2945
1080
876
3430
2792
1224
200
1452
831
2042
264
2596
1391
803
2581
3054
950
532
2828
383
1560
3094
253
2458
2474
3188
1256
2411
1423
3019
3238
1655
1981
2584
3434
1577
3487
3544
3278
1834
1811
186
3061
3354
369
3377
1421
1455
2479
1661
2289
3478
27
2736
2477
2495
321
2420
1183
1820
468
2773
3270
1931
2133
2929
2520
2791
3038
290
2103
2431
73
242
2198
2413
1962
1948
173
1859
737
1753
421
2201
419
2179
2375
496
1310
2904
2631
2876
919
2461
1666
2267
2555
625
2874
3311
699
2794
2516
931
2652
913
3419
2847
3109
1436
2693
2628
732
902
1463
56
3385
3398
1275
1002
1575
1818
518
69
3191
3281
2098
3082
2754
467
2064
1253
2854
3387
3223
1520
3329
799
415
2217
574
2468
194
44
2127
501
1358
388
1837
1805
2278
2288
3079
3198
941
3001
94
1164
3042
657
1704
3351
2453
541
643
177
3136
1840
1743
2482
2946
1359
1904
390
2256
788
3476
813
1458
1688
3439
1763
1965
1120
1623
1690
105
135
1337
3518
127
883
2691
3480
199
2703
666
3457
770
3074
2373
239
639
1980
1166
1539
942
1670
3535
1177
151
252
1201
1374
3153
3143
2204
380
465
2299
1136
1064
3230
3140
2051
1905
1502
595
1684
886
1470
3114
673
2177
531
1145
2303
1935
1090
1435
210
226
2246
1232
652
1646
2664
1160
43
2547
1757
357
2493
2632
1694
1315
2926
2068
701
1660
740
1083
2510
3033
170
3501
2398
988
2054
2962
1559
965
213
2675
1775
2202
1167
2964
930
2107
2779
234
1476
530
2472
3418
605
268
1998
584
815
653
1712
2032
1637
752
762
867
8
3271
1823
92
3209
2525
2057
197
607
1673
1139
2621
1744
3213
302
1617
3152
2071
2607
3254
3044
3182
1725
340
461
2108
1025
780
2889
1972
1544
2213
2941
2088
1852
1236
953
3200
1411
791
1405
1968
2522
660
130
2225
1738
2602
2123
3393
2132
573
1467
3452
2704
1481
1459
1768
2863
1489
1600
2940
676
95
984
2343
2047
110
3423
1945
1424
2121
2130
325
2747
2315
3259
1747
157
2004
580
1903
526
1466
3126
826
1429
2276
2257
3171
1778
2944
2900
2443
508
2144
203
696
3252
2117
2625
735
2099
729
1527
3211
1323
1218
715
3062
1856
1114
2534
937
2178
3102
3108
2714
2857
2672
3442
2033
1053
2149
1621
3205
641
1793
1574
444
1227
2499
1770
355
2318
499
1587
52
2205
795
3371
150
578
1890
1514
1591
195
3484
1923
1551
2541
2035
849
1791
193
1542
3099
2549
159
1996
2871
2134
2316
2397
3368
407
869
1243
9
2814
1957
2454
1195
3296
1749
141
725
3304
1104
1382
1254
2507
1844
2372
940
709
2300
1592
1668
474
2512
3123
3509
409
240
435
1008
1993
804
273
3210
996
2804
2820
851
1089
968
1605
28
1975
1772
114
190
620
2163
2435
401
3035
3236
3057
457
138
785
1863
91
225
265
1030
3154
319
974
711
238
2083
610
1556
2357
382
2536
2180
3256
736
563
1580
397
3283
1453
2954
2437
2481
3077
142
2912
2182
1235
1564
3007
46
1752
83
1076
2305
1074
1000
1979
228
1140
2741
61
3433
929
787
2224
2824
3520
934
649
1019
3157
1379
1387
3447
1462
3389
1278
2809
292
555
3031
3002
1129
1713
2290
1728
1442
818
3539
2223
3342
840
3440
161
1603
2446
1308
1992
306
3104
2778
2636
2339
1022
2190
2061
140
1664
537
3472
1457
1635
2488
2218
1826
844
1366
76
2052
794
564
1079
2210
3255
71
1733
1204
3417
2506
897
2662
3410
21
3093
2169
1241
2560
2424
559
1784
516
2306
318
1023
756
596
1745
484
554
1371
1496
51
1652
1267
855
3350
2020
2045
1171
1797
1178
3466
877
1987
872
745
1988
1755
910
1860
416
2209
3064
1572
1902
843
858
1848
218
2738
1230
192
119
2530
2806
2796
2381
2951
284
1281
727
1785
3247
969
2150
3359
1447
679
3318
536
730
1880
2434
237
414
3083
2106
830
603
2666
1827
24
1976
3292
1032
1354
396
403
12
1428
1357
3403
2570
954
2673
2325
2947
2055
3014
3096
20
3527
2676
259
1024
1205
507
2661
458
2556
1036
3313
2344
2695
586
1727
1730
3129
1569
3006
1027
2931
2459
2870
1010
3168
712
1629
1413
2665
2644
353
515
371
2301
2772
3475
3481
3113
2189
2566
738
2076
2351
3454
1161
2089
332
3291
3274
816
471
750
1599
1959
1334
3407
539
425
546
3353
960
2248
2025
1622
911
550
1084
1614
863
2961
749
1454
3069
2933
78
2309
1729
2593
1839
1151
1362
2943
2532
1877
987
824
527
3118
1740
1850
2780
2784
331
2096
1488
1097
2251
998
34
2886
3394
1782
2731
2154
2572
2897
2914
2139
230
1693
678
693
2918
2980
1978
2615
1761
2915
2239
3137
2896
1960
1588
1100
2969
3026
148
1920
582
1952
1913
608
2518
2271
2334
547
1438
405
1845
2283
2242
2558
315
445
2015
2376
3229
3119
2745
2483
2034
48
367
2140
3395
1526
870
432
2200
2391
1682
2577
2839
3177
1186
2452
3179
2619
424
3187
2433
733
2062
2291
2352
761
2683
2410
2252
3492
2487
1068
2092
2406
2176
2881
2991
1212
2232
1350
2264
3391
235
2523
3207
2561
3193
722
1563
2509
2979
1681
2920
1550
2959
2579
3346
675
2118
1189
2825
612
1313
2646
451
1363
2898
2545
2936
2767
841
2578
1341
2725
2554
303
3228
1735
106
932
2970
293
2230
109
704
2
792
337
1585
88
1365
2504
964
2401
2686
117
1327
1149
579
502
985
3134
2128
1060
77
3336
1692
2324
671
3541
1933
1417
2958
2694
2592
1103
3435
1300
1627
2983
1251
3432
939
3195
2409
153
506
989
183
1989
2770
392
1311
147
2104
1081
1353
176
1898
976
994
3334
1643
358
1910
888
3355
1070
1927
1608
2364
1607
1158
3023
1063
720
375
739
3511
1154
650
1058
973
3522
3469
2222
1545
2533
1892
108
57
3212
1209
2830
912
498
2552
1917
884
672
1760
3285
2172
1276
1113
1647
1056
3162
1268
1759
2147
2723
1792
2302
289
2678
828
436
300
3316
2573
3349
1433
2270
2765
588
336
3301
627
1883
3142
1412
2040
2080
128
2024
2236
3379
2463
1414
948
1983
244
360
2882
2902
2418
879
1430
1513
975
2866
977
2868
208
493
2161
961
2392
1449
2906
2407
2923
412
1451
1272
1398
3264
2890
286
1649
18
797
1806
2624
2491
2879
2562
1846
1477
2993
3147
3497
3416
3463
2240
196
993
158
1179
565
2465
2082
182
1153
2262
1210
1986
957
2335
2727
495
1911
152
2782
1795
2798
3317
1386
232
1109
2138
1628
2680
14
1125
113
3107
624
2331
2007
398
3341
3315
2037
2317
1282
983
3384
2005
3372
93
2708
766
618
2671
3199
2925
958
1720
742
98
645
796
1270
1118
2650
90
949
1963
1072
3425
3390
1372
1014
2492
1929
2362
2956
267
1847
1165
3010
3073
385
25
327
2701
54
833
294
3218
1641
2067
1330
2803
1861
3308
1427
3295
583
2185
262
2528
1216
2063
630
1152
420
1246
1590
285
3117
1741
1876
1092
1532
1295
275
2712
751
1444
2724
838
1122
2758
2674
2484
3537
478
2269
1017
2066
3242
2058
2546
2553
1194
832
1869
1290
2274
2436
2402
634
3202
256
1208
956
2369
2999
1718
1810
1868
1669
437
2574
1040
1762
2026
820
362
1598
2105
2637
2755
542
2360
856
1601
3234
1302
1686
1328
87
2982
72
1616
661
1529
3352
664
1105
2110
2901
878
2953
2183
3337
1901
1615
2234
1894
2700
3237
408
2682
3039
322
2023
3374
3243
2216
2565
1833
2097
1231
1634
394
2350
3471
3542
2805
997
2891
800
522
2529
276
1338
2917
2197
2277
600
822
2872
2850
2976
3127
160
477
2564
1715
995
808
3290
2739
3132
2293
2614
2233
1942
1552
1280
2559
2997
2394
1765
2395
1420
1794
857
807
40
1522
728
642
101
305
3089
189
215
3257
352
104
2571
1695
3098
3097
1498
3307
1335
1780
2655
2141
329
2963
459
2220
3185
2241
980
2913
1126
2175
3333
2476
577
2279
1773
2800
139
3536
763
1124
2978
3029
2649
3050
927
3078
3065
2996
1349
2583
2764
3327
422
2501
906
274
1553
1147
3530
1568
1510
759
376
16
1812
3441
2829
2490
19
891
1654
991
918
1297
990
1885
2684
3319
476
2737
2400
560
368
2734
1609
1461
3190
3424
378
1691
3128
2337
899
2654
1517
15
485
3092
402
206
1573
585
241
3464
2895
1007
2048
2310
1384
2408
3231
1066
775
2336
1220
2440
3040
1867
646
1509
626
1724
3012
2957
786
370
2425
952
1606
257
1035
3265
654
39
3438
2173
2164
211
1250
3088
2101
2146
1395
2166
2730
2077
247
591
2653
132
723
1997
525
356
1266
1130
1305
3151
3018
1044
1719
972
963
344
3084
802
602
928
2275
3008
330
839
1121
680
2456
2934
621
283
2618
1426
2659
3414
2396
2597
644
2801
3409
2348
2726
3141
3533
1817
3303
1347
429
2226
163
3309
663
1769
2412
2084
2990
1638
3459
62
1346
790
567
2908
3070
80
1286
903
3305
3340
2557
895
2393
413
504
1814
692
881
3017
933
587
227
1717
2259
590
3041
2109
122
3192
1296
3184
2998
1450
2486
2013
2473
2219
896
945
3545
3400
1360
2594
3016
295
3366
599
2788
2151
1504
2707
2667
339
3494
124
1566
1543
2297
1400
2878
628
1301
2441
326
681
1377
2948
1954
42
3402
377
460
2326
2909
423
287
3037
2802
3263
3380
38
2810
2237
3262
2438
1245
2599
1758
3526
2160
1380
1207
3458
3027
2551
3339
2086
1689
3161
3164
1512
3331
549
381
854
3076
1756
1086
250
243
50
3272
925
694
343
1055
1062
2910
633
1042
7
2328
389
1026
1779
1332
512
689
2883
2749
581
2011
2414
1889
900
1343
659
393
1662
1594
386
2280
116
154
2282
351
2606
3055
1029
1567
102
2235
3348
557
909
2399
3462
2645
1352
1039
1050
2323
861
683
3328
2031
2116
3284
166
915
1683
1419
1342
2639
2588
2706
836
637
172
2404
3112
1385
598
2296
488
53
2206
2977
3498
2924
473
2681
3362
2813
441
893
1716
156
1708
986
846
655
1402
2781
3326
920
1403
2841
3225
2585
475
2815
698
1196
1802
1163
2771
47
921
489
992
2347
2846
3135
765
2287
2930
1940
1071
2884
1751
669
3145
2365
718
1298
2238
1984
447
2329
1396
2531
811
3245
2444
2972
2717
2921
1672
1289
1141
3428
2760
1950
1445
3383
3323
1697
871
2387
374
164
2808
1471
2968
1013
3246
1370
84
3335
874
1225
798
2679
1491
2517
3364
1345
576
3155
1548
2845
185
3421
3513
2622
2448
1015
1439
1947
5
2514
917
1269
1397
2174
2187
1441
1234
1046
2168
3381
2988
746
3053
3408
1871
2320
3253
404
311
1829
1554
1
3047
2122
1515
2608
3538
2616
1263
3115
1789
2716
3489
452
1206
400
248
1503
827
2880
364
1919
277
3486
2029
1016
212
3306
120
1051
1916
3024
187
2750
2967
1443
2359
606
1990
1367
2823
2137
1631
1815
2266
3297
363
3314
1190
1184
1698
41
179
3508
2002
3051
2989
1182
1956
1508
2955
615
282
3412
1240
3356
1394
431
65
1739
2939
3300
859
2355
2265
3363
2012
1851
2843
1399
1174
2451
706
1285
2131
2860
1198
2078
1787
3455
511
1914
2709
23
2938
2497
1620
1909
2327
616
1699
2428
2812
2742
1511
3216
2550
569
118
462
665
500
3175
509
1547
1835
1696
2261
852
1170
2567
1663
2050
2595
2430
3406
1143
1618
523
2785
2811
1069
2793
307
1821
2817
561
2656
2429
2016
2072
2635
3266
1500
2807
757
1306
2840
2836
2333
2014
3049
3477
1878
1583
3059
297
890
3100
1378
3404
2848
3020
2612
2196
2090
3532
2949
2028
3289
1057
552
2861
217
3111
3146
3461
2790
2797
2735
764
697
1809
1248
1087
2965
4
2470
3483
714
702
2641
1336
2877
2345
2119
2250
1271
434
2295
1217
1287
1324
2496
943
1766
2056
2600
129
2135
1006
75
662
2044
317
3367
2384
3268
417
2795
1197
898
1881
1318
707
604
3220
2268
2184
2711
2349
1307
2388
1798
1891
2859
1486
781
1754
2762
3180
1108
96
3160
3429
1135
2885
553
1767
1938
2308
1857
908
442
347
3166
2587
1746
2987
2049
3066
1045
3330
3105
3397
3090
1021
548
734
291
35
2580
338
2787
2314
2060
2759
280
1388
1260
2766
1041
2642
3507
1970
1665
3189
1393
3232
3021
1939
3224
687
1578
1974
2919
1304
3275
155
3063
1842
647
1825
2367
204
3067
1653
3025
721
359
1162
2916
134
2783
136
3482
480
1822
1639
3233
2193
2157
103
3217
1193
880
2617
1864
2377
2932
2575
2338
568
3286
1261
487
2542
1138
670
2699
281
1518
3156
1937
2378
2442
2744
2922
817
572
1788
2966
1507
622
2849
3196
1012
497
1492
1406
3506
3186
2422
773
1642
1579
1259
1133
922
1777
2563
2195
97
3258
3
835
2696
1049
3338
1849
3373
1723
1737
3361
443
455
494
538
3514
753
85
617
3512
2419
2100
2692
115
789
70
3386
191
1375
3528
399
271
2221
1680
3531
2722
1928
1288
1047
2640
1799
361
2740
1969
3345
1951
1214
2960
668
2605
1576
724
1882
656
1726
1944
1776
2643
710
17
3122
3375
3420
2768
3496
174
3540
1624
703
782
1033
2743
3415
1506
1501
144
545
0
611
3449
2746
1291
2689
2114
916
2009
1828
1678
3241
269
464
755
89
1625
2312
345
771
1067
2756
1127
3203
619
30
2254
2212
682
1475
1473
1465
1003
323
260
3517
1838
2019
1249
2763
316
528
1982
1356
3321
3101
2728
1312
3149
2569
1106
3058
216
1528
1967
1936
1659
1866
3169
1711
744
2354
1107
1173
1482
3260
793
1853
3239
2816
1037
1748
1961
2447
1582
1995
2181
1584
865
1764
2171
3456
2036
640
556
184
3204
629
2208
1750
1112
45
2321
448
1483
1525
2039
2008
59
3056
3172
454
112
2382
1645
2471
387
3298
1819
1137
1200
866
2038
695
2111
2540
1202
2591
1437
3413
2907
1440
223
1191
469
978
885
2188
904
1926
2543
2450
175
1156
651
3448
772
1172
446
3215
829
1734
1187
2285
3396
3392
3431
2611
2313
1523
2363
391
3174
2263
3376
1157
748
272
1915
249
3080
440
1020
887
366
597
1274
3125
2775
314
3030
1460
3004
483
261
1800
2539
3369
2073
2721
81
1117
1344
202
1854
3110
2838
3034
1469
2145
328
1536
1841
341
1862
236
2950
3279
1533
180
3158
1188
1964
648
3235
783
3150
3453
850
1836
26
1264
3003
1229
845
2229
1322
1142
1098
58
2284
1144
171
1610
2511
433
1875
1299
348
1054
2508
1602
2627
205
2867
3052
2873
1558
2513
1446
1571
3310
3011
805
3131
372
1700
716
947
853
812
2243
2427
513
1706
309
1732
3491
100
3163
2777
1075
601
1480
2503
575
3197
823
1168
2834
312
1284
623
2663
3249
11
1774
2346
2085
37
3028
3401
926
784
3446
982
2464
1874
2405
1422
3206
810
2094
2937
1320
3460
2835
2719
1408
2010
2833
137
3075
3426
224
1292
411
1546
690
1565
691
222
688
263
2638
3221
1701
2648
2598
2697
167
2000
842
2255
2887
1832
3251
1244
2170
3183
418
2211
2568
3287
1648
2864
1516
188
2439
2973
2974
3068
3445
962
2647
2630
2905
3032
1736
2079
438
2776
298
2281
1321
2799
1052
1073
481
131
1091
2634
3072
1211
1505
1786
3116
1369
2245
1703
1843
814
3399
1485
3378
1921
2112
907
2018
631
868
1407
2535
1538
2601
2449
1953
1038
3357
1293
3048
1148
491
1790
2053
258
529
1434
543
2626
349
1326
2748
220
2341
3525
946
760
2892
1596
2710
3521
2994
1203
2713
2705
514
1464
2467
1309
3299
905
1807
2358
901
2582
3443
2971
862
2478
254
439
1472
133
2986
1932
2475
935
2856
2822
2469
1535
3280
3240
1131
1907
2001
1677
3106
3277
2480
324
1082
3427
1824
2576
1644
310
1348
3302
3085
1101
492
1924
2786
3444
2928
2502
613
74
3060
951
1493
1893
2027
1199
2330
3468
2489
2589
2688
967
219
700
1383
2888
301
2227
1912
2186
2774
2526
2827
3121
2383
2677
1123
1034
2017
540
3344
1028
1314
2935
1215
2752
3320
2385
3325
2142
731
3269
2751
379
726
806
2207
2660
3087
3086
453
1650
207
279
1381
1155
1671
3388
1093
3467
970
1900
2457
2371
2143
1685
1283
2604
524
2159
1094
533
2423
2702
3450
3273
123
1640
1679
3294
1991
3332
1303
3405
246
1604
3036
3524
875
685
521
3222
1333
2272
774
2494
959
1409
1714
201
1597
1540
1273
2852
2590
3181
1801
3015
3465
708
10
3138
2286
3382
1478
1239
1657
2732
2862
882
1687
570
2869
169
2162
684
3045
1432
505
1001
3365
1262
944
1176
767
29
1549
2260
1888
486
1612
2853
2537
3201
365
1803
593
713
1593
3437
1908
2903
1613
3178
1524
3358
1317
479
1325
2718
13
3529
2366
3293
2544
1674
914
55
31
894
1219
860
1872
2500
834
2155
1667
3219
2258
677
111
2380
2620
410
308
3485
2231
743
1895
1675
1676
635
2253
1255
3159
686
2832
2030
825
2995
1401
2214
2070
1958
1808
36
1742
1132
3176
304
1497
2340
2006
1128
2356
3250
2059
2855
49
769
214
2527
594
1555
1534
1918
126
1519
674
1180
2307
2292
145
168
1222
1331
3170
2199
2818
3534
3071
2390
3081
1425
3208
3473
3248
510
3022
1355
1985
2623
2426
1416
2844
1702
3046
1813
3013
1487
1484
1415
3503
2125
296
3103
614
395
1651
3091
1329
1999
2984
1181
3510
1099
3411
1257
1855
3130
2091
2603
1213
2992
1228
231
2215
1018
125
