403
397
1803
1917
1244
1124
3125
2183
2467
332
1013
999
221
86
1297
2343
941
728
1776
1685
884
1415
412
3256
2921
1058
3210
569
1852
41
2838
777
2034
2018
2517
379
506
2599
183
59
660
609
2811
1751
3198
3247
331
1997
704
2348
1782
1691
2370
445
208
1220
524
3160
3078
2490
2496
157
305
716
2933
342
2398
2225
2653
1920
3064
2340
3092
717
46
259
599
2045
2799
455
2192
172
1847
1205
1614
2359
2482
508
907
2804
483
666
600
1391
268
3096
3204
2344
1282
486
2485
2351
2503
825
2821
299
2571
3201
1892
1934
2715
2752
689
2163
769
3086
1680
3137
2017
1397
1523
2465
1755
3166
1311
447
1944
1915
1437
1264
2100
2204
868
1042
2148
3030
1077
2307
816
2877
3268
116
2492
2073
1558
1893
1536
1139
1534
69
1945
151
351
2981
3254
680
1615
2592
1990
2057
556
1533
2721
1591
2167
806
231
1951
1204
3279
1230
1371
1982
1207
1396
2515
1964
500
1066
1817
75
265
827
3055
3134
580
2620
1451
3228
1566
1462
2384
275
2976
19
1778
82
369
238
368
1352
2144
301
1384
730
1321
1457
452
1215
2387
276
196
1493
1721
1553
3115
3050
798
2522
115
1752
2606
353
2135
2059
632
3120
40
1828
2438
1679
193
2552
761
1177
2283
2769
2369
931
84
3232
953
361
2795
2756
2594
1561
1438
170
2483
2796
2700
1249
2366
1137
295
453
1877
876
675
2206
2511
2543
2968
394
2300
2907
3138
169
3246
1634
38
892
2478
2773
739
2188
490
1606
10
2912
1598
857
1040
2906
475
1187
2531
807
998
2751
1241
3239
2382
472
2729
943
1113
912
2091
1156
1349
3105
623
449
2783
585
119
2472
2846
2281
3090
1627
1336
3089
1683
1694
1014
1645
302
1871
1996
1876
2261
1600
184
2109
366
1687
1145
3245
2136
3278
1129
725
230
1446
2548
579
3202
2882
2172
468
7
1319
3222
1076
185
333
1001
1796
570
539
50
2118
1850
3197
683
565
2836
3186
1684
882
2662
1188
3171
2528
2308
1651
2817
310
2103
3224
70
1640
3129
2936
3249
2331
2027
685
1747
909
1780
20
340
1605
1430
2160
2095
657
760
607
1473
2400
319
454
2341
407
1770
1171
2282
504
1208
3065
384
2418
2216
1518
1151
201
2345
2096
2587
1192
1916
2361
1787
389
1400
1307
1925
1902
1562
927
3219
2383
3208
1633
1037
2892
381
1550
3069
1390
1201
2378
1434
12
3079
1279
1155
2098
1169
1259
291
2201
605
1333
641
2441
1304
3020
3099
2332
1649
1516
936
649
1843
1857
780
477
1283
2664
779
3153
3053
2578
2794
917
1570
2961
560
1011
2949
2532
608
236
651
2920
2066
2104
1979
63
1888
946
2050
2210
1620
1611
2630
744
2990
2475
2930
791
2235
3040
2607
771
3031
981
3157
516
2215
3113
975
635
1356
904
1636
2969
2220
1174
3243
2802
1643
2973
1989
2893
833
2848
2980
658
2748
382
2357
2463
1441
1018
1398
1308
329
2577
2860
790
430
362
2231
2056
1986
3146
2375
972
977
2746
2329
2022
1872
2742
1918
2719
3043
2885
1306
937
2289
1096
2597
3236
2947
2311
1961
1753
261
1354
958
1619
2867
3242
850
1246
766
1231
109
2923
1189
1926
1424
879
1976
1055
3021
2902
410
408
1388
3024
1959
2029
1881
2245
1012
2557
2181
1849
2657
2671
1405
952
2134
2569
2474
2036
24
2138
2002
2876
3229
558
1967
550
568
706
2211
2834
1904
211
1592
1947
374
2541
2420
792
671
1837
2198
2589
934
2347
181
308
838
1152
662
2410
929
572
1924
646
2526
1334
3258
1240
2500
2264
2574
2510
2686
1242
1206
1063
1907
1116
1366
748
3271
1827
396
1455
2613
65
1985
298
229
709
2314
3061
1501
3091
1513
2315
785
899
1573
1216
1038
1497
734
327
1983
1425
1899
457
1853
3196
805
2705
910
18
1495
3081
3041
582
2575
485
1731
241
2997
1331
1454
1677
135
2784
2801
1722
2561
1053
521
1266
2121
736
3172
1675
1450
1166
2668
1103
774
28
3216
49
668
2865
2271
1816
2560
875
2067
2609
194
149
1581
121
633
2507
2747
2679
555
1385
2866
3274
682
694
1629
727
2363
1616
1222
1392
1808
3252
1463
2898
699
1168
114
2855
1773
711
842
3223
2353
2659
2212
1551
1074
512
439
2209
2031
2414
2714
1833
34
131
1835
526
140
2320
2928
1952
87
1157
2660
1170
967
6
3221
3263
1597
2265
1690
3033
1587
1909
2717
2939
2452
2905
2765
944
2255
1418
1630
2119
1105
2176
677
2061
3260
2088
273
341
400
32
1864
1061
2246
2110
1524
1659
1347
720
3027
1141
2546
1056
1806
650
3023
1491
2004
848
3058
1213
1788
3206
996
1761
355
176
1059
1045
723
1526
213
1949
1025
2805
2710
1696
2634
1253
385
253
2234
1435
510
2661
2092
1379
2778
2012
2520
1431
3253
2432
2777
1855
732
1007
1790
1509
3182
2479
1252
2069
3207
1815
1327
1632
2449
2268
1555
2166
628
2115
1344
1957
2676
1653
466
3001
2263
292
1522
1726
209
1948
859
531
1261
1276
11
2296
465
3077
2768
800
2839
2780
1243
2915
688
889
2362
96
1599
1623
653
1226
2562
1618
2140
1631
1905
738
545
765
2883
2813
2180
2723
1569
3062
1285
831
393
1988
2354
1545
2732
947
1153
199
1280
207
702
3178
437
1057
2270
2372
1717
3018
1911
227
2568
1972
656
672
2250
1185
1211
306
1686
2190
985
1411
2782
210
2424
1181
945
1556
2298
1180
3156
3154
1146
489
473
2529
924
365
2722
2753
2435
1937
1269
2899
294
616
2043
949
2972
1821
540
37
2019
613
1548
2269
3063
992
2535
496
2426
1298
144
2303
2797
1483
1247
217
528
2513
191
1507
543
2147
955
3192
1294
68
2551
316
2189
2628
707
729
47
1002
2852
1884
2070
2247
1901
1841
274
2252
587
2567
470
269
204
2698
2350
3045
705
198
3005
2152
399
145
1286
563
2772
1428
3191
322
2326
478
2995
3014
1862
2487
3158
2202
596
1380
509
2339
840
1343
965
2842
234
755
3067
667
3110
3070
2572
1468
2376
1223
1245
1703
246
3093
2633
2673
2120
2090
1409
2712
391
2397
763
247
216
1363
2585
624
3054
73
2168
0
14
719
237
372
436
2421
2319
2508
2618
142
1768
2978
1219
916
963
2169
1879
2709
1998
1500
2733
815
460
2413
1708
2238
1786
480
2950
2240
920
402
2102
2887
2615
1008
3019
2493
404
2444
2371
866
598
2822
1688
804
2248
2740
97
740
597
2728
973
206
1487
803
2957
2392
1532
2984
942
2156
442
1123
352
3169
1882
2553
43
3010
2953
1974
2145
2402
1488
2274
976
1073
154
1277
1878
1956
462
1802
519
1301
1571
3227
1601
180
81
2639
950
853
2837
1927
2203
3145
2425
1880
1577
1846
2020
190
163
781
1167
5
134
1791
148
1819
1150
1377
971
1502
2814
2324
1460
2129
103
1963
2695
3180
669
2818
406
443
2451
812
515
1217
3272
1471
2301
1107
2065
2749
750
2171
1966
1089
1830
1693
3177
1364
1357
3036
414
695
3118
564
1854
498
818
474
2629
2208
2355
1482
1889
1164
1682
1496
1519
1258
423
1052
334
2761
2726
2771
1448
2419
62
932
3085
676
1022
700
1785
3257
3159
1143
1233
2107
2770
2894
2162
1579
1641
1559
1809
3199
1023
228
938
1936
2658
1995
2820
2547
497
321
36
603
162
1274
3262
1082
2570
2864
1120
3068
2775
2650
1412
2518
2196
1332
903
2221
2054
3212
1735
2808
3103
2158
2656
2858
776
756
55
2137
499
795
544
2946
561
448
645
85
16
551
2951
1210
2008
2042
2075
2623
435
2053
2030
1406
1921
701
1329
3009
80
2910
951
1362
2323
1270
2791
575
2471
53
2078
622
2718
647
1993
1445
1656
2559
1910
335
1312
122
431
590
2527
3116
1626
913
1743
2395
1565
1299
174
242
1737
1707
757
2048
1458
235
3029
2904
2222
802
841
655
200
928
984
554
3022
3028
2919
1771
1544
2244
284
1218
935
58
1461
418
2701
2399
2318
639
3269
2554
2937
567
1622
1678
1660
751
1257
2824
1832
2971
861
2488
520
1670
1135
2908
2473
1068
2253
2224
2200
71
698
762
980
2564
2006
219
2470
2292
3189
1315
692
1621
2085
1576
281
514
2868
1757
2016
224
165
424
15
2272
871
915
2988
2267
1475
742
1041
3104
1499
3117
2624
2197
1567
3261
2458
885
663
1256
1549
2038
1863
1654
1529
784
143
425
1734
1674
74
1071
3211
923
1144
2819
2497
1595
2875
2956
2934
1119
117
297
2
1546
17
337
1469
573
619
2041
2060
3188
1237
1179
3176
179
989
3155
2254
2285
2302
2393
1102
547
2127
3008
2873
621
661
1072
3265
1313
2941
438
710
1173
494
2310
64
1472
1713
1485
311
2309
836
233
3218
2977
1069
239
1419
2579
125
1665
1464
2833
2967
252
2870
2713
1539
2442
2708
1769
966
2346
991
2638
3244
203
3076
357
420
3101
2381
2943
1172
3152
1193
3122
1624
1338
1638
1079
3038
549
894
2566
2523
1449
2047
1741
2080
2685
2640
1202
2798
2082
1414
1114
1466
2648
821
959
2175
1946
869
1711
548
270
811
610
2616
2871
1353
2139
2130
481
1732
77
2565
1004
2251
1447
2317
186
1024
957
2707
2046
2788
3003
691
1729
1191
1387
1281
2489
1646
1744
1825
2897
2853
111
919
2759
1856
417
2195
1065
1238
2781
3248
2071
2690
768
1652
56
2652
104
745
167
1763
476
29
79
427
690
2970
243
2666
1070
1527
42
2558
2863
1575
2840
2505
1541
2105
303
3140
2260
3051
2076
918
1034
1933
2829
1402
1101
1028
280
3276
2279
867
1149
1086
1248
553
3123
870
2242
2696
175
300
2434
1330
2334
1015
138
2960
2736
1834
1209
659
2081
317
272
1104
2738
1672
3098
922
2112
1350
1047
626
1383
112
1695
1131
13
874
2610
1486
1064
1426
1758
970
2667
2284
66
2806
2262
1375
2779
1593
1017
26
3032
2377
3059
2498
2450
2869
643
2257
1081
1109
2456
1777
1923
1467
566
309
1971
2697
76
2830
23
1766
782
2890
2219
1035
2681
1738
1994
1810
2725
1
1980
2358
2702
2466
2153
2151
2516
3144
559
2304
2812
681
3235
312
2625
3095
150
2643
2692
586
2443
1676
2064
3034
1869
139
880
57
166
2766
1115
1470
1263
2925
1844
793
1750
2241
1866
849
2935
2214
288
2647
3108
2896
2998
98
2758
865
277
1739
1158
2024
2352
538
3214
2786
731
3111
2423
3183
2131
1637
2542
1552
1540
1793
1348
888
1740
2992
1939
2385
611
1062
373
1278
1572
860
1894
1935
2678
743
3241
1161
3013
3132
2785
2918
2964
123
1868
2237
1765
1199
513
1084
3083
1987
3006
398
2649
3234
376
1021
3002
1228
1255
1381
2504
1992
591
678
2959
2739
770
141
1234
1032
1214
2803
401
583
1367
1517
617
714
386
2595
1719
1666
2360
1236
2159
52
2627
2966
2011
844
2583
2929
1658
2874
2965
615
2106
718
3128
2849
864
2983
962
1710
1798
3165
1183
2226
2052
2635
1369
3100
1251
863
1227
161
1891
2955
2094
1960
1662
2815
2021
2099
1033
2962
2389
2338
1097
823
648
1978
2514
1232
39
1530
2611
3142
2154
336
2325
2123
3046
637
101
2380
3187
285
588
1824
1839
387
2161
2735
1374
392
1724
262
809
3259
3250
1112
2049
1504
1443
323
133
1783
1898
2991
2035
581
2141
511
1508
2023
1403
1254
654
1337
2312
2170
2256
2922
2388
3174
1080
248
3226
3225
1596
2963
3056
1395
102
488
232
1709
1335
2975
2150
3195
2179
222
735
158
1764
422
2365
507
126
887
1494
3017
820
1728
721
2911
2074
2336
746
60
1635
226
1368
2447
1668
1300
2367
1586
2669
2989
794
2872
851
113
2306
1314
3011
1100
2429
3106
2290
2394
110
2945
2232
318
83
2545
2944
2417
2108
1221
1027
2637
974
2291
2249
3080
22
3042
983
2835
817
1912
434
2009
2143
2223
2530
2396
1953
2499
2205
2617
1178
1394
665
2888
2015
557
25
1087
1498
1914
2603
2540
2299
908
409
2996
456
1162
1111
94
2462
696
429
832
354
3124
1098
1095
1093
1271
1267
3004
631
969
1797
4
1975
954
1195
979
313
2581
814
1970
873
1984
808
1176
878
187
3175
155
2007
107
2764
1085
469
810
3213
1730
773
330
282
1480
164
1026
898
518
1197
1585
2879
2001
541
1840
2979
3007
89
3170
1165
1697
523
2368
845
2938
2859
3200
3190
1759
1874
3074
3168
189
1126
1339
2185
2097
249
2063
1829
2199
202
1583
136
960
1560
78
1479
388
620
3037
2430
92
1897
137
2521
2604
2999
1804
2445
502
754
2927
1324
3179
2401
713
2228
2889
1355
1962
2280
982
890
339
854
2828
2266
1154
2948
1132
432
2328
1867
855
1016
471
2831
1792
159
2428
2986
1890
1795
348
2077
2793
3233
2005
562
797
1134
1005
2525
679
534
652
1505
2914
987
2126
703
1044
2891
1801
1748
2025
2040
479
1861
3173
862
251
440
1410
1950
914
128
2741
1702
1444
358
2917
2316
995
3255
1715
940
482
1625
2987
346
338
2335
416
1547
2645
642
2194
2218
2128
1420
837
3203
2958
2464
146
990
463
2114
106
1376
1288
1746
2641
2754
1140
2072
749
2843
3052
533
2055
220
1657
320
644
988
1453
1578
2847
1050
2743
1009
532
826
2857
446
1531
2460
1767
2924
3015
1046
2494
606
1826
1088
829
2580
2716
574
3025
2184
45
1607
2273
2087
3240
1699
3277
1292
1212
1190
2207
1639
2689
254
576
2544
2536
3127
1289
279
911
2101
1125
2051
1940
3107
2165
2278
3
3217
2699
1436
1538
324
33
1955
2243
1029
1361
2932
1511
1775
505
458
1842
593
177
939
328
1442
283
1865
314
364
1416
218
1229
2084
2533
2177
347
3270
708
1477
1340
767
67
1320
2412
2586
3273
3264
1083
2654
257
2684
1378
1235
595
3149
1681
2776
3164
634
2446
670
1489
1373
1941
2476
1474
2501
1512
2014
3238
789
3012
1341
1568
1182
1745
1903
484
3109
2409
195
127
2755
2608
1714
1673
289
2816
1602
2010
197
1932
2427
2044
993
2549
2032
1108
2884
3151
1969
1225
1075
1580
2655
3205
2373
1698
492
858
2111
1564
2416
1049
948
753
2631
2276
3133
1794
1399
997
1733
2792
1943
834
1492
124
601
2809
2089
3275
2454
881
1756
1942
100
1812
240
48
847
2186
278
1175
212
783
130
1159
2028
2730
1272
1142
2142
930
1900
1594
2391
214
2093
2774
54
2940
2674
1973
846
2621
584
2993
250
2174
2288
2731
2480
2787
1811
542
2901
2293
2942
722
3075
2856
2677
2862
830
636
895
1268
3147
2062
2403
886
1999
872
1609
625
813
839
378
900
2909
343
796
786
1440
411
2886
360
3112
2593
3209
801
31
2694
1121
44
1981
1705
2632
1885
2132
3048
256
2850
2982
215
2573
3039
2582
2213
451
1762
752
2683
896
759
2605
287
1099
1723
1542
1275
1326
3131
843
3181
1820
747
2086
1823
3141
3035
326
419
3184
2538
223
1521
2703
627
2461
2757
1958
1019
1122
822
1389
2880
2598
2440
1260
2691
2155
8
461
2000
925
2810
9
359
459
1200
2913
1106
1427
3066
1669
2330
819
2841
2825
3073
3150
1922
375
1291
1906
2227
994
724
961
160
1372
577
1408
758
129
614
1859
2039
1465
325
1557
1563
1510
1452
1700
1302
712
978
1870
1886
3163
2374
1186
390
1977
491
2854
501
2422
2178
2026
1838
1929
3139
350
1110
612
1136
1031
2321
1401
2737
290
1118
1429
2750
1617
1749
72
1574
1476
956
687
3193
91
2646
1293
3251
1490
1991
1393
883
1296
1128
108
1303
3143
2680
1295
1342
1317
2173
1760
3280
296
1346
1908
345
693
370
266
2229
2636
741
3136
737
1000
178
3167
2626
933
1359
856
2083
2455
3088
905
1919
363
267
772
1650
1417
2619
1091
2379
1554
1305
2720
1130
1582
2506
2502
1671
2851
2555
1036
2762
1858
673
2297
1701
1784
1386
1094
3220
1875
2275
2672
1194
1655
1612
618
3237
764
1481
2688
2861
891
535
2556
1345
1273
2187
1588
464
1316
2600
415
307
173
2146
2337
1250
1954
1328
2539
674
3094
503
1239
2512
260
2405
27
132
2453
1433
775
2469
153
1360
1309
1090
1642
1664
2895
2844
1692
1663
1873
395
2433
2349
105
536
2407
2287
1318
356
1537
530
1030
2916
441
182
371
1896
638
377
3097
1478
1520
88
2974
1456
877
2800
1965
3087
2954
2468
2408
2900
3102
2113
546
3084
1604
1589
604
2926
1706
1648
640
2491
2985
926
1092
2524
1913
1613
3215
1422
2537
2259
686
1887
30
2789
344
2058
2827
1184
2509
1807
2622
1117
2563
1590
3121
171
1148
188
1848
2727
1325
2767
893
192
2614
205
1814
2670
2457
2033
1799
2286
578
529
2448
2881
2327
244
405
1818
1459
3194
1351
495
428
2295
2878
2711
594
2322
1603
1718
2584
93
589
517
1051
1265
1196
286
921
2164
1628
2693
3119
2079
61
2117
1003
3230
51
2406
2003
3044
2124
1043
1720
2230
537
2481
2486
1528
2734
1813
1800
2807
2550
3135
1147
527
2596
2356
1006
1432
2534
2601
824
3060
968
799
2682
1774
2903
245
592
1772
852
3082
2436
35
2663
315
3114
664
1127
2439
2364
349
2477
525
1413
2687
1048
2116
1203
1506
3161
1845
1515
304
2826
629
3162
1647
1928
1133
3016
552
787
828
2037
2133
3148
1716
2704
2744
1054
2745
2994
733
2386
3047
1020
2122
2239
413
2415
2149
3071
367
426
1535
90
487
1742
444
1860
2068
2760
383
1704
3000
95
1370
902
986
380
2519
21
3267
3266
421
2459
2013
2590
2125
1138
467
2763
2233
715
263
726
1423
2790
778
1358
1163
1736
1198
571
1484
120
493
147
1060
1322
2952
168
1543
2644
152
788
2217
1851
3049
2411
1781
1779
1895
1805
3057
255
2333
2236
1712
3026
1584
2724
2191
1407
3130
1610
1503
2832
2157
2591
2258
522
1160
1831
1931
450
2706
1725
3126
2665
964
1404
630
2305
1727
118
1010
1644
2437
225
1822
1262
3185
156
3281
1525
1287
1514
293
835
2602
1938
2642
2931
3072
1836
1078
1883
901
1067
2651
1930
1323
1039
99
2277
2182
1284
1608
3231
2612
1689
2431
1667
2404
602
264
2845
1290
2193
897
2342
1365
906
1661
2495
433
697
2313
2576
2588
684
271
1382
2675
1310
1224
258
1968
2390
2823
1754
1421
2294
1439
1789
2484
