1237
4359
1571
2210
1902
4613
5283
4370
2432
900
4540
3814
1494
799
763
1080
2336
1932
1288
4642
4184
3042
156
5291
4235
3935
1536
5087
639
856
3157
3135
4248
431
962
2909
1475
3046
4898
912
4897
3955
4480
3033
2477
1427
3152
496
297
112
3687
1960
3747
1314
2619
5340
1949
2817
2490
2192
3602
2349
684
301
616
3726
2930
4139
4244
4658
564
5089
5017
2257
4608
1381
5240
4156
2672
1143
678
3907
2390
5069
3424
3620
2940
1344
1508
347
1931
731
1306
1777
674
187
3293
5314
3571
2548
2711
3662
1918
1656
342
4787
2478
3241
1265
2403
2979
4888
3209
2845
843
5193
4293
4484
3838
5373
2976
4575
4361
339
2334
1125
4228
1804
3829
2838
4464
2092
2614
4337
2814
3426
1034
1465
5075
827
425
3695
3860
1420
4784
3185
4974
3551
327
2082
2088
5312
784
2837
4348
2535
851
4205
2453
2593
1100
1956
2133
5077
500
3389
1062
3570
647
2459
1404
59
5322
3518
3050
1626
2430
440
2086
231
2156
2463
2276
951
768
5282
1042
653
2666
2308
3785
5345
2606
3510
2630
4871
2564
1057
853
1411
4277
4536
3630
5260
4641
602
3504
2361
5318
2632
434
356
5404
3849
2235
4164
4831
2341
5255
1410
4268
3298
2528
4002
3797
3641
4376
2594
2825
2815
3627
710
4675
0
433
562
3750
3305
638
3322
1483
3529
4607
4354
1068
3813
4566
3055
2428
665
2091
724
3899
4261
1332
5033
1209
1122
5400
3321
2574
2267
2050
3004
813
1518
1325
4643
4797
2313
1072
882
3601
2601
1432
2346
4588
1412
4758
5043
918
2161
1338
567
160
298
2975
4711
2633
1657
1611
485
1930
3355
1025
3374
4923
547
2069
4717
5015
4744
1616
3933
4192
1877
2762
4089
3807
780
2175
634
1718
4991
4992
2071
3506
1093
1752
2084
2407
617
3789
5334
1549
157
3068
970
2934
841
1099
2068
2734
2798
1081
5118
2263
4591
881
3962
1903
7
1609
4636
1358
4913
953
4955
3915
3812
2352
4537
1822
426
3712
618
5368
4202
2011
615
1274
1362
1174
1540
1820
3714
2580
4402
3028
3113
5423
4122
5160
4833
2789
3607
3552
5313
5354
1685
4009
317
2414
417
511
219
126
3886
5296
4152
1342
2495
4816
999
5357
5303
3335
4894
2526
4695
3472
5248
2805
1780
3485
4306
3314
62
5396
925
99
4150
4303
4162
5105
1678
3094
5109
1309
4191
5145
5290
2212
588
1375
81
4990
3657
3575
785
5148
3120
4501
2181
4409
2457
1673
3306
2788
4723
1630
2408
3348
3913
2021
4342
1225
3224
1247
2184
2884
1921
3921
720
1106
3408
3802
4415
4878
4534
4910
3959
1273
2471
3176
2953
1206
3086
380
1768
4421
4713
4499
2134
4404
2109
4783
4222
1380
4756
3336
483
4061
146
3388
4155
2483
5305
4970
2178
4158
3585
4295
2415
4416
4984
1998
824
4601
4629
5407
3375
2513
4136
2905
3595
3638
2695
1888
1992
2972
1392
2550
25
4624
2511
4698
2003
2604
4289
2012
3966
3483
1872
204
4494
2204
670
4530
4026
4702
599
4276
91
1391
2662
2819
4102
2318
3619
3678
2468
246
5330
835
2044
4237
261
1573
1941
5285
4445
242
1950
2894
1714
1123
4322
418
14
2165
5389
783
3105
1211
5179
3549
2854
5252
3381
336
5125
3511
5021
657
2
800
1838
4072
4654
369
1119
3502
1981
223
200
3383
3741
334
4930
1115
2389
4572
3011
2142
3771
776
4672
116
3056
1441
1167
2675
2586
5095
2160
508
147
3537
195
2557
3387
5386
5236
289
321
4281
4577
132
1313
1755
5307
1881
1363
2489
5223
2078
5378
644
4712
1083
705
4502
2446
3167
1005
1703
3821
1720
4323
5398
2104
1341
506
1241
1227
1398
2783
5163
4846
732
4722
1701
5276
4947
2284
1045
409
550
3911
3857
4687
2496
1670
3202
4134
5405
534
1112
3399
2803
733
5172
3825
3159
4777
422
864
5263
3852
4670
213
5421
4341
2636
1279
2659
501
2563
3781
4204
1728
770
458
4375
4873
1422
3017
4500
1957
2566
300
2754
2127
4301
646
3716
1747
1446
579
1254
5246
4418
535
5196
1070
648
293
2163
3179
2898
1347
3963
2704
2186
2766
3766
2677
4234
2264
2542
5359
2951
1535
988
4708
4946
3318
3475
3184
2272
4181
2716
5024
4335
1721
2400
3001
3430
2544
97
287
2279
845
190
2964
4768
2179
3130
3343
2067
371
378
3177
2536
472
4557
2399
3503
4907
1866
2102
4719
5267
2851
3949
3817
2073
4142
1232
3311
326
3724
4929
3032
570
577
2864
3219
1182
4058
4366
3532
865
4633
803
32
4271
4862
521
3902
1431
722
4838
2319
4561
596
4287
3328
3327
703
4120
1579
3478
286
5170
2755
2641
4169
586
4338
3721
1214
2121
2277
2356
4568
104
3092
3751
1195
1705
5062
4450
2065
516
56
2112
3471
1335
1298
3172
3332
1090
3304
966
3555
2763
888
1576
764
3879
1301
2596
3522
4649
3898
920
4034
3582
4861
4371
566
5233
839
4208
4994
2458
4736
4094
2469
2366
4004
1364
3725
1742
273
1604
3357
691
1644
3577
1860
4227
2921
2203
2392
4131
260
3168
438
3795
1692
2518
1834
2296
626
1847
2911
2691
43
122
708
1831
1230
3014
2222
736
581
1118
3514
4469
1444
796
4358
2533
3680
2790
3569
3074
1459
3226
169
2651
4709
4310
3863
4076
5219
4329
4216
3171
4677
2745
4507
2063
2162
2039
1893
1231
5406
202
3548
4673
387
2981
5028
451
3600
2989
1282
1622
4535
2501
593
4258
1365
3334
2338
5027
975
4927
2678
2358
4785
4060
4727
3373
2398
658
2370
4508
3196
230
3270
5059
4836
4200
2784
3742
229
5300
671
3754
1646
4245
656
1158
2333
4639
3082
5211
2262
1916
2584
1505
3736
4895
4800
1340
1620
4751
1917
4362
192
4098
681
3803
3492
1617
987
4166
87
2769
1664
4906
5009
3703
5175
875
2251
5395
3075
2683
78
879
4547
4266
4477
3843
1087
686
3267
2176
911
4048
2732
5229
3667
4080
1336
85
5352
5120
5065
400
5344
4356
2874
3521
1844
4671
3881
4254
3578
4364
4180
2673
5103
1124
2229
4593
2929
4581
4401
1048
5254
1944
726
591
494
1660
5135
1774
3207
2303
1852
3060
2047
2106
3417
2089
1245
1477
2177
2729
4294
3123
4848
109
3024
48
2720
2904
4810
5310
3277
908
531
694
1184
4808
1904
4585
854
4748
4496
1011
3022
1602
2558
1569
1248
2806
5319
1759
3792
5289
5414
746
3831
359
2962
2342
1826
1634
3914
39
1967
2447
1894
1405
5183
2136
5066
3188
3516
3536
2157
165
5209
1606
2717
1736
2543
2472
1744
5265
4304
1610
3658
2958
5207
3958
642
2846
2524
3815
894
2269
1200
4531
3508
1382
3686
1165
382
401
2965
5119
1811
3992
4112
1674
3939
2771
2379
1219
2540
5047
2083
945
1729
1862
1479
36
3880
4264
3895
4892
83
2649
4444
613
1435
1202
414
5270
114
1937
5137
3779
3380
403
891
584
2320
4514
1198
2321
3109
3786
3231
5418
4446
1666
3153
2861
980
2271
5154
3806
1528
3972
2097
2635
98
3482
984
3301
3583
3364
3530
1488
2507
2924
1925
740
5402
430
55
1394
5097
3214
1460
4839
2517
1783
957
455
373
4097
1233
1275
2510
1778
844
4148
2776
4053
3978
4350
3991
4243
1946
4625
4224
3126
3063
4786
1829
3232
1594
2840
2027
3173
513
2353
3937
1868
1377
3340
3468
314
1169
5364
2200
1086
771
829
981
3643
1487
1196
3679
1292
3623
3685
4288
4177
5132
1854
2555
2748
4919
264
692
4175
1585
723
2046
3090
5411
5247
1810
137
2750
365
4978
1348
4182
744
2445
3735
4106
1766
972
600
4766
1278
761
277
413
968
2820
5343
5355
4630
1484
719
4144
2660
792
4324
5104
3591
974
3634
1044
4734
5288
3401
3790
4438
3593
4788
5416
1028
4574
2920
3730
77
4899
2076
498
2753
4986
1308
4332
2183
4655
2243
1618
3887
4666
4835
1264
1395
3839
2394
4465
1084
2099
1371
341
3587
4
1947
773
3906
1359
3246
1696
4662
4809
3280
5257
2751
1597
3567
883
2479
1754
4299
443
4427
3449
1813
3707
3566
1437
323
1856
4032
3201
4721
96
1676
4580
2908
475
3362
1961
4284
2273
1712
606
3191
291
585
4290
3451
849
3255
3369
3213
3827
4563
1262
919
867
814
762
2278
5151
4975
2239
1700
3743
789
4911
4101
2997
4841
399
3072
3527
2337
861
3038
1142
3755
3271
3793
1294
4442
3682
1290
3769
3117
682
4506
632
3656
680
525
4565
1331
488
2829
523
1807
1532
2948
574
1272
5316
1464
1792
4902
2949
1697
2312
4380
3775
5063
1010
1502
2626
4549
3589
749
1901
173
1069
997
1593
4046
2193
1018
3077
2497
2608
3822
3220
1175
2230
1928
3655
4904
3344
2610
1181
5279
1855
3912
2351
168
5331
1053
2391
4069
1817
3626
4993
2877
245
3460
4079
1089
2397
2546
1805
1598
4250
4171
2491
4609
5199
2208
852
1973
3647
1636
3844
4694
944
3079
1257
1781
4319
4598
2901
183
4807
3491
4762
3788
1758
1806
3715
1524
4351
4259
490
2694
3330
3461
4429
3252
697
907
167
477
538
4456
4657
1097
4964
3974
3614
850
4196
1715
5083
4867
3694
3481
4436
2026
2834
10
954
2700
699
1809
863
3397
4229
3325
3890
3497
2467
2139
2680
576
2831
1024
3517
435
4241
4819
3363
2354
739
384
1887
5029
2778
5325
5073
4769
2867
2378
2332
673
3764
3542
2426
3454
1653
4059
3044
5216
4410
2152
5155
3824
2159
2473
15
4448
4925
929
2002
916
4954
244
4961
396
68
4922
4096
2274
630
2669
1730
2866
2001
5390
215
1390
4558
5380
2168
4952
5171
5419
2435
1865
136
4801
1127
4573
4604
743
5317
2833
1748
4344
76
205
1541
3783
3039
3653
366
4050
3580
5061
454
415
3227
1489
3151
1938
5157
1681
4865
4983
2939
4174
5122
4832
4793
2240
2132
676
2595
408
224
1601
3138
2795
239
1710
2912
589
118
2860
2042
2902
758
4394
3987
2206
5304
2125
4586
133
529
4327
3396
3740
5076
3018
363
123
1039
1259
3993
4383
4803
5042
1402
4544
1449
2922
1319
5143
1216
872
4236
4928
3661
170
5044
5159
4011
4105
1238
3904
1530
1172
1504
3953
3405
5134
2520
539
4042
248
2327
1839
582
5242
4307
2760
1393
1906
5045
4628
1457
3095
2830
5117
815
1421
4408
453
5067
5415
3853
4822
1312
358
305
2726
1848
4160
2725
456
1879
3413
3443
499
3834
755
1051
1953
2302
2875
3313
3175
3155
5182
3134
4707
1641
5367
1785
3592
2903
1986
3197
2421
2116
4966
5244
2388
4715
2381
5394
4491
3648
3910
106
3415
1940
2405
779
4423
364
3505
41
1095
4939
1008
2030
4950
660
1682
5208
1058
4091
663
1318
1117
2033
4914
1157
2869
3438
3100
4154
2295
3889
4397
3119
1985
2960
4116
2759
2475
3494
3281
3379
2812
272
3484
4217
5323
3501
5371
3861
3842
563
546
243
90
1368
2707
4283
3272
2616
2868
2560
2406
265
69
4036
4741
2534
5327
2665
4778
1415
3624
4610
226
2973
1706
1383
392
1020
3302
4387
3066
5124
895
4346
885
794
1800
5007
2004
1328
4220
1599
1179
3291
2293
952
3534
4040
495
5070
3192
942
3365
388
1913
2926
4523
130
398
2794
3528
1649
4104
1756
1520
1330
4870
4343
4743
1976
4239
3636
3274
3538
1258
4447
234
5186
1496
2288
903
4433
1320
2492
3875
402
5401
3684
4589
3259
1816
1922
4864
3457
325
4732
848
2598
1633
2947
182
3296
2956
4382
4795
3854
262
2995
1128
360
1574
2287
4066
3709
3419
3054
608
1880
4379
4774
1513
4054
2599
3203
3830
2857
1952
1243
1795
1109
2060
4405
3784
1000
5227
2980
275
4291
1208
1614
3297
3067
3942
1763
128
791
5018
4390
2500
320
1327
4285
1152
3406
2291
820
1803
2992
3141
1553
4084
3091
512
3961
450
3558
4843
1186
5167
2615
3796
8
774
3732
4068
887
4475
5130
4305
1130
1235
4931
1161
4509
2591
5377
2893
933
441
4492
4818
1623
351
1757
2782
2283
1819
3339
3186
3584
4071
1326
2647
2721
4579
2713
2111
3722
594
2455
1367
3115
1378
1964
669
5053
2032
1699
713
299
313
3971
1155
5128
5215
1562
1193
1077
1797
3673
993
4373
4372
259
2268
3941
4398
3378
2207
139
1531
3218
465
2120
4656
4165
832
4594
1812
5093
1162
877
5139
3210
526
2448
662
3416
1892
580
3945
1827
3923
2131
177
2357
1251
1466
3489
1878
5190
1497
4149
977
4688
4905
823
2706
3349
833
395
2147
2959
2254
866
4550
871
4648
9
1054
2786
3951
21
698
4616
4503
2512
473
2036
4363
2693
2994
3900
4221
2611
4664
1027
480
2832
2714
2515
1098
3776
3432
208
1725
142
4775
3883
4044
1085
3488
3660
1557
5309
2914
2516
2588
3285
54
2158
4399
1515
4308
3526
2190
5140
3884
3507
2977
5040
532
2110
4617
2883
5141
4726
269
5156
1572
2545
1416
2985
5184
3586
93
1467
5302
1719
144
1102
3347
1136
2668
2413
151
3697
1723
3338
2375
917
3
3848
605
811
1587
1436
1329
266
2590
102
3407
1229
407
2923
5342
487
2822
4486
1438
558
700
1770
2482
125
2094
4043
649
4849
428
3547
847
337
921
3738
955
2779
82
1552
1526
5346
3970
1582
2149
1990
4806
4108
3809
251
5381
4958
1267
2823
5142
2443
1164
3395
3519
5284
4226
4269
3333
1228
781
931
4368
4302
2645
5226
3160
3674
1469
1234
1429
189
1295
4413
2393
3308
5369
637
3402
292
4779
2561
805
5324
3618
712
3256
2344
2730
3870
855
1366
2850
4960
4738
489
2439
3376
2757
696
3954
5112
4024
2213
3931
5084
4470
4829
370
2644
5001
4737
2617
2310
2191
4454
4597
3560
2667
220
690
2173
2170
2933
4129
760
2862
2365
3708
4466
3925
5060
2687
6
4830
2609
4956
623
4679
4714
1423
4403
2556
3099
2244
1724
4973
3989
1762
3733
5410
1912
5038
2485
4255
2661
3026
5202
5194
2906
2735
1835
2847
1642
4027
154
2663
2650
2674
1399
429
1951
4395
3498
4569
3118
3606
636
3967
3876
1556
5298
34
2728
3422
5004
2462
3719
5116
5393
439
140
393
967
71
4189
4645
2315
1798
4791
1612
3654
5362
897
4951
4132
3423
4357
2098
1026
4560
270
1389
2436
2941
4551
4431
4481
5338
3287
2712
4374
4485
611
5230
1707
2051
2339
3429
4420
4391
2034
1286
1926
3249
3145
150
2360
666
765
5234
3758
4620
2023
3428
2429
2897
2946
2074
1183
3493
3275
1890
1491
545
3701
1350
1185
4583
368
4488
4599
3557
5281
1637
1889
926
423
4837
2119
2123
5099
100
4661
3458
2719
1842
4443
1503
4863
3289
3525
3734
316
3919
171
4114
961
4274
1818
355
5315
420
4674
2567
240
4495
2573
80
1911
13
4029
941
1205
2465
4001
4313
1858
3710
3794
4031
1968
5391
2066
2172
4345
2075
4451
3772
3545
2824
30
2736
4814
5121
457
1300
2249
1743
328
221
906
5212
4095
361
117
340
4968
1345
4223
4296
1704
5085
3434
2326
3116
1545
24
5192
5126
2842
1424
3908
121
2423
3988
2384
203
4647
1994
905
2115
5152
1659
479
5133
4360
5052
4497
1613
1521
5058
4903
1775
2460
4963
1177
1304
5350
2932
1194
859
4667
904
2224
5200
2146
1993
2114
5000
2773
964
119
3244
5188
4127
1201
3997
5162
199
281
2880
4014
2581
2787
1543
1277
5399
1346
3146
2150
4086
1669
2238
2048
3765
650
4428
2708
3412
2129
4270
909
283
4541
4653
986
57
725
2858
4212
416
4676
4976
4037
4853
2209
1982
19
2236
1693
1979
1418
1050
353
924
3065
3760
1462
3995
3702
1695
3994
18
4473
527
1004
960
2441
3016
533
1269
3599
268
2260
5412
1555
2350
67
3669
421
1271
4493
1999
3893
180
3713
2376
5100
4858
4006
16
5336
808
4000
469
3711
1788
1625
1741
1066
1305
1828
184
5256
4901
4188
2411
1192
3404
1554
5388
84
2220
2793
4936
1063
2174
5360
5014
4771
4747
5002
4742
901
3216
3639
3957
145
2052
622
5274
4449
4419
1548
810
4110
2188
2802
2639
3659
143
227
1955
4414
809
410
542
4759
4430
484
4690
1038
3901
5348
412
4681
5008
2270
4602
3009
5096
971
241
318
5164
2359
4207
3354
899
2807
276
2797
4571
2853
946
4789
3573
2363
5173
1655
1135
1204
1036
1690
790
1129
3936
3465
2369
4834
2640
571
4764
2525
2420
4377
3476
4213
3154
1996
302
3539
2348
3208
902
2982
3689
2878
978
4318
956
1988
4770
2506
1148
2225
4333
4663
4942
4386
505
463
1078
2638
149
4921
4859
4312
2275
2942
1311
2148
2856
4889
4300
4143
2654
1478
4140
1268
2062
237
3071
1677
4635
4725
2502
3323
459
5074
2247
4124
4753
4214
1537
2153
715
3745
65
2682
943
381
4355
3956
2323
1461
5049
2538
5351
2292
4981
4455
3089
4317
2461
3864
737
503
4219
5106
3181
4882
3968
5019
1376
654
4592
3189
4349
3799
3621
404
2440
4909
2634
486
3811
4760
3615
3064
1430
4516
5094
1974
624
2568
1516
590
4559
4780
2620
3445
2373
3361
3723
2241
3891
493
3278
2607
2587
2061
540
4186
3500
1387
2955
3896
2101
176
1474
5011
1945
1539
263
4197
1154
2028
668
3512
31
5214
4860
5051
5022
1221
804
1596
309
4111
2657
2653
1584
5220
3217
1651
2090
4622
2103
2724
1978
2081
3190
1428
2118
349
4321
2058
4311
1406
3137
5191
603
1065
2437
4920
1015
303
1821
4933
3450
4896
178
5218
491
2299
1735
5403
5005
4109
896
1764
3222
3944
2077
1029
2821
5195
1101
282
3290
1270
4406
2080
5204
4062
235
162
4479
5301
5413
3254
3509
528
4880
4773
2689
3015
2422
194
3047
4087
4916
4997
561
4334
3182
1032
3156
3174
913
72
1782
3198
3083
2409
3158
3778
4407
5332
1787
1159
3677
1013
1003
1046
3466
1323
2756
201
3888
111
4286
592
4007
3980
3288
4017
1900
1396
1790
3441
3057
5426
2402
3868
3588
982
2031
1321
1580
5048
3737
4246
3129
2885
3960
411
4845
1354
1121
5197
3770
1355
348
4074
5032
2944
5210
1153
2957
1021
2037
1753
2539
2035
1749
2493
2395
5224
4746
801
33
5297
5225
738
53
1534
4462
2871
1864
5187
3107
2775
1815
628
1958
181
3564
5034
255
2723
2879
357
4194
4517
5201
1445
5347
4646
3757
2117
4772
858
322
3594
4934
2749
4755
3320
105
442
2622
748
2916
2401
3309
3644
3882
4280
502
1654
1253
1146
2652
2194
2618
1001
2010
2196
4077
923
3384
1896
1463
3027
4434
2742
2345
4482
2141
5273
4798
4275
4900
3229
837
932
4821
2266
214
5203
3205
2777
3076
4185
1426
3070
4081
1397
3850
2998
4179
3965
3371
152
4412
3579
3782
1212
279
1836
751
1875
3121
830
2589
1064
2848
4823
817
4035
631
2970
3832
1324
4145
1103
5261
3073
1506
4874
2996
5383
3195
4529
5286
1476
1210
1433
1592
2889
5013
2532
1959
4472
607
3748
1007
4740
5050
1170
2265
338
1963
1400
95
4526
3477
4073
312
4590
2991
4457
1451
1133
1870
1873
1160
5082
79
1648
3087
5294
3444
5363
335
1824
3700
4022
915
1605
5287
4336
5387
2057
2122
4483
3744
345
1105
3877
798
4685
5098
950
1560
354
3295
2130
2592
4103
2233
2642
2705
1733
3031
1500
3169
1171
1266
1236
2054
4802
2189
3132
22
4209
752
5243
2892
4010
3903
3840
3370
4183
2918
2107
1403
4941
2744
1934
1
2643
1702
914
4700
2219
3675
304
4210
4965
741
5269
236
2093
5054
4962
2767
3774
1088
343
5168
1936
2950
4957
1137
4761
216
1482
3425
1607
2835
1886
717
4669
1583
3650
2597
3319
4850
1595
3170
2785
1373
3683
5149
2486
1784
4932
514
4749
1287
110
767
1745
1776
522
3977
2470
4532
701
1600
795
1942
427
5144
2248
1514
4262
228
3059
3826
1453
1082
2895
4489
3372
1991
1737
3952
285
1022
3637
3845
2412
197
3563
4998
2768
3622
721
880
2228
1997
2664
5107
406
5206
1517
4805
448
1226
1668
1691
2627
5277
2232
2438
3386
51
2646
4471
4631
5057
2523
5241
1658
3878
1977
840
1980
4170
2014
2343
3003
1621
3043
2990
4763
2433
4969
3767
1667
1297
3523
5046
1694
1138
1577
1863
135
3391
1643
1302
1874
158
2552
2888
3030
601
3239
729
4075
2855
2537
4989
3104
49
5292
3455
4908
1789
1224
1525
4518
4003
4995
5081
4545
3818
1260
5150
1092
4949
4100
4278
4173
1624
1407
3664
4282
2372
4193
3342
2029
4440
2679
4937
4851
3111
1765
4178
29
3533
3273
2355
4538
3556
4432
5072
4055
3862
2774
5268
4693
1499
2169
679
3804
3144
2859
3940
461
753
3112
1663
2045
4052
860
4393
2367
4297
2927
5056
2145
802
1915
1732
543
1480
886
2234
256
1546
3142
507
4872
3681
2498
5385
1452
271
518
424
3200
4233
3690
4353
315
4441
3731
5259
4315
4381
113
2863
1055
812
4218
1056
2198
3688
821
1746
3752
4790
2741
2696
4384
3162
1975
445
3431
4564
1458
3805
5064
2899
3982
826
4524
2709
1851
2481
4198
4857
3020
1501
4121
4781
218
4562
1315
2371
5181
4510
4115
3985
3495
1628
553
3487
3247
560
2504
4018
711
17
5424
3360
4378
1276
2816
927
4796
1927
2322
627
797
3329
769
3459
2246
4211
470
4886
1510
383
1971
1334
444
4252
2801
4689
677
1141
1883
1509
4634
185
2055
4842
4267
2140
1187
1485
92
4125
2374
5114
5329
310
2245
702
3180
1635
1814
4852
1471
5397
1151
4891
3950
664
4528
460
4944
2684
1492
1217
1970
4668
598
3706
2070
3437
2108
4272
3568
127
1114
1786
141
3194
4490
2740
233
1439
2456
3163
1679
4085
672
4521
5023
5239
1052
3515
2578
2733
5375
2804
3932
174
1527
129
5041
2205
625
1470
3635
3390
3265
3147
2113
5169
3204
5238
5153
3127
4130
4890
2521
4985
2796
3382
3234
4938
3164
1188
5189
2935
4242
4682
5158
524
3051
5235
2041
3393
5071
4070
2009
2451
3692
4119
352
238
1041
4533
834
3307
3979
4582
1578
2809
374
5221
4424
329
5080
1581
4720
3359
3938
4238
1113
868
4008
2761
1629
1645
969
4917
754
4626
1794
1014
2758
2928
4812
2499
687
2419
2484
2931
225
3554
3409
878
4665
1031
2043
2202
991
3693
5086
3251
3762
683
3749
1830
3837
3990
4203
2151
2603
4392
4133
1150
5262
3916
1473
573
5055
385
257
3467
3761
4881
5129
3463
2621
3253
5110
4411
11
1414
4468
1280
2527
4365
1767
4330
40
557
4215
3324
3917
3520
3773
5384
1523
3149
759
3303
2450
1076
1867
5278
209
2624
1223
2818
5428
520
3705
3810
5408
308
193
5275
2138
2258
391
3000
3668
2968
1481
1284
2746
207
3535
1310
3981
4799
2703
1263
1850
2280
4515
3918
4128
1374
3897
595
1178
2261
1417
3367
4314
296
992
1908
3581
3828
66
876
3608
2701
1652
1255
2702
3097
4651
1565
1689
2505
825
922
3061
1285
4611
1455
536
1409
191
1989
2256
50
4251
2529
179
4605
3418
5030
4650
3128
3597
4498
89
1869
3617
1343
4504
549
3699
2938
898
474
2164
1281
1876
1006
1120
778
4825
706
4459
828
5253
756
1385
1059
3930
1920
5161
5321
1590
4525
4824
3553
1040
5101
4057
3433
3576
1163
4157
2605
5271
3150
559
1983
3257
5115
3836
3341
4971
4948
2049
4137
3238
1139
3093
2488
2553
5231
2900
3859
447
1189
4147
2565
5232
4093
4883
2648
1156
689
4519
5025
2943
3131
3998
4033
4877
27
3543
3562
2444
727
3029
4513
3574
1837
4750
5178
2966
3892
103
1091
4326
4172
3442
5333
4030
3572
3698
3228
319
4161
4452
2811
4595
1197
3649
2637
2100
3140
3358
3006
587
1929
4253
3452
2298
2452
94
555
1726
3640
3284
1661
3199
64
818
5272
2799
2285
4959
3874
3008
2000
2259
1533
159
5127
2808
1033
3524
5016
2579
3096
2907
3447
294
2813
5339
161
3206
620
788
437
3250
3098
655
4632
1859
1688
4999
1283
3085
4522
5366
172
4855
4652
3791
2024
3230
940
786
1686
2016
4230
4659
1750
4887
1073
1853
3691
1544
578
2514
4396
4828
1071
3559
1134
4884
1923
212
3392
2547
1567
452
1372
994
4600
3873
1907
3808
2255
2978
4113
3102
4199
3260
5358
2304
1570
742
1060
4875
983
1627
3720
1987
5417
4461
1450
1909
4567
4735
2137
1043
3666
4385
290
5251
5328
1239
4082
3282
3166
4206
3148
2915
4754
1882
2020
148
1333
481
4021
2961
3605
3610
4706
2631
4279
1935
3122
846
4614
1895
2913
405
37
4827
4067
3041
766
2434
5311
4417
4752
1772
2710
330
4546
2602
4263
2910
1316
3037
1352
4257
1094
210
3266
3317
1905
5420
1317
1425
3866
3080
4915
2987
1939
734
4982
4025
934
1796
1096
1075
5409
4813
42
3069
3233
2562
2917
4063
2314
3440
1933
2282
1126
3670
2006
280
2522
3885
3924
1016
2454
3088
4856
4460
4730
3356
3237
2289
254
4705
1296
3315
1779
641
2017
2128
4367
4539
2844
2986
5213
889
4987
1242
88
716
4512
5165
3676
3633
4090
870
278
3012
2969
2999
2237
3248
2509
735
2800
5217
4078
4225
3768
2993
2681
468
2199
3611
5308
3078
306
1608
4458
1049
614
1722
419
2096
198
1107
2865
367
476
1558
2305
1547
3187
704
989
1799
1914
1734
3928
873
1711
2699
1388
3625
1349
1861
4879
1037
4340
3531
4065
1140
3124
5266
2167
86
28
2843
4710
1740
2569
1542
5166
4979
1640
3048
4123
3948
1619
4811
2765
2252
5138
857
2417
462
166
4606
4476
2231
2015
1910
372
3616
4556
510
2007
1250
1144
1190
3353
709
115
2466
3385
3541
2171
4041
2936
874
1074
3326
38
1680
3139
252
4926
4826
3312
12
1708
2253
4554
1840
188
4876
4339
4943
2347
206
186
3867
4815
1191
3040
3242
3101
4945
5349
4107
4729
1213
2554
2531
2211
4117
610
4316
5146
1773
307
1379
386
20
2671
2685
963
2882
1561
4265
2727
4548
1419
3486
4083
4126
2752
4584
750
2780
1401
4146
1222
3345
2040
3010
4168
2386
1307
26
2382
1443
2185
1731
1176
2572
5280
728
2508
5427
5035
1683
1551
3106
2427
3470
787
3999
1924
1486
4767
3629
2085
4256
2839
1019
5249
2300
1564
1898
3746
604
58
3590
2476
4893
3479
515
2576
757
4691
1771
211
5026
2221
597
1384
3351
2387
3841
1220
2144
807
3871
1023
2396
1116
2053
2849
1203
3596
1566
2770
482
2480
3780
4487
3081
2747
2743
3143
2625
2963
949
3240
2571
324
250
5337
2223
5374
1833
4292
3215
2201
124
3261
3645
163
74
1559
990
3894
619
651
4425
4016
5113
4023
4005
3929
3858
1672
1761
1145
1322
3165
52
2005
4745
3245
2722
2974
4543
4542
3034
3110
3513
979
947
2984
4820
3480
2891
4325
3642
2503
1825
232
4555
2449
267
1215
3268
60
3996
3651
4615
5185
4435
2182
3490
394
2670
5108
1199
635
3820
2575
466
44
4619
350
5006
258
3007
1493
4731
556
1586
2135
45
930
4056
3728
5245
5091
4704
4019
3243
1631
2738
569
3021
3464
2655
3114
1244
4118
1289
2881
2582
928
3798
3161
2301
2316
35
2872
890
2250
3612
138
3436
2311
1079
1589
685
1207
5136
4045
2718
2025
541
937
2442
4733
5429
2827
3983
985
4618
4151
2945
2335
4478
4757
1638
4309
2828
3435
2692
2873
1168
471
4389
4684
1891
3671
1293
3052
1591
155
548
1360
3236
2362
4231
153
2105
4467
5111
2368
2377
5036
1009
1538
652
2180
1919
5361
4918
4187
1897
910
959
2286
274
2324
4637
1823
5382
2731
5392
640
2464
108
4439
467
3136
4844
509
3613
331
2886
633
1849
464
4869
4176
3108
2836
5037
1490
1966
436
1529
1793
4328
47
2187
4866
63
75
3398
3023
5031
61
4660
1061
4623
2154
1632
935
3905
3294
5147
5039
1843
3368
3540
1575
1972
3400
5
2925
3975
4012
996
2876
1675
1716
3462
1447
4680
3469
5177
2410
3377
4596
5365
1709
2197
1351
5425
379
1511
222
288
4612
3856
5079
1791
1357
2896
5335
4028
517
3819
5237
2380
552
2983
4088
5306
1954
4527
2340
551
2072
1472
4039
3598
4013
3969
3263
1353
311
1650
1434
2056
3310
2967
1448
4347
1413
2087
2792
3283
5353
3337
948
1132
196
1408
661
4699
3603
4247
2166
449
2095
346
3183
3221
3269
1104
492
4953
3276
1662
284
3258
4570
2954
2364
2549
164
1717
2988
1550
3947
2690
3456
842
3062
4716
1252
2688
4249
5068
4854
5198
389
5174
4576
295
530
3823
1456
4776
2019
3331
4153
2686
3922
3550
2570
2890
5131
1965
2919
2629
3847
1522
4972
2385
3909
4099
998
2628
4935
4167
1760
1739
1802
4817
3421
1299
3019
2325
4400
3777
2281
5379
2424
4804
3133
3049
5003
3946
3262
4718
4038
2474
3609
772
247
432
2676
3696
838
939
1603
3125
2290
2217
4644
612
3800
2737
2585
5078
2297
2215
1832
1002
2404
3672
1337
3427
1727
2013
5092
3872
568
1962
938
377
1291
2216
869
3934
4051
1240
2059
2330
3628
4940
537
3178
2226
3453
3846
2242
3446
1440
4977
1131
4422
4638
2870
3927
2143
3717
46
2309
4967
1948
3865
23
643
1687
3212
3739
3473
3292
4686
1454
3565
3496
3350
333
1111
1149
4240
3984
1386
3986
5205
675
3084
4320
4138
5422
2952
1256
5326
2494
4015
2623
1751
621
1568
5012
2772
3005
777
782
2852
4426
4135
3316
5123
5356
2551
3053
5293
3352
2971
3833
3787
3920
4794
572
4847
3729
3013
5222
4728
107
4159
376
1845
2519
4678
1969
504
4505
544
667
1671
3211
629
362
2018
4552
3036
1871
718
1035
4331
936
397
3264
836
1047
3869
2577
1030
2124
3756
892
1884
2764
4640
2487
1108
3652
3855
973
3474
5320
3632
2612
775
249
3410
4792
1857
120
70
730
5341
3604
3665
4437
565
390
4369
4049
831
4388
2887
1017
134
554
3973
3646
1801
344
3286
2227
3299
3544
4603
1698
3411
4980
707
4924
1738
2715
819
3943
3753
4996
3704
497
5180
3223
4020
5299
4701
4352
1647
3759
3025
3801
2418
1339
3718
2079
3763
1808
446
4520
2317
3366
4064
2155
695
5295
3448
4190
3851
583
1166
1356
2195
3964
1995
4141
2431
4298
4696
519
4683
5228
2307
3816
4195
4163
2613
714
4627
2329
3346
3663
1684
5176
3279
2064
1370
2331
2791
3045
1899
2328
2697
747
4697
2781
1588
1261
3002
1442
1615
1984
3926
253
2294
1468
3394
3403
958
5370
2583
5264
575
5258
1495
4587
1303
3561
806
4621
1885
1943
609
2739
2937
4232
332
73
2600
131
1507
1246
2425
4885
3193
2559
862
1846
2541
4463
4453
1249
3420
2698
1665
3976
965
4703
645
4692
4724
1218
3058
884
2658
1639
688
217
1012
2383
2530
2306
2841
2218
2038
3235
5102
1563
4765
2214
3300
4739
745
2656
101
4047
5020
2126
816
3835
1361
5250
4868
4260
4782
3499
1180
1713
822
4511
4474
4988
3546
2008
1369
1498
4092
4273
1841
4201
1110
1519
2416
5372
693
995
478
3414
1067
4553
375
1147
5010
175
659
2022
5090
1512
793
3727
893
2810
1769
976
4912
4840
4578
3439
3225
3035
3631
5088
2826
3103
5376
1173
