3497
1439
381
1410
362
1710
3095
545
566
2957
3329
937
2707
2135
851
1169
3903
2744
902
3731
343
1778
334
2989
3188
3414
861
255
1877
2849
411
3416
2304
3516
1521
743
872
3672
2680
49
3178
2799
2494
2559
2310
2143
1408
4071
2804
1506
1033
3190
256
1574
904
1869
232
472
3086
551
1433
3864
3960
3532
2995
1373
2738
3925
1035
3939
329
741
2595
2028
2343
3804
2674
3573
3422
4047
4046
2599
1289
3330
476
3748
2567
2375
2889
1307
855
1093
3767
3312
434
3120
3177
1880
3026
2171
2775
1089
3769
3958
3560
2123
3428
461
3889
3069
3109
4082
968
917
709
323
2761
2170
3
611
3747
1041
235
2521
3051
716
3495
3541
1945
587
559
1473
1166
444
720
3555
3727
3261
2379
1545
1829
2580
3265
1472
505
2352
265
1736
1107
1653
3824
877
3596
2152
605
1725
1690
1398
679
3970
1642
1133
2704
3652
479
3723
63
2965
1050
2751
1925
3113
3638
2450
871
2719
1023
3083
4109
3448
3007
924
1379
2188
1840
3345
3447
2655
1916
330
1950
2476
2815
469
3637
548
3013
800
965
3979
1663
3866
837
615
2630
825
3751
1992
1306
4063
1582
1312
3601
910
303
3806
747
2355
535
3037
3376
1266
3774
3936
3340
804
3233
1699
1669
366
1152
497
2546
25
412
2438
2049
3987
3502
85
3478
1752
4106
263
3986
3308
878
2906
208
808
2919
3853
1769
3690
1388
938
3375
3705
2717
266
2843
667
2137
3840
1340
3317
3888
3318
1278
892
3689
1665
1189
2129
2139
1164
3551
908
1674
809
2312
907
3041
1684
2231
2093
2452
2360
3130
3762
36
1515
2481
3226
415
3158
2763
1243
3746
1088
1331
1707
758
3933
1324
3754
2796
1744
3221
196
1363
3196
3452
1111
3141
2976
896
2696
1497
1446
128
2702
3745
14
1320
727
183
3743
4012
141
1868
1772
474
3825
1158
1004
2893
437
1907
2440
3229
2764
1121
1269
73
516
3334
2203
3304
2439
3114
2381
1640
1006
2808
3742
2782
2192
3965
248
3734
241
783
3844
2110
3197
3017
3911
230
3224
3849
2802
132
4055
3433
1202
2019
3350
3193
283
836
581
713
478
3567
1281
2177
2885
742
692
1937
470
4059
3137
2442
1875
2918
1598
1825
2841
2960
160
2112
2298
859
3164
91
2475
690
390
290
250
3937
3297
940
1247
1176
1764
3554
2814
1704
1806
2437
2865
1328
1910
2765
1763
2468
1733
3763
613
13
1225
2446
2921
1656
1854
3578
3493
3613
2581
3465
3775
3064
1177
2121
2540
906
1147
3480
2322
1184
2514
387
217
2125
1534
3725
2354
719
3259
1647
850
573
397
1894
205
2367
1535
3599
3398
1391
1170
2228
2163
1976
253
1346
348
2996
2926
2126
2824
2057
2329
1351
2004
2224
3584
961
281
1048
2261
1607
1137
1795
3720
1602
2456
1061
2631
1490
970
2752
3299
3440
3100
2593
4024
3348
2373
1341
2531
151
2101
903
3486
4020
211
3047
1435
1131
3438
1492
1821
2887
1502
1275
3425
3426
925
3213
1148
2
531
449
447
3311
2975
1790
100
3758
660
2954
943
3995
1494
1078
1485
715
1738
958
4051
1037
2190
1157
2662
737
490
4017
1979
3405
807
446
2075
2536
2274
439
624
2403
3740
2628
3990
2328
3514
2289
653
1588
1149
3724
2095
3468
1982
1777
578
3081
1436
1206
699
3591
3564
3807
3022
714
417
784
3327
3654
1560
65
1780
654
1210
1108
3270
3682
44
252
109
1572
78
1527
2116
247
2880
536
2140
180
1580
4042
3381
2548
3390
918
176
2390
4057
251
790
819
2967
3892
3914
3230
3557
1903
3966
1637
644
3505
1325
3366
3655
2389
2195
1942
2149
2604
480
912
1180
3612
3484
1874
3932
3105
1220
455
3214
3147
3165
1200
529
1057
3943
3119
2382
3273
598
1883
865
1183
3897
3014
4091
161
1537
1425
2330
3845
1242
3962
701
3508
2549
608
3989
1293
2698
3209
2908
2553
1930
1461
2415
2714
3621
3487
1993
1126
1262
74
1424
1884
1755
2162
3910
3474
927
1013
779
754
3852
502
499
509
1186
2202
2103
1666
2240
2855
3254
293
2359
384
525
3228
1863
1273
2270
1826
2088
3890
1754
2254
3387
1625
3286
4075
308
2701
3186
2100
1890
1570
3777
3332
1578
3614
3884
1713
1372
2299
1051
621
952
704
1125
454
2012
168
3816
2587
1859
3431
339
3241
590
1794
2169
2423
2854
662
3060
458
199
1241
1413
400
2180
3434
2344
1896
3066
2711
3360
3085
3269
2283
156
3397
2570
7
3887
2233
2694
1872
1849
1621
3681
1258
3179
2787
2858
629
3877
1958
788
3644
3942
2151
3142
1173
2215
2831
814
3714
1432
1758
422
1785
429
3576
3624
2181
1641
1343
1109
3285
1162
1327
2859
3489
988
257
1745
189
2869
2783
3921
3643
2652
618
3650
1608
3140
797
3380
2560
2646
2490
2183
2784
3378
2255
4019
1407
1482
4005
260
4048
3710
3572
89
2715
993
245
3615
1523
856
4
832
3964
2031
3898
3217
3098
2089
2005
3386
2983
645
3640
3396
2065
1680
2020
92
557
3153
1737
321
1759
3882
1630
2932
219
1860
2962
175
886
2730
1887
1740
3841
1143
2201
1664
3659
2881
1552
441
2280
2399
2753
88
1047
3262
1617
2272
2414
26
2234
571
2770
753
363
3879
593
2097
4094
1481
3569
2458
1499
3967
920
2226
2820
3956
3857
2311
3755
3917
3865
1599
508
1812
1603
3010
3961
463
3045
2794
1889
3923
3738
929
2036
2755
1272
2517
3799
2370
3909
3362
2524
2838
567
2952
166
2873
740
1233
37
2001
612
990
2287
3084
2106
2419
992
1305
3355
1337
2010
1957
1315
3540
3096
2418
3160
3665
1659
3216
867
2911
1792
292
3929
3155
3467
212
1132
2165
1172
3776
1939
2345
2006
278
643
309
2451
3292
805
1139
2700
1059
3129
816
2612
1127
2988
3352
1298
863
3411
3482
3928
599
1579
794
2583
2533
1564
465
905
56
3206
2795
1893
1999
983
501
191
2532
1031
994
3004
296
2923
1187
2430
1334
2119
2632
2685
385
761
126
1428
2987
1832
1805
113
2968
3174
1847
780
2901
349
66
3227
2578
3533
870
3518
706
2720
4100
4070
2523
3590
3315
1750
3511
3827
1735
852
549
383
419
3854
2592
2422
2937
3534
3295
2771
380
2734
1191
580
893
3931
2056
3035
3145
2507
273
2220
1045
1555
3131
4008
2693
4072
503
1036
1387
190
4066
450
3847
3157
2340
2515
617
1959
1020
2039
3509
2042
1672
3417
2098
1141
3703
2285
3512
435
1996
3860
2891
3832
1700
1100
1787
2920
521
45
401
1070
3202
2950
3471
2268
1175
52
4102
3313
1709
3185
3456
1430
371
2703
322
392
2411
1626
1729
187
398
3019
1060
945
6
4050
402
1239
1015
2621
678
2780
4108
3258
1629
1524
12
3855
1899
3504
1789
1531
1526
1309
2867
1055
2615
2598
2499
1624
689
2378
4004
2278
2644
1150
1824
2708
3805
2666
2969
2257
2582
1082
533
129
2637
3634
3481
1321
2547
1817
1645
1662
1691
670
693
915
1783
1995
2884
1227
1949
2179
195
1245
3046
3006
198
2973
3730
2503
2408
1855
2812
632
3291
3439
297
2915
3571
997
1101
1178
3443
3169
1498
2402
3503
2793
3274
3282
1873
1761
2833
1980
2444
2229
3717
1954
1678
3649
274
2052
223
1689
3935
977
361
1818
3490
933
1975
749
1540
3458
404
1067
84
170
3331
11
3445
2974
2008
1683
1065
394
1083
442
666
3676
1365
2391
1651
186
2727
2341
2376
4037
1404
3156
2064
2964
1001
413
1422
1866
1987
2561
3846
2554
1865
959
1159
1123
2457
2879
2246
1008
2237
393
1025
1039
3666
3056
2300
1802
1902
1661
756
3626
2876
485
2525
839
3694
1058
3052
647
3235
2114
2427
1668
3090
1951
238
2663
2563
267
3692
2868
658
2871
2938
1116
3492
204
2362
3517
3684
858
3798
2676
725
913
1948
3351
2037
3980
3435
950
2363
763
2800
2320
563
264
1605
4036
237
648
3289
671
3895
1156
1071
3132
2851
197
350
3255
2448
467
1881
3080
3067
1652
600
2353
2265
4081
2874
202
2673
932
786
806
2309
1635
127
152
1584
574
3688
926
829
2647
3838
3529
1946
3252
1356
1478
2740
640
987
2502
1426
4029
1501
1264
3126
3300
3670
4002
3042
1462
3268
2467
155
1533
2308
860
607
649
1606
2102
375
4086
3225
3023
1732
2842
919
3320
2724
3357
1634
2193
1633
2209
1711
1483
722
3556
3395
2397
2099
336
3319
2568
3544
50
3498
2275
1553
1276
707
1563
834
2555
2303
1685
3592
2898
3198
1723
1796
2977
3499
3011
3842
818
2238
1928
1263
1226
3716
1265
1122
1230
1319
2030
1145
3048
2196
2185
3200
2588
3087
1963
625
1676
3475
576
2327
1697
1371
3796
981
2654
424
3739
3880
3242
1970
3548
4049
776
3024
1135
1414
1114
4025
2909
3043
4023
8
1771
1136
641
3399
1703
261
2048
2781
3075
2668
3984
543
1361
1569
1619
2230
3563
1403
2488
3728
2070
1702
136
1196
4056
1069
2500
2670
3079
357
220
3470
1809
3685
1781
1932
3325
2284
3706
3553
2417
2953
2470
665
2221
2790
4107
2455
1510
586
443
1891
2085
2495
2032
656
326
2235
1056
1850
1830
827
891
59
2269
2844
32
687
764
2677
3781
2047
1734
2984
1636
1810
2066
3753
989
2970
3744
614
2836
3412
1831
1568
2958
3167
2862
1786
275
3539
3836
291
1193
4093
120
416
1870
2435
35
843
3236
3359
841
3657
2534
3902
1144
2773
914
1469
62
2789
879
2733
427
3538
3218
3919
3277
2609
3527
2027
1075
2227
16
2642
3542
3353
229
1835
2624
1550
3223
2505
3633
3782
3950
2425
2834
782
1912
224
3159
1445
3938
1658
3837
556
4064
3786
2342
3379
1984
1488
3828
2480
1201
595
1322
2313
1308
3263
955
4099
76
2933
2941
2772
3419
2404
2385
2336
3116
1974
2653
528
4027
3506
777
3460
3732
2728
302
1246
1500
2260
885
791
1155
2749
3074
3384
820
4033
700
674
1385
3030
2857
3055
1726
3963
1716
3954
3005
3870
340
3913
2511
3020
3093
139
1924
3240
2959
585
3133
3941
2597
1181
2870
3622
3760
3623
2351
2307
2096
2142
2947
0
3823
2585
181
2681
1484
2774
3027
2709
771
1528
3843
2104
609
1376
2130
2136
954
1751
2907
484
2077
138
38
2860
2661
4010
3053
967
2912
540
2323
2928
1770
555
4058
2803
507
2620
646
2199
1017
2357
2722
2295
4015
3097
946
222
673
3999
1768
2016
2729
3203
1352
3449
81
1675
1335
2286
3905
1620
2617
2018
3998
1940
1808
200
638
162
1943
1705
3180
2972
2978
3891
3985
2194
3148
3494
2856
3342
2273
2726
1566
2400
1405
2333
2949
705
1823
2148
1151
986
2173
1558
2878
3184
789
2778
982
1102
2710
2538
3787
2736
854
133
3437
3589
723
739
539
3867
4039
626
1998
1927
1670
3364
3993
2822
1841
1402
457
356
188
276
3248
300
3368
2078
2492
209
664
3647
431
686
2482
159
3927
123
2943
2074
1091
711
817
781
2316
3721
3404
271
2059
1215
966
2792
3900
824
4021
3191
1279
4078
2706
1261
868
2846
1487
1012
206
154
1541
3579
87
592
717
228
2428
1811
1224
733
1989
301
3234
1546
729
857
379
3410
2150
178
3408
934
1358
1302
1741
2688
2669
2388
3123
1981
1256
1339
2788
3607
1773
460
1383
2334
3793
796
1743
2672
3267
532
47
1074
3281
1516
2186
2564
3729
3726
2614
1530
3143
2416
815
1344
2840
657
2326
70
810
3947
1766
2807
3073
3469
1522
3868
838
2072
1836
750
2955
2159
1587
399
107
2633
736
2191
408
1054
496
3457
382
2786
2695
2754
1561
2172
1318
2256
236
767
1440
1434
511
3831
2660
2811
1076
1687
327
3646
3662
3926
500
3175
2590
1747
542
1898
2817
2082
304
3166
3636
630
3187
1389
672
1814
1936
1326
1915
95
108
1214
1922
314
3021
3586
798
2407
318
2281
1205
3149
2816
2384
1973
310
3653
1448
1649
3068
1538
2431
2748
1693
2872
2245
1394
2132
1765
889
579
1396
1007
4068
124
2217
4041
125
2940
3718
2777
3139
2386
744
3215
3061
1646
1274
985
2916
3356
3092
3678
3491
1828
1827
1359
2249
2603
2387
2214
3813
2041
4028
1591
2948
2902
3247
1934
2302
1520
669
2619
1842
1852
2934
495
939
3063
565
3296
3711
2575
2105
3424
2168
2946
1908
93
475
2758
3810
2746
774
279
428
3794
2944
3453
3515
2160
2205
3873
2743
1756
2264
3099
426
3461
523
3978
862
3648
1876
770
3885
831
2691
3432
2897
370
2806
1096
2602
517
3244
2054
1923
3994
147
122
3276
628
636
3464
3784
165
2692
2821
3070
1288
2216
23
2917
374
1746
3337
2406
104
3519
930
2122
3524
3272
287
534
1444
1399
51
1616
3863
1360
2853
2474
1453
2454
2537
259
4097
246
2239
3871
3294
2519
1914
4030
3952
2506
1223
2062
512
1851
2133
3809
2545
365
2025
3134
1565
3170
1154
2892
3686
367
2271
537
1892
386
2094
1416
1072
999
661
272
795
2232
3661
2324
2350
182
1382
2930
793
1833
1594
1921
3382
2768
1332
2641
2138
194
342
2449
2900
3820
874
3108
835
712
3477
3530
320
2111
3606
2629
3669
2805
698
3977
2463
3874
3107
3249
513
524
901
2124
207
864
4035
3401
697
359
2945
1801
1427
3309
1441
922
1589
3138
3305
1495
3562
848
1046
2003
3693
1011
2837
2335
1179
2068
3969
410
2643
546
762
3034
3876
2347
2253
2167
1028
331
2276
2828
541
2432
2639
2798
2248
1627
3112
1194
2053
1554
2516
1128
481
894
3675
3310
2645
3797
1362
2894
1290
1342
1601
1988
2266
1505
42
1800
1784
3238
324
368
1919
1931
3779
3402
347
1721
3302
3287
562
3829
1336
462
243
1303
3523
2223
2966
2396
3528
3955
3850
2927
3570
3237
1782
2721
3783
1248
30
1977
2296
822
407
2627
2023
2091
34
1386
488
1944
2426
3321
1016
1301
121
1517
2491
1095
570
1138
143
2529
3632
169
979
4040
3266
1300
2134
1798
3058
3574
4031
3629
2678
2979
2076
1447
1182
3869
2204
149
1280
2745
2153
2176
3256
2766
2445
1267
131
2556
560
395
3103
1997
312
888
4011
3619
1986
652
984
3389
2361
2591
1509
1232
1212
1283
1255
1250
2301
752
148
1375
376
3078
3371
227
436
1941
3314
3211
438
1079
1104
3537
1556
1886
3982
520
1003
2483
2127
1694
1354
801
487
2486
1053
1994
61
3372
1338
3886
1299
3173
845
2586
582
2504
3608
1511
2877
3752
1962
3912
3181
948
174
3996
2058
634
477
942
17
1609
3057
2699
1146
2823
1813
663
3997
1286
3790
2994
2493
3764
677
3899
696
3761
4080
2914
2576
757
1455
2737
4092
1024
2038
2084
2377
596
1491
3580
2412
3835
1708
239
3656
3231
2509
3194
538
3135
3973
1110
1188
3500
976
1581
3204
1920
3812
2819
1717
1559
2069
3704
372
962
731
949
1779
210
1174
117
3858
2460
2338
2166
602
957
4096
3393
515
1673
3176
2086
3581
289
3907
2462
3687
3526
623
352
3328
299
2464
702
3691
2616
3699
650
1163
3552
1124
295
3819
2993
3106
1819
3741
2558
3639
3861
3427
1209
3278
1438
1532
354
1235
2044
2608
1991
2141
1429
1504
1115
849
2206
2380
2935
3765
1153
633
1450
1374
3707
244
3709
651
2045
3339
2371
1712
3293
803
1234
4034
3719
3934
1355
2683
1983
360
583
710
4085
3485
1508
3394
3785
876
3072
2433
3388
3450
1775
3125
881
3044
1317
591
2174
2829
27
2290
1577
3000
821
254
1906
177
960
409
1377
969
3326
2225
3618
2434
2656
153
3780
2845
778
1421
3953
616
2649
3598
3264
1190
1844
603
3535
269
2081
3016
3856
1106
29
2731
2113
3290
1610
3341
3462
1613
1345
3521
2657
2014
2956
130
1449
2613
1667
3814
3983
2473
3002
106
1600
1929
2723
2346
351
2497
1611
3968
1171
2605
1938
492
2636
823
3800
998
3349
2366
1575
2368
2405
1682
353
328
787
931
1005
358
3347
103
1018
53
430
2339
1525
527
883
2931
2756
1411
389
1968
1213
1022
3697
2847
2725
2319
1749
1573
1330
765
3658
3513
2420
1207
3602
1475
4006
3959
3392
2910
2498
1412
163
1381
1119
96
226
2566
433
3605
875
2288
1918
4087
553
3374
3543
3566
812
2393
2144
378
973
3945
4026
1867
2033
1044
3698
631
2716
964
1905
3246
179
2679
2315
1972
680
2291
3651
4067
3102
3736
550
218
3883
313
4052
2818
2667
3631
3479
2251
1571
514
3696
2465
1862
3522
526
1834
601
2826
684
1313
2356
2429
2040
1585
597
2479
1366
655
1287
1793
2024
1885
2061
43
2501
2318
1479
3565
2471
2436
2262
391
1380
923
18
3363
489
1604
1807
1268
1952
1857
2626
2905
1856
54
4105
3205
1185
1507
1596
2951
3677
2241
2810
2579
60
3759
3065
588
3715
1730
3901
3136
1113
620
4014
2596
214
882
451
1978
3032
1259
1757
1837
2157
3049
119
2197
1257
3403
3587
39
337
3124
456
4090
2998
2337
3111
1909
1590
2067
3735
3454
1129
3802
2635
1098
1742
3367
2848
2512
759
3220
4074
4079
3501
3559
3848
3600
2002
203
110
887
2107
1698
418
3189
1804
1014
735
3610
3795
1160
3038
3680
1966
2732
941
844
2689
3930
3182
1848
3617
483
2963
519
3817
3377
325
2611
1236
1285
1249
3808
1452
785
2648
3385
3369
270
231
1347
2178
1846
3851
3667
1021
4104
2022
3012
3920
3036
3219
659
2034
1791
897
675
338
83
2651
3510
3077
3089
425
1926
3525
1120
3001
2013
225
1904
589
2623
1519
3645
718
3695
1655
3483
142
1489
3862
145
682
2903
3674
1216
158
3991
4060
64
3545
3346
1465
1208
3872
3420
996
80
2550
2421
3144
459
3146
4083
2665
2866
2520
2971
1228
377
1728
1066
1451
1843
2478
1364
3988
2697
1085
3834
3620
1969
1618
3922
2477
1911
1168
216
3343
594
2155
3298
2331
1715
1291
1010
506
135
900
3791
4103
2640
3948
1486
1094
2936
1714
3288
2882
2244
610
1529
568
1231
2198
2090
890
423
1576
3463
102
2510
172
1727
1901
1760
2258
2863
146
1879
2279
1650
627
2982
114
3627
1718
82
1753
2762
3271
414
2573
2687
1296
1284
768
2395
305
1221
3616
1464
3881
99
2589
978
2213
140
388
685
1392
1378
2839
1431
748
369
3257
1295
734
1549
1871
869
317
1539
1861
947
1237
2212
3833
2924
1350
316
3251
3981
240
31
1548
9
242
518
1731
1882
1406
3951
306
936
1660
1917
3811
3821
772
1614
2739
2904
2060
830
3253
2541
3815
3641
493
3603
1512
448
1218
575
3916
676
1348
2594
1390
1542
3757
2365
2981
2622
668
3818
3949
2282
1615
1458
2747
547
2997
2544
1443
1368
1622
3307
4073
396
3974
2035
2527
4007
1623
1543
899
2980
473
1103
1167
813
688
22
101
2542
1087
619
294
1353
1112
3766
1657
2625
3250
234
895
3104
68
3822
192
2051
1000
115
3033
3673
3875
3442
728
2413
3430
2314
2410
2896
1706
760
1466
2809
1460
3076
1858
1251
2211
2398
432
137
3575
311
258
2485
3029
873
4095
2447
2409
639
2263
19
3208
2658
3115
2007
3878
24
921
4065
3015
564
2832
1134
3628
1701
1567
57
1671
1692
3896
928
3664
1971
1935
332
1442
71
2584
1068
2277
2638
1536
1417
1955
2825
935
3520
2317
1648
2779
755
3008
3700
1654
1316
3306
1820
1597
840
1323
3210
884
1073
464
3750
335
2459
1437
833
3009
112
3582
3418
3801
1990
980
1292
3031
344
3303
1043
1097
1838
3671
1105
453
1395
2572
3635
2522
2050
1203
3924
288
3549
3199
55
2526
2063
995
2899
3335
1034
79
1964
3915
3441
90
2115
2565
2073
2801
1349
482
1592
118
963
2026
1864
1888
2489
1222
1679
2852
3908
1400
2466
21
4098
1195
3893
2189
1064
1463
2675
2364
1304
486
1077
1294
3446
2713
552
3476
3472
3971
1040
3361
498
2712
3588
504
1803
1612
1720
1252
726
1681
3944
2250
46
3201
3050
1367
105
971
2236
3789
3918
2259
4001
1080
116
3473
1562
1238
2557
2348
2332
1947
3415
3161
5
898
4038
3536
4062
1638
284
2305
2092
799
1644
1420
1217
28
4061
2759
732
3778
2610
364
2146
2664
3550
1130
2017
3594
3152
1724
2161
134
1311
1686
1042
1788
1002
307
2252
3391
3722
2999
3803
3894
2011
2187
2684
1518
167
2046
2441
544
944
3413
974
1456
1913
1454
3279
2469
341
262
3400
3593
3597
1719
3192
4013
3429
1063
2618
1030
1961
4054
1631
3322
1459
1409
637
1965
2372
1297
991
1471
3496
1632
3839
1049
1277
2325
2886
1254
2791
3679
3239
2543
1419
2992
3585
2453
2128
1593
1161
285
1397
1090
1199
3701
2528
1468
3630
1493
3940
1895
1774
3212
2394
561
724
1038
1310
3702
2218
2443
48
2552
2861
3040
40
3171
2297
1029
2484
3946
2424
1551
3609
584
554
909
2659
510
150
2551
280
1799
1081
3110
1244
2508
1953
3733
157
604
3154
2247
1503
1583
4077
221
1384
3162
769
2021
421
1369
2922
2293
2883
745
3323
2267
1677
1739
3642
2321
1099
233
94
2145
3770
1393
1853
1092
1086
2942
577
3826
3611
2735
2118
1595
10
3284
1032
681
3583
3168
185
1197
2208
3773
642
2015
1839
420
1496
1333
846
3577
3150
1019
3792
880
468
1357
3712
3451
1260
2650
3183
3568
522
2306
2690
86
1696
3859
738
694
1282
2607
67
3406
4088
3028
2242
3003
1165
3547
1900
1639
2574
1009
4043
2785
2813
2087
3333
3172
98
2939
1204
1477
373
2080
3531
1815
3663
3459
1476
268
3488
471
1474
491
1628
2164
3344
3409
3421
3558
751
3365
3283
164
635
3101
3756
911
4053
494
3127
3660
171
333
826
213
2210
3957
4084
3207
2925
1544
1960
2374
3370
2222
2513
3245
3749
4032
2961
1211
811
1027
193
3976
1117
3436
3094
1748
3059
2757
1084
1470
3301
695
2071
1192
4022
3336
1457
1695
1329
683
97
2562
866
2117
403
2875
75
2530
3975
2929
4089
2985
4018
2055
41
1822
1401
2043
2827
3992
3025
2461
2108
3455
2990
2864
3243
1140
3383
4101
298
201
3324
2890
1797
1142
3062
2496
2577
1722
2029
111
3683
2686
847
406
4045
3358
828
2487
3088
346
1423
3906
2175
452
1271
69
1557
2571
1240
3018
766
2401
2606
3788
2294
2156
2535
1415
1026
1767
721
1
3039
802
2600
1956
2472
319
975
77
2154
3091
3222
569
3507
3163
1370
2769
2913
3280
842
2292
2741
345
3260
1480
3708
2219
466
2986
2158
1062
2601
3772
440
3668
3830
1270
775
2207
3316
530
1897
2895
2634
2358
691
606
1253
4016
792
1314
2850
3423
3713
1219
3771
2682
2079
4044
3122
1643
1467
3054
3904
15
2182
3354
1118
405
2750
853
286
2147
1816
2776
2109
2671
4069
2888
558
2742
1514
708
622
3972
1985
173
2392
3561
2120
249
2518
445
1967
2767
58
4076
2000
1198
277
2369
2200
1052
355
3604
773
3232
215
1418
2539
1229
2243
2760
3595
72
916
1688
3768
184
2349
1547
951
3151
1933
3407
2131
746
1586
33
2083
703
3128
2797
2009
4003
3117
1762
956
3082
1878
3625
730
972
1776
3275
2184
3121
572
144
2569
953
3071
3338
3444
4009
3373
20
2991
3546
1845
2718
2705
315
2383
3466
2830
3195
3737
2835
4000
1513
3118
282
