2387
2708
2408
2313
724
2838
2090
644
402
1347
2813
1637
347
1027
3232
895
1154
2703
745
155
953
1541
881
2247
2245
1658
1385
1978
1151
1432
1531
88
3034
950
241
922
1652
810
1090
2676
3187
205
802
771
279
2622
1152
985
2962
812
103
344
2061
2360
1685
2016
480
1543
2252
561
109
1031
1318
2785
2225
2913
2051
1840
2533
421
1074
2991
1327
559
1205
562
2058
1557
221
1644
786
2857
176
1236
2539
2849
341
1482
1190
233
606
2992
637
1392
1979
1671
2480
666
3249
631
2146
1948
3174
2524
990
2011
2119
2380
824
1412
1930
1003
460
435
2880
2508
2476
1311
1551
2982
2419
734
3241
816
925
2831
26
548
1977
1188
2795
1001
572
1364
2892
1472
615
1508
2179
169
81
2323
2254
582
2868
1735
994
954
2204
849
398
465
1789
27
1844
269
340
2691
1342
1723
2330
904
19
2587
1193
1127
1725
282
1144
2661
944
554
2978
30
880
971
1357
2060
1754
626
1960
2441
1417
813
511
2712
173
2349
2376
2556
939
1969
1726
1985
290
2604
2317
1924
1646
2897
731
1402
943
2603
905
1021
2645
2759
823
597
467
1743
106
563
875
3191
1631
3193
2170
1007
2631
2830
848
2150
1821
1048
1729
3185
2368
1999
2358
1656
1166
1242
2425
117
2171
2445
754
2201
2638
1973
1207
1934
413
1325
2346
1871
1961
827
1235
3219
2542
1673
1678
503
769
209
2388
2824
345
140
50
3043
136
2894
574
1232
2527
1393
498
2366
296
1561
735
2677
1781
1277
2100
797
2103
1238
850
853
983
1600
401
2092
2473
2399
1493
1860
910
1641
1970
1998
1145
2153
1066
2462
1111
2980
20
1521
2531
3094
350
1212
1893
1245
2149
385
3111
1430
2688
2417
251
752
1721
3225
1872
779
1296
1679
871
2819
642
78
2083
1995
446
519
2271
2969
1518
1788
2699
170
2471
528
44
1908
589
3259
1616
1566
2953
2249
693
171
1647
2866
1070
115
128
149
658
461
1075
2486
3178
2592
751
1576
3152
999
2815
3044
538
2369
2630
3005
2122
3058
2341
686
1307
2375
539
2763
2947
2348
2427
3256
2840
2908
495
1492
2755
493
1762
1203
3150
143
1734
1481
3242
97
1052
1019
1059
947
1476
1940
2683
2579
2068
3029
2722
2609
1676
649
587
1778
2761
2292
1586
292
3229
828
1100
1901
285
3134
118
2493
2096
1056
1643
581
632
2667
3162
1169
977
2154
409
1352
1084
1632
537
2136
7
491
2130
145
2002
1161
454
840
2600
2696
2218
764
74
394
65
601
219
2773
2732
437
1577
1041
1593
2502
924
2501
2673
674
2022
1806
3008
862
803
470
553
838
1868
138
672
3155
1480
432
588
45
2498
2398
1252
1424
46
2756
1503
164
352
1226
1454
1468
2740
1163
2878
2855
2971
2625
3158
2709
327
3147
1758
1411
375
1438
355
2075
1702
558
2265
608
1354
445
1415
1024
1117
2121
1258
874
2693
1722
1426
651
284
464
2584
1
1670
1574
38
2475
970
1122
2571
1835
1590
336
517
2223
781
2284
2085
1801
1039
2363
2074
507
2599
1932
1615
2091
2230
1491
36
2994
1683
1015
2244
897
1449
2889
1109
2803
2124
2835
1918
2617
2137
11
2989
1088
2769
3019
324
531
1718
263
1360
3062
396
714
2704
1281
1884
712
478
2290
2635
189
2371
518
1271
2384
2914
1779
2291
3179
883
319
1012
2302
2935
1435
2186
3102
2422
2881
1662
150
3151
2127
121
306
2185
1078
179
410
2405
1116
2612
1562
1753
2178
647
2097
2034
184
2101
1129
857
3031
8
289
1128
906
2280
297
1692
3071
387
1980
2015
1210
3194
2312
509
1178
767
2379
1869
379
2627
2865
639
418
2563
2277
94
2198
1427
2760
845
763
2730
466
1282
1996
2164
1098
684
3116
697
2105
2057
325
1907
1804
3272
1448
1730
2789
768
1374
1565
2094
2242
154
1243
659
1903
32
524
1888
928
2013
1927
1669
1280
1451
594
2862
1343
372
1380
248
1946
2175
1795
2678
899
2044
2697
1599
2326
1949
1372
2690
1047
226
2768
1774
1050
239
1917
2919
2339
286
2689
1706
1681
2295
2652
1054
3075
804
2619
1705
55
1609
3145
1622
1848
2794
0
1886
2943
1563
455
2407
932
842
2559
1345
670
213
2115
671
479
2412
2000
1123
1580
1738
2801
416
126
1395
596
323
602
2279
1939
2181
1000
2724
144
3125
2374
1667
732
2828
1428
1386
135
2872
1288
2382
1095
1356
510
2670
1488
1336
1037
3004
469
2553
1291
2159
1275
3069
2504
1399
2190
438
938
2960
2965
1800
1619
2393
1409
1310
3047
1814
2766
3126
1251
1270
2250
2917
2959
551
690
2180
1555
1423
1228
2132
835
483
1279
1605
520
1695
163
1830
2052
300
2523
1106
1313
428
2129
846
1217
2775
1829
1322
643
1263
2479
1912
2229
787
190
1803
1086
2530
1346
837
736
4
141
3186
1805
646
2033
1791
1594
2131
753
2431
2434
1294
1720
3195
1504
1020
1315
1292
826
1664
3087
101
1339
1942
811
1714
73
2499
661
3095
382
2807
2470
2565
3144
3167
886
59
2420
2268
14
1938
1657
3018
1353
547
317
1660
1351
1629
252
1913
560
299
2023
1136
3159
1859
2846
337
1520
1959
2907
916
839
2161
2457
800
3248
1474
1892
2212
1956
1023
2586
2896
761
1851
1465
453
2624
2296
869
996
436
2938
40
3149
1866
2428
2874
3245
107
3197
1429
1046
2984
759
1873
207
2906
3070
2596
522
1391
1229
3243
1308
3227
441
1794
2385
2343
1150
628
1807
1477
3082
322
2996
1608
782
2742
549
2528
1524
365
2509
820
253
361
890
1876
235
2529
902
2448
1197
497
100
757
2
1087
1298
2825
295
1587
1727
3123
2151
2481
640
450
1649
153
2932
2184
1102
1505
192
2031
2933
439
1877
3066
386
2821
2731
3009
377
451
1703
2156
2665
978
2402
1495
2079
1004
1147
1344
3109
2438
1746
52
2680
70
187
717
2644
1422
1861
2383
2142
156
663
738
1564
1085
2440
1340
1358
114
3209
908
1929
110
677
1982
381
907
2214
2037
3080
2833
1964
1216
1709
2303
2340
2199
1878
1029
6
2968
1533
1478
1997
2456
2098
3061
1972
2818
1053
1542
240
1072
2827
257
2217
901
1043
1215
2915
1248
243
250
817
544
1655
1425
302
3121
3098
1119
2728
2241
2999
1175
1537
2847
3228
1645
2711
962
873
868
1255
89
3065
1606
1597
108
1943
832
2692
137
1026
112
2942
1936
2421
2021
2546
301
1715
105
3182
366
2951
852
692
58
1500
1992
1528
1711
2674
96
1777
3223
2503
2588
308
1529
71
2381
2437
2642
2450
21
535
696
1138
1756
2700
1850
2837
694
2808
2570
1530
2298
2538
2910
2963
2465
533
397
354
3157
2512
1335
2263
157
1209
3130
841
664
130
2574
1885
1687
1642
124
973
1808
2810
1976
212
2904
1904
183
267
2235
2738
981
1350
2977
3120
1156
33
2076
2189
2776
2851
3203
3083
772
2902
223
577
1634
2526
3169
833
2469
3099
940
1200
555
675
1198
2357
2655
2920
687
1194
3042
1158
2955
917
331
739
654
1613
1612
2829
2024
487
3200
583
261
2541
1257
2472
564
3181
2099
449
2811
2389
2356
3132
2861
1588
2010
1234
614
2946
2746
2876
2237
3107
1042
133
1810
2961
3188
499
3233
2506
3001
2487
2025
1661
1898
3030
2800
1458
1035
67
2626
2282
3251
3153
1062
2289
485
2550
2591
1716
1401
1224
3257
1467
2632
2754
2299
2608
3275
935
844
1022
1775
1220
2005
502
934
237
1146
3117
2224
1937
2694
2093
2067
1719
1187
527
2413
3136
2126
1933
1172
960
333
371
266
557
426
1408
3007
698
616
1712
276
2921
3068
648
3084
423
3050
2717
330
447
3096
3053
2718
1783
1040
2463
652
1696
1507
338
412
3224
1244
532
3176
2397
2832
2918
1739
1773
701
2275
3265
3184
683
2233
1250
882
2008
2148
2492
1018
3090
1684
926
1975
3100
2517
2194
2347
2859
2232
1654
1462
3214
1502
2634
618
1988
784
1856
1276
236
1916
1845
1704
1585
2726
2163
2937
2306
228
188
2195
2359
580
3263
31
1847
2176
607
2707
918
1134
2433
1740
2899
2749
2646
2309
1241
2188
1140
3085
3131
1925
2781
1230
3171
1621
1312
2687
2772
405
755
2409
139
1731
2334
2798
1922
1498
2320
427
2196
2778
1990
2365
863
1568
575
1014
3239
3215
132
2753
200
1583
2258
37
2066
866
3105
463
2649
3180
3011
98
1650
991
472
2466
1214
1420
713
3231
773
294
1728
1363
2206
2497
2536
178
3201
2006
260
1951
885
77
3216
964
1329
2048
1496
3220
650
1522
3113
2882
1966
2796
622
3258
2208
725
2713
1373
2274
2986
1553
254
740
422
720
2514
477
1479
1798
1256
3002
1546
1983
2911
2990
378
2191
1971
2442
721
2404
1361
1618
1741
440
1231
948
3166
585
1596
1388
2929
913
116
3027
417
2064
2300
861
1450
1944
2790
1206
3221
909
969
961
9
2073
475
2019
2653
2251
1153
1332
2590
1009
167
682
1204
778
1575
1473
2304
2734
774
1926
1118
2262
180
2205
2354
2485
1604
2036
3164
1772
2845
48
1816
3196
318
1141
1853
2436
406
1846
501
2806
1765
1838
2873
2945
2141
2639
1208
18
429
1010
931
1698
1135
3137
570
1763
1383
2086
2715
1984
2266
1968
867
2226
1049
1994
2564
2883
307
2372
175
801
571
1301
2952
727
3142
2253
3079
1570
2750
600
1063
2898
298
598
821
2981
2583
2814
16
2345
2850
1249
1623
716
1747
2606
1076
3114
2138
1455
1293
2227
627
2576
2018
3039
1691
3016
2515
605
1132
2370
1993
2786
277
1958
1799
1259
776
1639
102
2424
2211
2544
3101
2647
2988
2521
864
2834
2643
707
1105
1475
612
1349
891
3183
420
459
481
1464
24
1032
3281
3271
2321
2598
1602
645
1470
134
856
2238
685
1784
3211
2633
146
898
1874
2454
1953
1818
494
1011
312
2532
3192
1159
2234
3093
3204
1290
399
2547
1382
1305
2884
265
458
3017
2316
1569
373
2328
1433
1104
1379
941
1962
208
1260
2936
182
2327
1223
2672
2589
3276
695
967
2736
521
2710
1306
974
635
1552
3078
39
937
1368
2053
979
3
83
2611
35
3163
2637
2737
66
82
488
2255
3057
1247
865
1316
730
565
2108
242
313
1931
57
949
2414
1264
2891
1516
3037
23
2202
851
700
733
1160
2276
225
2758
2111
1174
1456
2558
789
3092
2114
1501
1398
879
92
1376
603
2451
1189
2905
1170
2423
1624
2716
2739
2923
794
959
2869
894
2725
3236
1862
1811
515
2054
1815
1560
688
1341
2620
1545
2540
374
84
1051
847
2087
760
3103
2043
2056
2050
246
400
2863
368
1268
2657
2248
929
912
579
993
1915
2843
234
273
2220
2660
604
1548
655
1162
2377
1286
2823
2183
968
2522
2046
1321
888
3148
609
177
482
1910
1682
2950
1334
988
204
1444
2701
1991
1744
1539
231
3072
2192
3112
766
2887
3264
3045
2817
1987
1626
1768
2822
504
232
746
678
987
1663
3237
884
1897
1611
227
1823
1697
972
404
411
2926
2386
1269
829
64
1421
1299
2144
3199
1130
2836
2336
1338
2983
1304
199
63
2554
930
1598
2395
506
2390
49
1986
1460
2110
3198
3278
203
2580
2084
1544
1833
2535
111
1625
2764
1809
2774
1849
2273
62
1490
3127
2109
1745
72
1839
1192
2767
2014
2727
1365
1274
1181
3089
452
1666
196
2007
1945
2009
2976
357
3133
76
1006
743
1584
2294
2864
2329
749
689
1610
2788
876
342
2116
3106
3212
2439
1124
2669
2278
2844
2166
1633
1120
2555
1459
1769
2477
2940
448
710
1826
388
1532
2453
3250
316
1267
1272
2602
3160
2618
1935
1952
1707
1786
2901
2858
1079
923
975
1366
1441
2378
530
2222
2236
2193
1883
2970
1108
3055
2467
211
2322
2307
3246
2418
878
1331
2752
536
2743
2659
2925
1378
198
599
1880
3253
1397
2500
1957
2207
2260
3175
911
2957
621
1824
1757
1911
2572
1802
2662
556
1677
1693
2488
343
195
1300
489
1890
2581
2070
770
1081
2311
3000
2474
2080
2353
1614
230
1213
1858
1419
2435
819
2240
1921
529
2297
2478
2259
2152
247
2505
2909
2941
2856
2128
329
3234
2967
1237
2288
2614
216
1879
2301
1196
1882
90
3140
1199
946
2147
2484
1367
1185
1077
2594
41
1114
351
1906
1057
620
806
1443
3041
2040
3247
3268
1559
808
2870
2077
1096
2143
1592
858
3060
2628
718
1764
860
2510
468
2548
2566
822
1410
3270
1405
2804
1155
2415
393
2561
726
3273
1751
1770
956
1317
1867
2047
148
2893
104
384
2261
287
1167
95
2854
818
3254
1759
476
291
1461
1005
229
523
280
1607
2272
747
1506
2895
152
3063
2123
1923
2888
54
2125
1133
391
1819
633
321
206
2444
2310
1636
3244
222
383
238
2062
201
2406
2656
1093
1326
362
668
3141
283
1905
1499
2401
1864
2551
1828
1463
1750
339
1371
91
1180
921
1017
1483
1675
25
1920
1403
158
2174
2912
989
2315
2663
2979
3052
936
120
2430
2719
2459
2491
742
1348
3024
1638
2410
595
877
2095
1579
540
185
723
1416
3156
1571
1737
805
2735
2134
1355
798
2569
681
2082
364
2267
2809
359
1793
332
1406
1627
1689
3230
486
2816
224
2373
275
758
1195
568
3252
1240
2351
657
2805
2931
2281
2394
2964
3067
2270
2812
1582
2113
123
2133
592
744
2747
1752
358
3218
584
1445
2400
777
2792
1434
2966
3088
2985
892
945
1359
1219
1157
462
1008
729
2187
3279
809
191
783
995
3118
2460
2269
2120
952
220
711
1955
1139
1527
3260
680
1261
1407
1601
2575
836
543
1572
2684
715
2342
728
2338
2215
3054
2779
3013
390
2177
1591
2885
887
2069
68
1817
1337
2049
2998
43
1782
3036
2552
2886
1981
2537
2916
2209
2162
1222
2793
53
1841
197
2325
2041
3154
2065
249
1909
550
653
56
1617
815
2757
2335
119
1303
2042
1857
2640
1107
395
1265
2930
2496
1319
1028
2578
2783
2702
376
920
516
1302
3035
1266
1330
1484
2949
262
790
10
2293
474
1284
1067
613
2582
86
2607
1963
2257
3010
335
1825
414
353
3217
992
573
1526
3266
2621
927
496
2135
2286
1780
625
1091
2030
741
2675
2167
1511
419
2216
415
1168
2117
2748
217
1080
1103
2305
3014
2751
2118
986
2595
2525
2616
2213
2483
1082
1538
3021
2160
1071
2169
1852
2593
2362
1761
1724
3015
2088
1289
966
1253
662
2975
1540
1101
3207
2352
3161
2449
3051
1033
3189
2681
3165
1512
2264
3226
1384
1485
765
1648
933
3026
2745
2671
1827
2900
2429
1061
442
3128
669
1665
1094
1246
2623
3104
1179
859
2443
1640
1297
578
1865
576
756
1148
785
1131
2168
2355
1854
315
2243
843
3138
2426
122
326
2285
174
2939
3097
1390
1115
1183
1831
2797
2799
244
2182
1792
2784
2219
160
1928
1431
788
3190
1515
2927
2158
1069
1016
1036
679
80
2364
2973
508
629
825
2924
2562
2853
346
1767
1489
2860
334
1534
1536
1653
1097
1089
2391
2157
1525
3261
1440
2104
2012
2666
3038
2871
142
2780
1914
1025
1581
255
2922
93
3143
1755
1628
218
1447
2568
2458
2664
2534
264
1295
2668
623
1099
641
1748
1947
3064
3124
2221
1143
281
1891
1513
79
893
748
328
831
719
2455
1287
513
363
2029
1736
360
1519
85
392
1045
2172
2102
3049
2848
3139
1060
151
2545
60
1065
1191
259
162
1369
2695
2026
514
1442
611
1870
2416
2875
1672
1254
3135
22
484
3020
2729
1186
1635
270
1651
3277
2714
2852
3208
610
3168
2842
1699
1797
310
3177
3206
131
3076
2319
370
1674
1469
965
619
193
1125
1323
957
2613
1790
2605
1630
34
2367
1073
1965
512
42
638
1453
814
245
2567
566
2333
915
2106
3040
1494
288
636
2802
61
12
1452
3170
998
997
3238
407
1038
2461
2231
1165
1068
1221
2112
2721
780
796
834
2682
660
709
1668
2200
168
2392
854
1547
737
1509
1218
1436
2139
1813
1812
1058
1466
2601
1680
1919
2027
161
1227
807
2447
356
369
2004
3032
1121
1387
2038
2685
113
3048
2948
2890
3023
380
3056
541
2686
15
791
256
389
309
2879
2344
1414
258
2934
2733
1567
1487
271
3110
2071
3269
305
1176
706
2072
1603
2791
3274
2641
2337
552
274
2771
1002
775
2877
2516
159
2039
2698
166
593
1578
1523
268
1832
424
1400
703
3129
2615
2452
1558
2059
1083
2839
1404
1796
590
3119
900
1686
69
1396
1713
2549
2557
75
349
2318
2543
2518
1362
1620
1225
2028
2078
500
1837
1896
2520
2432
2287
3173
2494
2035
1202
569
1836
99
2155
2987
3086
1333
194
2081
1457
2956
722
2239
2140
634
3077
434
702
303
2820
1894
3240
278
1233
492
215
1030
129
525
2197
914
2841
2648
2173
1389
2995
870
2610
3210
165
1842
3222
1285
2396
51
2314
1875
3012
1182
2332
1377
125
699
1549
490
3028
1589
320
963
348
1211
272
304
1092
2324
147
1177
28
1902
3235
534
1573
1112
1749
1554
2350
1954
762
955
1278
1201
855
665
2411
2958
3022
1324
1900
691
1889
2446
1887
13
2331
443
630
2560
2017
2651
2063
3006
1535
1471
408
181
17
2513
3046
1742
1895
1550
1556
425
3074
976
3073
2203
591
792
1164
3267
1659
2679
750
2032
471
1863
980
919
2782
172
624
2597
430
1950
1989
958
311
2403
1171
872
1044
656
1126
2658
1843
1760
127
2003
2928
3122
1766
1137
1881
3146
1967
567
1732
2585
1149
1855
2765
3213
2490
1694
1595
456
2954
1309
2107
1034
1701
1710
1446
1771
47
2867
1314
1110
545
2573
1418
2361
2744
1239
2482
673
3091
2165
1394
1328
1700
526
1064
1974
3202
29
830
2228
2944
2210
367
2001
1413
1497
2468
2519
889
3059
1820
2997
3255
1688
2055
473
1142
2974
2723
1690
2464
3115
3172
2903
2045
1517
1320
542
1375
2511
2770
210
1013
1787
214
2629
2654
2705
1184
3033
2826
1055
1514
1370
2706
1437
2741
984
3025
2787
2720
1717
2777
617
951
1262
896
2020
3262
1834
2145
942
2246
546
2507
676
3003
982
793
3280
3205
2256
903
314
2089
1173
1486
2577
705
1381
505
1776
403
1822
431
1273
1510
1899
1785
87
186
202
2972
1941
704
457
586
2283
2308
433
2993
2489
1283
2495
444
1708
799
2762
293
5
1733
2636
1113
1439
2650
667
708
3081
795
3108
