2137
1943
850
2259
1829
883
1682
1601
3411
2011
2092
616
3171
3470
1470
1700
1336
3227
2019
908
1728
220
1733
1265
174
1301
1718
1066
2826
1254
1021
86
1167
3214
865
176
2628
962
587
973
762
3408
2796
2389
2882
2264
97
715
2902
39
2898
2493
1686
2867
705
488
1868
205
1233
454
134
1025
1688
1108
2312
440
1344
1850
2226
1593
1729
1359
2038
1707
2047
583
2423
736
2895
819
840
3127
2097
1436
41
3248
3417
2842
435
3106
907
2025
2655
3494
675
10
2203
2136
117
918
3015
1094
1351
3471
2489
555
2164
3090
3522
2152
292
2594
1911
1052
880
3056
1194
3045
1307
3241
303
2657
3021
1653
546
53
2233
929
1293
1137
2587
1317
2709
2614
2437
2667
26
2689
3396
2566
1696
2886
164
2365
2545
78
1338
3186
1147
2960
1286
3246
931
1987
425
1212
1005
2980
2635
1884
1103
3030
994
1818
2672
3158
1555
706
2985
655
3198
968
448
2270
123
217
2972
2861
312
831
2041
2428
847
1878
3229
2744
1058
1088
1154
1904
3532
3051
625
3115
1389
3157
2266
1237
1854
658
1875
465
2830
919
1420
2308
3464
1768
1451
2507
3410
1264
2274
1690
3107
783
3203
2100
3125
3130
2648
88
238
800
2399
1391
2073
2859
2127
1229
1797
2669
1957
651
3533
2724
2273
2572
3534
1207
1925
2255
2419
60
2768
1074
2288
2719
692
974
2436
772
3509
1749
3356
3316
1122
749
2893
3150
936
977
1897
1042
1007
2343
923
1727
512
2174
2679
2445
2926
2623
1910
734
1855
2761
1473
3094
3540
2608
3468
451
1582
2944
341
3138
300
2850
3348
615
1118
2160
2565
1153
1262
638
660
2641
132
1996
1766
534
1568
1453
248
1867
1771
301
1022
2954
160
2874
414
2051
1244
3374
2013
2654
3109
1367
3350
85
637
75
680
999
2216
3448
2520
2785
3140
2753
2616
2398
2910
1530
856
676
543
196
1426
3508
375
725
2822
1881
2590
2339
2873
320
832
903
3307
2069
1498
1977
824
2738
2876
1672
3514
682
3192
350
3223
687
294
757
46
1494
1472
2043
872
110
1015
3310
3054
2061
628
2920
1645
2280
2513
2723
1134
1756
3367
3027
3406
1931
21
1541
3343
3156
25
614
1668
2703
439
3425
2403
1667
210
1030
2779
2541
1603
889
2825
233
798
456
1148
2552
1478
2125
885
2746
1585
2082
28
1492
862
2656
2702
1339
314
1684
681
3298
2139
1567
722
1944
519
949
2184
124
3399
2716
2749
2305
1927
2856
1720
1070
325
2183
2044
347
3080
1764
2387
954
3489
2516
2849
2690
1270
2598
2458
1106
2009
2225
80
803
384
3081
846
1249
745
1120
3355
232
0
1365
2321
2928
458
2869
2267
3208
1284
2599
953
2752
3484
1059
1717
369
2806
2733
1439
2691
2454
3285
2001
2341
3147
2704
724
2453
1002
2706
127
1616
1939
2688
8
387
1136
1823
2622
3247
2696
3435
648
3082
3236
1129
444
1648
279
1489
2277
592
2994
833
2238
15
558
2677
2000
259
1721
2525
1656
1486
1666
1545
207
1657
779
793
2668
613
771
1590
940
3222
1922
1991
950
3308
1375
202
3455
773
472
590
3155
2253
2674
565
556
3217
143
740
1581
662
298
2747
3378
2685
990
3407
401
1765
2046
1942
807
1711
1992
2524
3453
1628
1348
291
2745
3313
1626
3086
2817
1502
1101
792
3024
3055
554
3345
365
120
296
624
1192
1127
7
537
376
2223
226
2067
1743
493
2307
2777
2914
629
327
1135
2172
1866
1838
199
2432
765
528
3461
3384
3284
3415
229
1404
2581
2666
2998
163
276
1347
2112
479
3413
2170
1511
2012
1921
1268
2371
1571
3273
1269
1044
1973
1535
3193
669
2254
2056
1905
1548
3330
2558
1299
2774
1463
1662
1109
2421
1009
2750
3180
461
1061
704
939
2252
449
2811
1187
3291
636
1678
1677
882
1350
1183
752
1770
3312
2579
464
1477
2717
2431
3166
2104
691
1796
1998
100
2932
3078
1434
3391
2515
3325
535
2562
3077
1096
3515
82
2601
171
359
2718
2346
2304
2617
1113
1791
1401
1496
1312
1057
1283
2404
236
3292
703
1239
383
2315
2261
3139
1883
776
3289
1
191
1279
277
1984
457
157
3044
330
579
1080
688
40
270
482
2921
3099
480
399
983
2942
1097
2913
659
1195
3398
1440
1186
774
2630
1870
204
3409
1054
2726
1238
3375
3430
2500
1211
838
1376
2328
289
711
126
1863
2161
2173
597
839
3146
3
1757
863
1128
1163
916
167
3322
3346
83
1857
2425
3262
2925
1703
2854
1864
3218
695
1596
966
1462
2035
2633
780
2433
3337
2290
137
2382
1586
3173
114
755
3485
3143
524
1713
2684
1570
605
2396
2480
2383
698
2451
2561
3196
2209
1566
894
3104
574
3062
3387
2979
3174
797
3519
3507
240
1784
2395
600
1038
1848
652
2242
3517
2134
635
3311
1214
2673
3418
1123
1751
2405
2207
133
501
1702
3361
2141
1203
3353
3233
547
2528
3370
344
2017
355
1023
1520
3382
1076
1725
2823
1708
3541
2465
1099
2048
3071
1242
1278
45
2952
2613
2775
346
1740
1753
606
2697
835
1390
3043
906
1055
1092
2208
333
975
2032
1846
1607
198
2192
768
1937
3481
77
3133
492
3118
185
2378
2647
3419
3144
2659
2409
1028
106
1744
2973
2976
2088
1893
1936
2245
2110
2230
235
969
282
213
1078
267
3466
2798
1288
2241
718
131
1500
3100
930
2504
2607
2707
18
1225
2087
2132
3170
868
2804
364
2410
2393
834
2028
2366
1200
582
1140
1550
1324
2943
44
3477
1139
2805
3019
2766
2646
2896
1273
1612
2472
2990
1246
2361
2930
2474
1891
2732
2698
1422
490
3213
47
1102
287
3181
3495
2800
1962
3527
2006
3037
3038
1485
1508
1397
2115
3232
2349
873
125
2754
993
3324
1560
340
374
1277
900
1017
2521
1780
2081
564
2549
1546
1259
1882
2177
1988
2901
804
3042
1673
3339
1173
1031
499
2422
1859
2205
306
1960
738
2757
1403
1303
3479
2374
2464
2282
1968
1337
1091
455
1067
3490
497
2537
3238
2181
1240
3469
1430
1839
1828
491
500
1468
656
1046
1447
1587
1880
2336
795
2900
2888
2506
3427
781
746
1051
2512
2694
1990
2429
3105
169
2101
1874
79
1215
38
3076
1341
2840
249
419
3400
2967
925
1208
51
1826
3131
2792
924
2780
609
1929
1166
2075
2609
3510
2045
892
12
3245
2948
1622
1149
2839
478
515
3463
533
1982
358
982
3476
3029
2441
486
2362
1605
2658
3183
3093
2781
3270
177
591
2159
420
74
2244
860
1556
158
147
2279
2615
410
2444
2683
818
1202
3197
1354
3226
1610
3212
1664
1562
1411
2484
247
2845
1954
3287
417
2319
3520
3009
73
1651
2758
2210
1402
1356
2538
2860
3123
2966
1583
3070
2373
2217
1253
2427
3088
1438
2016
699
2955
2180
726
90
1795
1709
1210
3446
3365
496
1115
212
1554
452
343
2934
2640
1660
1499
234
716
3379
1250
620
3535
3376
879
3301
1738
1647
2681
2235
3120
1608
2430
2877
2077
3035
2068
2664
2005
1220
2824
1487
1898
3544
1379
136
2957
2492
1970
770
2968
328
3103
2632
1448
1289
1184
789
1947
3153
1346
1788
2802
2156
2340
400
331
251
1963
2324
1090
2344
2559
1465
269
3032
2884
390
791
1955
2791
433
3097
1464
33
2662
1827
224
2306
87
1285
1894
3473
963
2487
3049
2424
901
913
111
2915
3456
24
2871
63
910
2076
1986
2740
36
1552
3438
3176
3498
2645
2995
2996
1964
2359
958
607
95
1652
2130
1032
1517
2071
2379
2402
611
2543
514
2240
2439
922
959
3352
2151
1533
2143
2020
55
89
1467
1847
3505
2317
599
523
3528
3452
3491
418
2040
2989
2909
1177
489
2326
2872
1549
2831
1538
1636
1182
905
3531
2148
1697
2508
867
237
239
2712
309
2029
1412
3475
2144
2736
2187
447
2204
1191
197
898
2708
827
2769
256
3162
281
2833
1861
2652
3537
2974
3472
1886
3493
2606
159
568
3268
759
2234
2510
1561
1747
1663
2090
1179
2503
1445
825
1890
1885
3072
1243
1769
2986
2523
3079
2434
1165
3405
3338
3135
1900
2868
2351
1176
667
1008
2625
2997
1369
122
2663
665
2941
1689
754
1542
3066
1105
935
3269
1304
2835
1306
1637
525
2570
1251
1834
3518
2603
254
2175
1558
1907
972
1424
3318
2589
3524
1047
964
407
2212
3023
2787
183
1639
246
896
3467
849
1551
2984
308
553
1111
1985
1852
484
1539
1565
2975
11
2855
1189
3389
2700
3465
2191
1449
2604
2743
1752
2547
3360
49
1602
2334
710
3050
2168
3187
3101
2080
2665
735
530
1329
3108
184
1779
424
3185
1222
244
2456
319
1213
189
2063
2309
2275
1915
2567
2197
1625
315
1372
1698
35
1514
1406
2531
799
116
2789
322
2394
1704
2055
1040
3178
3177
2310
1158
363
971
633
1932
1933
485
1646
2808
527
81
650
1190
861
2852
3022
3114
571
1516
1260
395
3018
2285
2010
2388
2074
3421
1920
1093
1345
2544
909
2784
3486
43
1623
1064
875
3340
686
23
1505
1333
1735
50
3041
1661
338
890
2947
1319
214
3253
608
811
423
3137
2113
541
2815
3011
2865
3380
1598
2370
2790
970
1934
1748
2577
94
2386
274
3036
2992
1949
351
1714
2257
3179
2767
2116
1311
2372
904
2578
57
1395
3215
2098
3239
654
3394
743
2803
1107
1018
661
2202
510
317
3175
2705
836
1849
175
1159
1172
1563
2554
1155
1961
610
2286
857
937
2169
2629
307
2916
915
1442
2593
2185
1082
2959
182
434
2178
2461
3096
693
1971
2200
1394
2575
1750
2162
3371
1224
2418
502
1013
2739
3272
1758
1387
1515
3074
162
3149
3274
2325
1248
3136
1510
3059
3119
1995
2248
3060
2588
2945
2060
3513
996
988
685
3277
2742
121
3065
1041
1290
34
549
2715
1872
3303
3281
1802
3403
1655
1357
3000
2536
1705
3148
1507
976
561
758
2215
321
1161
2644
1759
670
487
2220
1366
2760
2129
193
1174
1482
1381
2345
700
859
2221
657
1822
1156
2899
142
1281
2870
2762
443
2007
3048
155
474
2748
2637
2494
2621
275
577
1650
622
153
984
2759
31
1258
257
1675
459
2634
3451
1396
1503
2764
1363
2949
2078
921
42
1908
3265
1760
381
1923
1151
987
154
337
1132
2776
663
2313
470
604
2206
1280
1683
589
1712
1579
3211
979
1919
1322
2179
1914
1444
3228
2284
345
760
3354
1801
3084
586
3327
372
844
2260
2329
1493
1840
3357
2385
3499
1188
2278
2054
2218
1763
302
1845
505
2194
719
3363
2890
1437
1903
3443
1069
1291
2971
1755
790
29
938
1830
1295
2052
787
1035
2553
1171
3017
3428
1532
3449
2256
2883
326
689
2415
2298
3326
1126
943
3234
784
739
1726
1230
295
1276
3516
385
2229
1524
1112
2037
3459
3368
1320
1314
3008
3102
2111
566
2626
1199
335
3244
1170
140
542
221
2605
477
516
877
2795
1409
2392
3377
441
2527
2488
2128
902
2322
871
934
1393
3437
450
764
3426
2619
3304
2532
2030
2950
513
728
562
3293
1773
391
3423
262
933
842
664
2065
3261
360
621
2478
409
2190
891
1318
748
1844
3168
1916
3165
1124
1856
2491
2522
2163
3161
1071
2638
2292
3091
602
1272
166
156
1490
647
1576
3341
2929
536
2879
3007
438
3160
829
801
2735
674
1328
188
2314
2135
2907
3445
777
13
2269
421
1948
917
1572
3113
578
1643
70
2064
3283
2236
3224
373
1873
1746
3250
2231
460
3450
1164
2701
821
1641
1221
1175
627
396
3290
352
2595
1223
186
3260
209
3057
2970
1382
1003
714
332
1152
3336
733
1812
928
518
2294
1940
1559
2414
1633
1011
2772
1216
2103
3201
1197
2505
2247
1380
389
2083
453
1810
2782
92
2497
3210
888
2237
2631
2786
3167
1776
2710
3512
2820
2268
334
2931
1715
1525
3128
2564
1178
1832
2624
1782
2810
2829
348
1754
1553
2597
911
2894
1435
273
1399
2014
3279
2299
2486
1481
3058
2354
2591
920
3373
109
2093
241
2406
380
2875
702
219
266
2517
1416
641
118
1674
3500
1454
1460
1805
2571
1006
3134
3151
1418
200
3442
17
2905
1033
3317
2420
3480
2201
1247
1813
71
2651
2483
601
1642
2460
707
559
2176
367
2263
1227
2642
215
258
1142
290
3388
1741
475
1429
2400
1676
1806
305
2448
1352
3275
2550
245
2620
3299
3016
1519
806
2935
1484
366
1989
2096
1292
2193
1121
3163
551
2401
1952
1981
1730
2918
1958
2479
107
483
2211
3266
1993
3432
2892
3257
1360
3132
181
2155
1513
2511
3397
3502
3296
178
3194
2958
2106
2582
2982
1205
1787
887
3364
1157
2443
469
2166
1528
932
1421
379
54
3525
168
2289
3332
744
1327
684
2295
2026
1302
2477
3124
3189
1540
881
1833
3385
2557
2369
1999
3294
2765
668
316
415
1841
3034
1527
1049
3315
778
1591
2320
1557
1466
1865
1564
2542
2154
1577
1843
2390
1959
2580
3159
1355
678
1384
1976
2866
67
2124
1459
2680
253
1611
2283
3282
2059
3366
631
763
3319
1217
1946
2501
1896
1811
3335
263
1808
1871
1034
1095
3121
1504
1994
1313
1362
761
3255
432
981
1531
2485
2961
895
1206
2023
1899
1405
3073
1334
531
3129
105
1680
1062
694
573
96
304
545
3333
16
1343
1617
2636
398
3020
3488
1294
1692
2027
2725
2138
1469
812
1263
1146
2447
2105
1335
1589
3083
2411
623
2377
1256
942
115
2518
2889
785
1679
437
2338
843
741
2296
495
845
1975
2794
1072
2440
3012
119
3089
1980
2476
2728
3263
30
1737
3028
2117
1945
1613
548
1544
3154
3243
371
1077
299
926
2650
751
1036
2639
2084
960
539
1638
2569
1185
3474
874
1824
3444
2391
3098
3075
113
697
1413
61
2232
2122
1745
1635
2814
3221
3280
2276
3242
1261
2036
1321
3416
848
2301
2602
3112
271
653
377
2034
2878
3347
416
3003
2262
2224
356
560
1428
2904
32
1710
1226
730
814
261
2438
1085
1512
68
1383
3205
671
1098
2072
2165
1584
1027
2318
3206
3536
1831
2142
893
3240
1892
509
2848
1169
1427
2332
412
149
522
2323
1048
713
3141
2070
255
717
508
91
766
2730
2022
225
1722
3302
1917
187
1417
1694
2827
2919
3063
2015
1518
2380
1016
1879
1065
6
145
3412
1941
2475
1297
2682
2843
201
2327
2509
3349
644
2618
139
3067
3420
3436
2466
2751
3487
2182
1597
2099
1938
397
1045
1627
2214
1592
2258
1145
1079
511
3064
2953
2031
1836
1736
1599
1706
2316
2828
422
1926
311
1325
1815
1858
1630
362
285
2574
59
1821
816
1842
3501
2586
2243
2991
2291
1010
1081
2459
986
823
1792
1476
1001
208
2498
626
544
72
3300
2923
2094
1441
3040
869
3393
1731
3331
252
2470
101
3184
1323
1385
463
2335
876
1204
135
2066
283
1928
1087
3068
808
1966
3543
2146
2368
2863
830
2661
3478
1234
2189
1670
1144
1522
481
2653
639
1816
1083
99
3351
1624
2416
2771
411
1386
1967
393
3271
955
1595
1909
2519
2912
3545
1578
2188
580
404
961
978
2887
1869
2946
2118
634
802
1719
3401
1716
1983
1252
2612
1410
413
2157
737
786
3254
2482
2353
997
428
1271
985
1198
640
1209
52
2699
146
3001
3323
507
1039
775
570
336
1458
1790
1455
3230
288
1723
1378
1475
853
1414
1640
2687
342
2988
3259
2987
1201
870
666
3504
3439
2573
1775
1364
941
841
2585
2442
1235
473
2199
1497
3457
3460
1762
2951
378
594
1761
1310
2933
815
3482
1012
1374
1236
9
3190
65
3402
3511
179
1340
3344
1786
2924
268
3314
1131
2676
2091
2763
2413
1133
1433
2836
855
817
2881
406
2671
1419
598
538
2627
265
1809
3447
2731
756
2864
3061
1654
3462
2862
642
2131
1699
102
1330
2227
2756
2714
2297
2556
1734
1644
1774
732
228
2293
3195
2770
1956
2186
2858
2857
272
630
569
1600
394
3200
1370
2287
810
957
1461
2062
3116
1181
1388
3052
3267
782
1687
1053
2977
1004
1835
3503
1446
129
1180
62
1739
2049
1742
3202
1114
529
1606
462
2265
3069
1037
709
2956
2838
1906
826
339
3152
1604
1793
216
2939
2853
1537
313
231
992
884
2560
3172
1665
506
3328
794
1349
2847
1953
3383
575
427
2450
1693
1398
3441
796
165
2375
476
1671
820
1125
2936
1972
1853
3424
3251
1231
278
3006
2213
1820
2755
2837
585
1300
2126
3390
1895
1783
3095
581
2120
1100
2734
2058
866
128
1732
2057
1495
1913
3207
192
318
1316
837
2342
2937
1575
2050
1020
3110
2741
3386
468
2463
3458
2965
2452
1298
1629
2355
3258
3542
2983
1547
1659
1621
1353
1407
1056
1658
2021
104
2085
2660
1789
643
3523
2471
1331
408
382
2171
2331
2003
2978
947
2649
3219
1483
2446
1332
2018
645
2832
1969
1471
1014
3539
520
2903
3046
1086
2818
2249
2610
679
3288
2281
1974
617
56
2455
1620
3047
619
2033
2024
37
2311
5
1902
1877
2548
552
2917
557
998
293
1536
729
701
2490
1456
2778
1534
1777
864
914
2844
2457
3005
1724
3256
392
1951
2540
3431
386
2722
3369
3372
2514
603
2086
2727
1800
1876
683
223
1615
1274
4
588
130
3231
1130
956
2555
148
2788
2793
2891
2042
206
1634
1309
1701
2481
368
2107
2412
2167
180
2834
2529
3395
402
1901
1287
2239
2417
1305
3225
1141
2008
2364
2119
1423
767
1326
995
2962
2551
965
3039
1168
329
2821
429
3164
2158
69
1781
286
152
2102
243
852
2539
2693
1965
3521
2773
3014
2713
170
1162
2196
708
1400
1392
2250
1373
948
2358
2123
297
2678
353
2720
3013
1632
2397
1308
2360
2812
284
550
2993
2145
3235
2
1452
2133
2348
2686
951
1050
944
222
2737
828
3188
19
1479
1342
324
230
721
2198
563
2302
2940
3320
526
280
3309
1978
3506
2885
1825
3111
2799
1218
593
1143
945
1415
20
3306
1377
690
2228
1073
1084
2363
3087
696
2897
618
1778
1631
1282
2563
1569
58
788
851
2596
2643
2150
1501
2108
1669
195
3358
2502
822
3026
2089
1523
48
2819
1043
2816
3286
3526
967
2039
1089
151
1019
2568
431
1075
2271
2109
769
2381
813
2906
1488
1543
1257
3278
1450
27
14
720
1804
1361
1521
1979
1685
567
858
3334
632
2053
1594
2911
1794
3529
2584
1160
3305
946
76
388
1807
1609
150
442
1506
2467
64
426
503
1029
1814
712
3433
161
989
1819
22
203
323
1912
194
144
1529
2880
2841
227
1368
1232
467
809
1997
646
173
3122
3342
517
3092
3264
2981
2357
1798
2384
912
2367
3237
2114
1491
2330
3252
1266
2908
2801
1888
854
886
2846
211
612
1408
3381
2251
2303
1358
98
3538
2813
2927
3295
3497
504
3329
1474
1649
1691
1116
1618
1267
2376
2534
576
1432
540
3169
3392
3429
2468
1241
1918
2600
1619
66
1296
2851
952
2407
753
2352
1573
2079
1245
1785
572
2347
2526
1889
2670
3530
1193
3434
1924
1138
1255
2922
1315
3249
3414
596
1851
3182
103
3033
2222
727
445
1196
3209
260
2495
172
436
1063
2195
2938
2611
2473
1425
1935
93
899
3204
3191
1887
349
1150
2496
2121
897
2797
1860
108
2449
1681
878
3025
430
2462
673
1431
1767
1068
1930
2272
3276
1695
532
2807
2809
1950
3126
1862
3004
190
747
3362
354
2300
1803
2692
2576
991
1799
1588
218
1526
3117
3002
310
3199
1026
2435
2583
3422
1509
3085
403
2219
141
3145
2337
2546
3220
361
731
723
3010
2783
750
2147
2964
84
595
2333
2530
1275
3483
521
250
498
1119
2533
3031
2356
357
2140
2002
2729
446
3440
584
471
3454
649
2426
3053
1371
2004
2721
3492
1772
1104
466
1024
805
1480
3404
2246
1228
2999
2675
1110
3496
1837
980
494
3359
677
2095
3297
1614
1219
3216
405
112
672
1457
1000
138
3321
2149
242
2535
927
2469
1574
1060
1117
2408
1580
2592
2695
742
1817
2499
264
2969
1443
3142
2350
2963
2153
2711
370
