3001
1590
3453
390
999
1754
1384
972
1974
548
1759
404
1069
2007
295
2829
809
3150
2773
2181
2836
2213
2992
2876
2014
1401
62
866
831
118
3024
2699
293
1892
2396
2119
2947
2647
2061
2665
3451
567
1583
2817
3460
1113
578
1802
2278
3455
3443
1764
2059
2034
3235
2459
2062
419
1722
843
1353
2270
1324
863
537
460
3436
845
142
2895
492
1406
1186
1007
3025
625
3006
1028
1071
878
2763
313
936
2280
2335
2928
561
2411
1352
1504
3230
2934
1436
743
2654
1611
2881
2905
3340
1039
674
3208
2936
111
2041
758
2035
194
2880
159
1135
2259
2404
3065
3257
3145
360
997
2609
2151
2542
1319
2379
851
655
3008
1291
3335
63
362
1893
3420
2754
2683
2710
120
1143
2363
1976
2299
1895
2210
1983
302
2968
3017
181
3077
3076
3495
2808
3408
2626
2850
2217
1443
2627
1263
945
157
2292
1526
1990
1933
1922
2610
2467
0
2437
844
560
2767
2823
3581
2606
1801
644
500
2878
1408
2448
2271
900
1492
3448
2590
679
2840
2561
751
2956
1394
921
1997
2348
2146
172
735
3250
2735
1178
2727
408
956
246
188
2962
1120
1860
1835
2009
1597
453
3172
2564
1916
777
2485
1775
1581
21
1199
294
2493
88
421
2283
316
1635
864
3411
2704
3561
275
1027
3196
2141
1534
3313
822
1417
2354
3309
1965
3431
1547
836
986
2248
820
3140
2228
2264
2535
1782
1617
825
218
2301
826
200
1048
3312
175
1510
1689
1340
469
3544
683
1057
2801
2446
2819
3417
15
1710
832
1132
2970
2452
649
2026
3071
755
2796
2872
1697
415
3068
510
711
89
2149
2588
3347
1183
1323
2790
1449
299
2028
1576
2294
3207
2940
3397
2127
3203
2426
2018
2451
2073
1930
1544
3476
2044
2976
1152
2254
1654
1995
3173
2058
3412
1631
1314
2721
3272
2047
1724
3501
2420
3245
322
3142
3113
1940
2698
1156
1514
20
148
2923
1330
1847
1269
3564
795
3572
2279
373
2572
529
788
2231
105
784
2971
2752
2175
3556
3247
648
3154
1890
202
3558
1229
2385
264
1528
2983
3144
1259
1946
2530
3131
363
1585
166
1395
3277
3559
3415
2215
1213
2101
3053
3243
2843
2574
95
2098
2173
361
671
2875
2182
1748
3461
1164
1022
2110
2169
2514
2661
2193
1359
2781
2161
262
151
2916
2120
1659
1677
2883
906
727
2453
1221
2750
2521
1114
1477
57
1841
2191
1415
924
1977
2519
1136
1909
3026
3269
2203
2056
1761
903
2156
1552
891
160
235
3103
354
2722
835
2333
2495
2458
2783
2918
1826
114
2195
100
2860
1932
2434
527
1190
2933
307
1633
3395
1371
975
433
695
823
2837
2216
3080
2668
2755
3468
1312
3218
3538
2946
2645
1971
1399
1719
705
2300
1676
1696
2620
1237
2594
263
2903
874
332
562
1844
1336
2573
993
2293
2131
1616
195
1205
910
2925
1236
1737
364
1629
931
289
3521
1602
377
1523
1001
3493
2915
579
72
821
894
2653
3557
519
850
966
769
2371
2846
3136
368
3345
1795
3165
2337
178
3153
3161
737
1108
1207
1117
2638
3317
1158
3085
3352
1730
3513
196
477
2498
2086
1571
1403
3322
2429
429
2650
456
1680
3378
2515
1175
2536
3414
1454
1273
117
505
1268
1594
1877
82
2187
1369
1780
1554
461
3055
681
2505
512
2692
1176
1868
692
3222
1885
661
2904
3490
2163
2871
2804
855
3107
2534
2401
3334
2490
2208
3328
1792
3052
3081
2696
1083
2637
1050
2676
2585
1214
3570
1385
670
2942
881
330
1848
1533
2282
1451
2167
2456
229
2341
1570
1480
2960
508
515
1692
1189
2761
3430
1091
662
130
968
2982
3147
2013
1341
638
875
3533
3032
3314
3423
1466
3288
163
1598
1875
92
3450
1785
2343
1364
2709
177
1713
971
3059
2439
1044
2261
3522
347
3112
2227
3162
1037
1887
3138
1082
162
1365
714
1414
609
2421
2155
1557
506
768
1467
2675
1704
1550
2297
675
1351
1018
133
3329
3124
862
3497
1567
2954
1799
1957
601
472
2862
3363
3093
3016
1151
1407
3391
959
747
536
2523
3545
3137
2509
1061
2338
1809
2885
3177
2815
856
2997
1226
3186
2652
1969
2742
2425
1560
1074
1208
35
3323
3078
2402
838
2144
2039
481
1160
1886
1247
1592
2531
131
1638
1387
388
1574
1203
3063
198
952
1682
2316
418
2973
1596
124
2910
1257
1551
1450
2022
2703
3157
502
1382
112
3127
1694
739
1094
2177
1874
2486
179
296
697
977
1839
3188
1614
2979
1211
948
2740
1239
1899
2728
1591
522
2617
2043
440
1516
3401
2760
466
3428
2847
2075
2339
38
2255
2563
2659
3010
2093
2794
2805
2306
1927
1579
3298
2431
1419
1031
407
376
357
2260
333
1003
348
1181
3259
1923
3585
80
1042
2312
205
2104
2178
2105
2084
3114
558
2469
1109
3447
3258
660
2016
1329
1797
2197
806
3327
2526
2969
3534
1989
709
1088
1006
2674
1656
1984
1381
2756
2476
2858
2672
3315
116
3041
2024
3232
1095
3223
3007
2539
119
610
113
323
1356
3565
1558
954
44
149
482
73
3440
452
285
1388
214
2658
2901
305
1588
1865
1815
3503
2172
775
3176
45
2842
69
2471
1166
1924
66
2368
352
1796
2383
3371
753
1715
2981
268
1337
860
236
2673
720
2874
3160
1830
2999
507
1832
2361
478
1739
915
701
2219
169
19
274
794
3212
225
803
3442
1144
1491
3478
3282
1064
1256
409
1410
2137
1200
1025
957
2329
1009
3348
3318
984
1951
839
2994
1667
1816
3156
555
2099
970
940
3364
2504
1447
1464
556
2427
2442
792
3400
2209
2326
2268
546
182
2315
1717
2853
725
3409
1871
2273
2624
1024
1613
2566
1370
2296
2887
1206
3129
2798
3023
3035
602
1240
630
2989
859
3182
3175
3058
3387
324
3020
2381
789
3537
3300
685
961
2122
1121
549
2669
2307
2170
1277
1793
1126
1956
145
356
2391
2822
2724
1287
654
1999
2176
2269
3508
3514
3273
2194
3473
2528
2830
2367
1425
2462
2111
2419
1821
1488
1529
3445
420
2562
2310
760
2863
1810
1097
552
1000
2008
2250
308
1484
2952
3507
3512
764
3224
837
448
2711
37
1645
1714
2010
371
1446
1494
457
464
3360
2824
1872
3525
2950
3359
935
933
3527
334
2662
2229
2095
1788
55
650
3049
81
3576
710
168
343
250
1210
328
2030
1052
1502
59
3342
1632
657
2087
2032
955
1184
1686
1073
3343
1688
3573
3011
2678
566
2201
1148
2908
1228
430
1721
2224
32
249
2128
67
154
2938
1393
565
1077
857
258
1262
1215
749
518
3262
1655
1316
443
2108
1185
365
2232
2288
3034
217
2776
2243
3090
442
1903
3465
1495
14
2164
1131
576
871
1607
853
1354
633
2082
2784
288
1349
1107
1535
286
2681
2569
531
3361
2472
665
1168
2533
1452
1222
2602
281
2739
2758
223
2403
946
3149
1058
2189
774
682
1481
1400
3286
2492
147
2632
3568
2192
3106
1587
3000
1894
3374
1404
3048
677
1023
483
3438
1165
1325
1251
2738
3263
3097
2597
3425
318
923
1706
1738
2642
3584
2247
1770
1548
1618
1508
2096
2076
2544
256
990
3190
1261
780
2892
221
2974
451
2230
1601
2576
3577
122
2159
1296
2693
1849
2737
926
3458
2967
998
754
3070
3260
475
1265
2366
3189
3407
2628
2570
2578
18
988
1902
2666
3179
1288
930
786
740
3553
2330
1327
1242
2891
291
1603
1104
2812
2138
2245
2320
1309
2600
1789
2975
929
2787
2851
913
3126
815
2655
209
230
1036
1562
589
612
3089
1021
2236
738
1122
3569
676
538
3139
1531
872
2518
2506
2512
618
904
1282
484
3320
1716
1244
1209
290
1681
2389
3239
287
854
805
74
696
2687
231
3056
922
917
1628
391
2723
667
379
2478
1964
94
962
2174
2807
2295
1783
2835
1241
1671
2407
2415
2633
617
686
1627
581
1919
1501
2599
3135
1938
3094
1929
748
1856
608
1837
1271
3316
2393
530
911
1513
1402
2879
2400
1908
2072
886
1420
2605
620
3100
1346
12
2541
2554
1255
3379
121
2133
1920
902
2604
210
1280
1828
2494
1218
3246
2786
3227
2978
2640
1662
3396
3441
2951
394
2081
3307
2529
3040
1768
3181
2685
2147
2988
3339
590
1573
459
653
432
689
3275
1434
2438
2180
1053
2023
3231
846
2603
338
339
539
2350
273
1386
389
550
3410
1741
260
1266
2719
744
436
3354
1047
297
1829
491
340
10
2497
1438
1204
2618
155
2123
3197
1947
2412
438
2286
2152
1405
2777
5
320
3168
1217
3108
752
995
2612
932
2285
3158
3304
3319
2848
2134
222
1825
193
2937
2115
1812
2598
543
1960
688
3169
1100
1367
1141
3457
1532
1804
1846
2930
750
2922
3367
3350
1392
1643
50
1054
2866
3028
317
1482
1786
2861
2395
3486
3237
2305
1824
2135
2993
2102
1707
1758
1675
2198
135
385
3226
2276
1817
1202
1831
42
1541
3583
71
873
1745
1691
3248
767
3238
488
3240
353
978
1973
1106
455
1004
2705
239
446
504
2657
1674
3062
783
652
1335
2957
684
382
1936
2468
319
1398
819
2057
1863
434
2109
634
3102
3163
3484
574
987
1653
1898
2745
1693
2809
1463
2036
3337
1243
125
329
2265
1321
1493
3205
2757
141
2537
3520
1769
3030
2948
1734
3092
1703
1917
1575
3005
314
849
1678
896
405
345
3233
1182
704
1778
2050
468
2656
636
3426
2185
2356
1878
227
587
889
2003
41
156
2596
2732
1030
2139
187
2390
899
2004
861
1967
2235
471
3166
191
1422
2744
2540
1223
1428
1127
1331
2281
616
2800
2466
444
2586
1630
2643
2262
1253
1478
1032
321
2031
1060
1317
707
1708
358
3254
2318
3290
1822
355
367
3003
713
1159
942
1982
2582
3305
631
2048
1105
2464
525
1732
186
2984
183
3432
721
2791
3427
3499
3057
58
958
2378
2450
410
1389
3019
1840
3266
2802
3079
2686
848
2423
726
1
3299
1565
3271
1867
2909
1549
2849
1171
2323
2253
1918
1934
2342
3385
1666
3444
3116
1169
3524
3152
1779
3424
1111
2522
2527
1423
1790
2567
1272
2926
2785
207
1808
192
3297
1773
3192
3529
29
1670
1486
2941
3004
2277
3031
3333
513
3362
439
278
2284
3252
380
2579
1380
791
3187
1642
1836
622
626
3366
1968
3204
1453
467
1684
2066
734
2069
2355
2768
1416
3214
3265
3274
2953
34
1300
1911
1776
2828
1827
807
1125
219
266
1098
176
1726
1700
1137
2927
1279
109
3123
25
1805
1363
311
2615
3122
3027
1512
3264
427
1225
1753
1981
2351
30
1709
282
3170
1975
3183
2765
3403
2
2663
1489
3435
1075
1913
1115
2398
1577
2816
3185
880
1566
1970
31
1072
3492
1939
2775
2770
2314
613
629
514
1857
3074
1005
627
2336
2482
1634
2263
2511
2625
1197
68
1264
2560
2577
2435
2470
49
1949
1297
564
509
597
1379
1328
1085
2689
2759
2117
167
1511
22
2713
1471
3498
204
2924
2129
470
582
2855
2888
1545
1322
3293
693
1813
2298
1345
1170
1962
1154
2038
400
315
2715
1869
501
1762
732
115
3073
694
237
1383
2083
2370
2233
2718
2912
1624
827
2682
1342
375
1219
728
2373
1465
1803
2550
3088
2634
3046
1842
79
810
1254
2641
1658
2143
2328
3105
2690
1015
3398
1905
3210
2374
2325
680
2136
3580
1794
3554
2085
1850
2481
659
101
1891
1912
1361
2825
818
3464
1606
1377
1043
3133
435
2581
2347
1298
3014
3547
1448
1295
2005
3012
1906
3118
920
2153
2304
1355
3200
553
2145
2545
2508
1308
2806
1749
3047
128
2033
99
1343
1623
2484
2359
1426
2386
1248
486
912
2327
3539
2914
350
1046
3485
2972
406
2568
1530
2964
3550
974
1019
2475
1702
2714
1195
2996
1110
3389
1011
3098
1396
3178
259
2818
2130
651
2932
516
1162
645
1637
3287
1012
2935
939
8
2211
953
3228
715
2319
1196
3489
344
2063
3151
3292
1002
730
1238
937
110
2204
1641
1978
301
3532
619
2788
1928
1500
1723
2430
304
3134
493
447
234
799
1457
2743
1150
869
1347
2432
3215
1833
876
3324
588
1093
898
3015
2712
1665
557
1747
605
2810
1987
381
3381
2220
335
691
949
1954
2592
3331
203
950
1372
829
283
3302
2241
1192
1931
647
245
2589
1455
241
811
153
2242
1876
1731
2844
787
834
3201
1564
1864
107
3454
2078
2158
1090
233
3413
267
3280
637
2629
905
934
2116
1008
947
1866
1258
3526
1735
46
1163
540
2827
2717
847
1421
763
2054
570
3291
212
2660
279
2428
1854
3267
3195
1935
841
1233
1362
370
143
462
416
976
2543
411
2688
1124
1333
272
914
1290
2422
2124
1499
3064
3184
1252
1034
1806
3167
3115
1092
3582
2769
51
2397
495
1427
746
1572
2733
1123
1991
1284
2607
403
941
2583
1020
690
800
3509
3422
3225
431
1819
402
3470
3463
3510
2762
3530
2889
3326
3380
1798
1302
3488
1807
3406
228
2021
2225
3194
3050
56
2500
963
1889
2990
2222
635
3220
1771
1537
2406
1305
2764
2571
185
1470
985
1539
761
2357
401
563
2256
1800
1149
1705
1188
1921
858
3393
1289
918
2002
426
3548
1138
3467
1888
2324
3251
2831
3283
3369
2959
1055
2461
1017
2376
2958
3180
1522
1310
1625
2499
1521
3174
1901
2595
3437
1743
729
1578
2921
802
656
3571
2443
2845
1941
28
3382
1593
585
639
2707
2882
1843
2103
1029
2274
3456
2413
2055
1068
584
2834
1445
1172
3121
1275
3101
1473
3390
1608
1998
292
369
2272
3278
2126
3472
3325
2352
1283
1728
3234
643
1318
2966
3504
2751
2873
2433
3505
2890
2591
960
1711
1411
503
2945
2308
255
2223
3356
965
3368
3491
1230
395
215
2444
1695
628
2651
144
572
1293
1520
621
3479
1167
1647
3045
3518
197
3038
1281
1900
1102
3483
1313
325
2748
2803
2037
1145
1081
2552
137
240
1129
3574
2734
2616
374
2963
991
870
127
2944
2553
2388
2303
3542
3285
3372
3159
1599
1950
1179
1198
2042
1561
2125
2900
496
2239
1993
463
852
3013
534
3241
632
261
523
1078
252
3502
1699
1435
2517
1424
2611
1294
1672
521
39
1357
1791
2473
1390
1774
2931
3095
3099
781
437
326
1760
1431
3284
718
161
2702
1360
3496
9
2741
596
3029
3054
2813
2943
3358
1035
3506
2252
1040
2132
1220
498
454
3421
2027
2000
1118
309
669
254
247
765
2987
1958
1823
1433
895
3399
1161
1506
1763
658
2107
2045
2291
3125
3279
2559
1174
64
2986
798
1344
624
2857
2205
3171
967
2726
3021
3281
907
1568
2546
2548
1896
1437
824
1904
640
842
1014
1646
2186
2766
3517
2460
424
1299
310
2593
1651
3560
719
399
1245
2565
106
2991
349
2487
1615
2154
2587
2089
1944
828
2480
243
600
104
2648
1286
3301
465
2334
1041
2090
642
2985
606
2488
703
2720
2646
2092
3206
2289
2701
1315
2995
1260
3351
1397
2360
1304
812
528
3459
3551
1193
1914
61
1080
2894
2100
170
70
1103
1519
603
3104
2747
2463
776
2814
1232
766
2221
1517
2168
3253
2344
1720
2667
2977
11
2051
201
2778
756
2695
3346
663
270
3357
1664
2150
3419
441
3434
2088
3344
712
1320
2867
1235
1744
3037
1461
36
1474
1673
2436
206
341
1518
2118
3198
2060
1657
499
2558
2071
3566
2507
497
3341
1374
1811
2346
893
1862
3075
2859
1063
199
3096
1062
2065
1133
450
1462
97
1368
226
2199
779
3321
615
2677
1338
1378
1250
3191
1119
1334
1157
1948
2898
3500
1444
2142
1861
1246
2392
2897
2902
1505
1818
1476
3294
1834
545
1479
1087
2868
698
901
2551
888
702
487
3370
1937
1278
1679
1604
1375
1781
2865
2064
1112
384
2015
2779
414
2635
1772
517
678
607
3211
1350
865
60
2782
1173
908
2911
2106
284
3446
85
983
3033
2212
90
3148
1555
3143
1468
996
1986
1301
1191
1026
3519
3392
3540
3066
108
801
741
1373
1980
2011
771
1429
417
1751
2556
1955
24
2631
2020
52
1852
1067
1945
3087
1595
2447
2955
2077
1525
238
554
1712
3481
3466
2019
2097
927
1966
2190
2349
1644
2503
2998
6
3449
3082
2113
1942
1366
2218
772
1348
1683
1690
1988
3405
78
2410
706
3216
3242
2414
1013
3546
2068
2332
2238
1140
2919
708
830
2524
387
980
1725
533
1605
816
2275
3528
1045
3130
883
3404
2454
3193
1212
3543
2258
2516
277
778
2382
673
480
1994
1910
87
3043
2697
458
569
337
244
3523
3109
2418
132
2525
146
3119
2440
2322
1146
23
2549
1838
1556
3146
2409
593
1440
2893
1600
86
573
1553
276
973
742
2680
213
646
83
3511
1733
808
33
2854
3083
232
1765
526
1586
2601
54
2290
1742
568
884
1496
1430
3249
1881
2353
2772
982
1538
964
3229
383
165
2630
736
1051
1639
1784
1992
2821
1485
2580
2886
541
1873
1358
1460
412
796
164
925
331
790
3552
614
1621
3480
2584
1943
3474
1701
2622
2257
623
542
1963
2670
2489
1456
3439
428
96
2416
2302
1065
2501
1884
2644
2729
2006
3199
3310
1972
1650
1952
598
2679
257
2792
1515
700
2121
2052
1610
2736
580
1685
1332
757
3219
490
2455
3155
1527
2317
1648
2287
2441
3487
2029
2094
3276
3084
1079
2246
2364
346
1660
2555
571
3061
2636
2091
1540
2920
1116
485
762
1469
2513
877
2780
1907
1147
3349
1059
184
2140
1718
1307
473
3416
592
2730
2331
3332
1589
3531
1580
91
372
1010
3091
1227
2864
951
1285
3311
366
2157
2832
2445
98
1130
1661
724
3268
3164
1134
3536
2358
2841
1016
3295
300
1038
3303
3067
2532
1985
351
425
1858
882
1569
3336
13
2839
1066
785
2939
591
2369
3516
2980
1267
1391
559
378
2700
4
342
3338
1853
2207
2377
2575
3515
489
2907
2706
3308
3069
2884
174
532
3244
3022
3086
535
2112
3402
1959
190
3060
1155
392
7
1483
3306
248
1766
152
641
2465
1524
2017
2716
2856
1413
2267
1326
890
2838
479
138
1177
731
2372
1925
2496
1076
577
1497
3377
1033
2771
48
3477
664
1101
716
2877
1879
1622
3110
928
2321
3002
2613
3376
2309
2491
3132
40
1750
1276
1649
2502
26
2608
303
2510
2251
93
242
2345
992
3535
1883
150
666
2417
3261
2691
2240
1231
2165
1668
2079
494
2833
1270
2664
1859
2025
1503
994
2080
804
2171
2826
2649
139
782
423
129
3375
3562
2820
3036
393
2449
909
1820
733
2965
136
2870
885
2040
814
449
1274
2200
3429
53
386
2799
1559
2479
2340
2188
3575
1636
1432
1412
396
1880
723
3217
3236
3256
868
797
2811
1729
672
253
2795
2852
1292
2913
1736
1376
2184
2049
3120
586
2001
3296
544
2384
1153
1542
2929
2249
2749
2405
1882
1459
1612
2399
2053
3384
3213
189
1303
2313
3128
3009
1441
2424
47
413
745
773
1979
123
3
1187
2639
134
2797
969
1926
520
2362
2793
76
2621
687
312
2731
211
2365
887
1216
3388
398
1201
2623
397
269
551
2408
919
2046
2557
897
1961
1418
3462
1249
2162
3270
2244
474
3353
2869
1746
3072
3042
879
2684
2183
1084
158
1752
1498
280
2725
2012
817
336
3039
2387
1845
2520
1755
2477
3579
2899
2474
759
892
2214
2671
16
1096
595
1224
3044
1409
2483
1582
1626
1609
2234
3549
2160
1056
1814
3482
1490
2311
1128
1620
2196
1099
2067
1546
306
220
3394
224
770
3209
327
2457
102
547
524
2114
103
1851
1870
3386
989
722
2694
173
2789
3433
271
1740
1472
17
611
2070
3018
2774
3355
84
2375
3141
476
1507
2237
3563
359
1194
2266
208
3541
944
604
2708
1311
981
77
1727
2538
1663
2394
2961
793
126
265
833
2949
3471
2614
3383
65
1767
867
3289
2619
1142
1339
1442
216
979
1897
2226
840
1086
1306
1915
3578
3111
27
3418
3202
3365
3567
1487
1855
1509
1139
3475
3221
1049
1543
3117
1458
1777
699
1698
1669
251
2753
445
575
422
916
3494
298
1757
3330
140
2074
1089
1787
1756
717
943
2148
599
511
1234
938
2179
1475
1619
594
2202
75
2917
2746
1070
180
1563
3452
1996
668
2896
1536
2206
1439
813
3469
1584
1640
171
2906
3255
1180
2380
3555
1687
1652
2166
3373
583
43
3051
1953
2547
