5234
2814
3139
4312
771
225
2578
4998
2925
793
4441
2134
1033
1819
530
4389
944
2263
436
2027
2317
2359
1398
2390
3765
929
3249
3383
4565
2905
1877
2762
5272
586
3983
1921
4748
3637
884
2718
4501
3027
4210
2525
584
2071
3463
676
4293
332
3966
3299
3458
2999
3539
113
5412
3282
1440
833
2449
2140
2836
4065
2212
259
1590
3885
5297
3387
5425
4060
856
3844
1823
4483
1469
5367
3197
4223
4174
3645
4212
3430
344
1445
2602
5095
3501
3578
4719
298
3112
3017
1169
4119
4469
3400
4625
1962
3039
3493
2671
2646
2431
1545
3965
3665
50
5068
766
5122
2704
1718
3004
3116
563
3661
1732
1262
3592
2732
2208
4680
3370
2430
544
2912
282
5394
1524
1631
2595
4322
359
2930
2715
2909
1047
3744
3204
1942
768
3034
2462
3917
119
2299
2508
4481
3888
903
5056
3290
2360
1077
934
3426
3203
3121
1780
3668
4888
2344
3600
778
5255
650
3438
4849
4622
2827
4615
3284
2291
3679
3588
3015
102
3301
440
861
1747
807
2799
1341
4265
3987
3058
337
3813
735
5147
746
4354
1407
4341
4724
3963
5385
4010
4096
5016
3747
4093
5119
4595
2870
464
4445
2630
3521
4730
5017
3111
921
4932
4194
5339
4215
1520
5324
2729
2412
5373
967
3597
122
4922
1252
1298
5403
739
714
2533
88
4997
2447
1917
2034
2235
3737
487
975
2672
223
5263
21
3913
4479
4582
3212
2868
4958
2632
3183
2152
423
3226
4900
3341
536
82
2469
3020
1568
212
3964
3591
4426
2375
1197
821
3495
1092
2474
819
4281
2918
4009
1882
2111
2982
2697
4640
1563
169
430
1711
4944
851
4659
338
5192
1613
1802
510
4621
3357
2546
4649
2143
3081
3902
3900
5368
4412
1317
1461
1923
408
1758
2327
3104
1636
3991
2986
3215
3024
2699
4270
4257
2396
1161
42
1476
4219
2493
661
3397
3526
3377
2887
3153
3313
4300
3743
1188
1147
4652
4992
1455
1094
238
3556
2880
4161
4875
1682
5061
504
3042
2642
2934
1797
3096
2867
2993
4492
4037
3711
1907
2105
509
1893
1477
3941
3010
2629
4243
1517
3571
628
1177
3682
4499
3782
2328
3250
1015
2280
3877
2195
2136
4691
1062
2018
5319
651
2298
34
2438
654
763
3613
1143
1049
1884
5344
868
2655
1577
3758
1576
2434
3314
3302
3237
22
3224
2766
972
2196
413
503
3187
656
1057
3996
2789
4725
3262
4830
189
3513
1756
3122
4216
5024
2841
2675
4091
3952
4874
5194
3473
2916
2233
4466
3822
2919
2418
110
3709
3799
3154
1539
2151
1670
1889
3595
942
1938
5046
3048
964
369
3244
1020
2565
4903
1838
4246
4047
5039
2634
112
4474
4377
1383
4892
44
3577
2683
355
4620
2216
4404
275
3170
3368
846
2097
2872
4333
98
805
5019
246
2876
4213
2420
900
3610
467
4446
585
1885
175
3425
892
2733
4348
677
126
3386
38
1603
1663
2624
4751
922
3944
1573
57
3292
721
759
3012
1987
4690
2084
3415
3519
2526
2877
1389
3489
558
5366
3781
4418
4947
5359
219
3834
3279
5407
5391
2013
5169
4524
5384
3855
4596
3110
4840
1710
1964
1629
3848
3985
3761
1696
76
4695
179
2897
2631
320
199
3175
1011
1276
1831
3666
978
1607
2457
2519
3726
56
3680
1620
4899
426
4421
3918
2579
1373
3947
4988
4956
709
1246
1705
4001
2329
3191
679
1704
5258
1123
1965
2666
2127
3851
2177
3534
3981
3671
1870
3823
3746
535
1409
4579
3360
5288
3468
496
1
5012
308
5296
4697
1214
5250
2082
1058
4130
1064
4999
5021
3006
3245
1342
1918
524
4527
1351
4329
2203
5072
1406
1124
879
2441
4394
379
5135
3673
3826
1073
3349
1099
1331
5148
3182
717
3787
4231
1905
5010
4023
2287
1370
4307
4651
1822
4946
2558
4141
1997
1430
796
3118
1323
3113
2138
416
902
3572
4841
4451
3548
2650
4045
1472
3602
1340
4286
2248
1716
1971
3778
4074
2268
1759
1523
4747
1915
3793
3977
1051
5364
1808
3794
4804
4845
2617
4228
2557
5277
2929
2240
5125
1115
4410
1250
2825
1791
680
3413
1196
2823
4637
872
37
4647
490
311
4112
2483
1617
733
3509
2432
1909
1152
348
5172
4292
5062
3756
4051
3551
3013
5358
2796
2846
4193
4154
3554
5294
3590
4107
2647
1149
2807
4424
1191
127
4500
5211
1832
81
5093
1159
3137
5406
1478
3771
2562
5117
4635
1973
2551
2696
1423
3109
5287
3219
313
1172
3335
1175
3378
4357
1036
4401
343
985
326
2319
697
3000
3524
2000
3066
2392
2542
3993
84
670
2121
117
2206
3800
2515
3545
1937
1050
946
3447
3435
2616
2009
1773
384
1684
4258
1767
2492
948
1348
4318
4855
737
3050
5392
2088
3757
2933
14
1508
3523
4578
89
2907
2530
4781
1686
3216
3064
853
1417
1988
2948
5188
1757
5150
1040
2725
1017
3555
2706
2990
1224
5120
4696
2885
2048
4124
4275
1432
1098
3402
4325
1199
2020
3859
531
1290
114
4682
5337
3005
83
728
5000
4369
71
4103
366
2413
1359
2
3609
3134
2847
3259
2785
4018
4611
1642
1502
693
599
940
1561
2596
488
1405
1503
994
4384
701
1125
136
1346
1313
2386
4613
3843
4897
2435
3821
5353
4886
3252
732
1984
2657
1763
324
2834
2615
1860
2740
3815
4592
3482
3418
2218
1372
4701
2368
3263
1752
2690
5213
2343
3030
2857
5399
4667
1948
657
41
4577
2168
4336
4871
2459
901
4540
4648
1596
5237
4822
4232
906
581
2553
4184
3818
4733
1966
1850
798
4853
4629
2537
3396
4628
1328
4795
4991
2292
621
3345
1519
475
4538
2225
786
4435
4764
2010
4449
816
3321
104
3310
4749
1774
2106
1969
4723
2036
3028
1133
2455
2058
2913
5363
4405
989
4803
646
1280
1135
4033
4618
1621
5355
362
4470
4375
1102
2145
4022
3173
2489
3518
2975
1843
3630
1194
3606
4729
931
4199
2794
1300
1436
1174
2346
2236
208
466
5241
3003
4278
4526
3891
553
3677
1672
562
4020
1287
1610
559
4532
4715
696
2523
4249
722
1559
4767
5386
3687
4669
4856
5253
1411
4038
1764
1527
3724
3603
2507
3001
1690
4866
2743
163
2954
571
211
873
2266
4614
5270
4146
4877
5315
1837
1228
3693
2571
1592
3242
2357
3740
1947
4035
3731
1841
3480
3092
1513
2416
2217
4352
5025
2741
4914
1958
2378
612
2403
3041
3229
4200
3541
3808
6
3567
4692
3694
2315
1354
2307
3451
5118
3371
5097
4283
843
4477
1887
2312
1858
260
2372
1307
2484
2594
3525
4674
2687
4072
950
2985
4353
4908
172
1270
1470
1330
4494
2308
4463
4181
3090
3621
678
4869
637
4559
4350
1836
3675
824
4926
839
718
5310
4703
1874
3120
770
4030
5078
2942
2045
5267
574
276
3311
2247
4379
1215
5216
908
962
1741
1267
60
3970
5121
45
2115
149
3062
1536
4864
4957
4048
4814
3196
4942
3124
1583
5151
2891
4687
224
966
5089
2297
5381
2123
365
148
2305
4884
1375
3151
1118
1612
2962
3612
825
3633
2070
5429
4054
1493
3031
5048
2995
1245
3623
3498
4263
3896
1336
501
4797
5193
40
2488
727
1830
3271
2759
3078
3214
3971
688
4248
4627
1529
5202
2896
4342
3427
937
3115
111
1854
2524
4756
4963
2875
1825
2968
4363
3745
5173
3319
1046
12
4378
983
1309
494
847
2818
2108
3999
2032
2960
4273
2748
5338
4433
1299
274
1491
3091
1167
4572
1251
2465
698
1081
5022
5085
261
1916
3569
4700
4517
254
1574
596
1254
4742
474
4977
525
1433
4100
757
4736
1961
4042
924
2560
3246
300
4280
1110
3325
2064
1794
3060
277
142
2804
207
3527
2103
2042
3372
669
3659
469
1594
3874
772
3915
439
2797
2047
4765
662
5149
2621
1581
2850
695
1633
5065
2727
193
319
2353
4139
434
3532
4043
424
3557
1460
4347
2662
1281
572
1678
304
2566
4639
882
2005
2964
626
4491
2679
575
2296
3719
4224
2165
3052
850
4774
2843
520
1614
5371
3032
1319
4561
3559
1428
1490
401
4123
5107
5051
4754
1787
617
5284
4737
3100
1012
683
2345
295
1217
3320
3414
4607
4917
1585
1566
5104
4843
2901
3935
508
4261
4317
1426
3681
5127
257
2197
968
3443
4740
729
1100
1043
3777
4511
3540
2388
4716
194
1109
4414
4636
4688
3973
498
2802
4784
1680
4029
5004
2992
4885
4236
1205
2561
814
4211
1079
4415
5374
2300
3790
4545
2554
393
5223
1071
681
3381
3642
4966
641
2866
3867
4090
3192
4598
4811
5225
404
1089
1990
2585
3330
4131
977
2290
2486
2033
2971
2282
286
4891
5410
400
1363
3097
2440
43
4783
514
4061
2801
4235
5269
1249
2202
2756
2254
4677
4128
3374
2572
2320
4163
1056
5340
4237
3529
1306
4734
9
4136
2470
1926
5346
4364
2849
2831
4901
578
2914
1986
675
1835
4975
5332
323
3930
1105
1506
1750
253
5137
555
1277
2611
4923
2609
3365
1851
3914
4585
4156
8
2641
5092
3281
143
5249
2407
2304
2232
4894
5327
2970
146
2450
802
1800
2194
1713
998
511
4584
368
3789
1812
1775
1345
3585
823
4939
2840
3059
3549
3547
1919
3356
4468
3829
5335
1867
3322
4358
4142
3908
4757
1504
2426
702
3499
3135
2128
4752
4254
5103
4016
785
1693
4396
1701
1768
4574
880
3516
779
4221
1652
1025
263
1578
1261
1879
4381
186
86
1138
753
4432
5345
3274
1852
4003
1187
1269
976
4801
4428
325
4787
2800
3022
3300
1434
4455
1355
4066
36
2224
3803
5053
1749
3730
1869
4506
2107
4472
3563
1350
2259
2994
4808
4912
3967
3304
3988
5317
3890
4529
4229
4556
5417
4809
1571
75
3992
5329
3576
4867
4397
13
4650
2422
5357
4790
5404
3174
5163
2261
5422
1555
4617
517
3217
2014
1111
2658
4068
2528
627
1390
1930
743
386
594
1232
458
1304
2198
1329
4195
2845
1343
1122
1795
2720
1186
3942
215
480
3604
3804
1518
4780
4334
4623
2338
3811
1935
272
1954
1378
1593
2944
491
5203
245
1772
1473
4303
1263
166
3878
1453
2370
5140
3995
468
3306
5162
448
294
5060
3199
3735
630
2306
4847
4896
3933
2043
116
3409
4496
1128
4890
5031
707
3945
2148
1038
3968
4305
1183
2978
5408
497
3098
4507
3616
1116
2404
3706
2257
1799
1840
2941
1285
5124
810
2336
1004
3931
3298
5006
3490
5428
2640
288
5389
202
1659
1792
2381
3323
5387
93
2419
4034
5350
1551
4718
5154
1868
2479
4006
314
2793
4859
4376
2193
4927
2408
3
3710
3750
1863
787
1395
1542
5360
2065
4240
5063
4928
3584
4118
2003
1546
5259
1247
2928
2889
2187
4121
3225
1531
4709
1293
4111
330
3073
887
5191
2784
5322
3466
5397
3406
3605
4164
2164
5200
158
3938
2342
3500
1107
1511
3238
3653
5325
2972
3574
960
3910
2054
3955
165
3858
4537
3868
3716
1065
1715
4851
3969
2838
4515
4996
3025
4349
2322
760
4413
3168
642
382
1816
11
270
4198
1218
4407
4144
4197
631
3558
1844
2893
4562
3474
3920
5247
2895
2550
1471
1241
2795
4465
4208
687
4580
2714
1074
1875
4271
4916
3140
4542
910
2577
619
5116
3484
3338
3912
4951
3043
2692
3363
3076
1382
4452
762
0
1479
187
3714
700
4115
1597
5320
2104
23
5419
5070
482
2271
4230
341
437
5307
2356
920
2467
3333
4824
4878
141
3948
1847
982
4581
4902
773
2691
109
3087
5295
3351
3235
1553
118
2158
1754
452
4486
2713
457
2832
4411
1310
3586
3209
1714
1185
1643
4056
4655
2270
1880
4619
420
3579
1069
2349
3150
3332
2548
1588
1656
2077
3780
2500
1765
4330
2049
1137
3476
302
2883
2122
5302
4660
3928
711
890
2984
473
4214
813
1993
2556
1925
2678
4077
1173
478
1362
4149
2262
1165
4162
4092
5086
3072
811
3503
4594
3047
1193
3608
3456
3142
1210
3459
3141
4008
4179
3879
66
5298
2737
1082
3464
1335
5134
3475
888
1160
1321
499
3266
4508
3700
2473
4148
4861
3416
3769
3839
990
2072
4409
2963
2501
5002
4158
410
561
3382
180
1745
2423
4686
723
2863
3018
3260
2619
4220
2747
5231
242
2337
542
1753
2702
4945
3886
2855
2302
4400
29
1219
719
3095
5105
5170
3410
184
3305
2813
767
1272
30
715
2242
2373
3051
4676
1786
1213
3407
852
1956
1243
915
1719
3331
2730
389
3411
1295
4108
3635
385
1498
3254
609
3432
3336
1809
236
1748
791
5305
85
4761
5379
4708
4503
2949
1901
1052
5176
2428
4290
5114
523
2726
231
2781
4471
2223
2156
532
1456
556
1179
3865
3651
2026
2810
2819
1618
2731
3362
4510
2249
345
63
1486
692
1906
4976
5238
877
3639
353
2313
1212
3273
820
919
360
840
1562
2791
4710
1967
1268
4168
965
3268
4549
3751
4601
1131
5157
1418
3984
3071
4126
1414
1516
2882
1605
3827
4642
24
4226
5378
3909
3564
3283
3379
2060
3802
4842
2861
489
4498
1691
346
1080
3035
4443
4429
3316
1949
1699
1953
2649
2439
3643
1222
4189
210
264
1325
2806
876
4954
4308
1136
3522
636
2886
2116
2951
689
2444
1833
1028
4160
183
3589
3697
334
2552
3897
1944
3491
2146
4007
3979
3195
4268
548
2264
5291
593
3421
2620
4664
1900
3108
4881
629
4188
639
1657
827
4475
5318
952
4371
3607
606
4839
2618
4806
4319
3937
547
862
2927
2387
4438
4907
4083
1895
1798
492
3629
1301
1264
2007
3850
2149
35
3860
196
377
2380
3136
5210
4904
3184
1412
3692
1532
3742
4678
2945
2456
2008
4346
4309
188
1234
2394
3128
3440
2367
2354
2842
317
4222
777
3366
3055
4343
5398
2437
2586
3485
1146
2701
3038
3251
2241
2721
5333
2686
234
2229
438
1462
4838
3817
1494
3021
371
2119
1454
1326
4150
2075
1007
3147
2086
3940
1615
5109
2622
2939
267
4777
2213
5001
5177
3429
1235
744
1712
2712
3093
3207
5145
1006
3546
2830
4570
2369
1369
1828
2890
2209
3395
2496
2238
741
5080
5274
4608
918
875
1933
3344
5251
4328
205
4484
5206
2170
3227
857
3393
375
5393
4862
90
1782
3755
2635
137
5161
783
1970
1400
647
2382
2260
1927
3560
5246
1806
2433
3373
2024
387
5099
4950
15
2253
1547
4821
4566
1385
1164
3846
3715
2898
5222
461
3770
1737
2185
5342
2391
1024
3954
2736
4762
4835
3568
4732
776
2837
3261
589
4269
5239
3806
1628
3883
4857
1635
5289
1404
1408
4113
289
1353
932
4589
1126
374
1465
4458
2055
3638
3355
2746
185
2828
70
456
2892
5182
5221
3082
3704
518
2050
3660
3453
815
1492
970
611
291
528
4434
3353
411
4041
3831
2028
1681
2481
2653
4776
1148
1821
3805
3718
2932
4079
3801
1783
3171
2751
155
605
1543
4600
4826
3399
4810
3906
1989
1604
1883
5212
20
5268
660
5401
1226
1332
4025
3163
5316
1322
2230
4668
100
3046
5014
580
905
2628
2774
812
2910
1589
5165
1846
5207
2463
4872
832
4739
2220
4453
1740
2574
1911
3764
1496
582
1515
2584
1665
3045
3258
1266
5112
2833
2509
4920
5040
2169
471
5376
3921
3240
1171
2754
5130
2757
367
2705
2228
216
2219
2173
1550
1044
309
3961
157
5352
5242
1443
987
3233
5185
4147
2680
2503
2587
3762
4915
4204
1042
3114
691
3873
5139
1427
3828
4889
3654
265
4906
822
1521
1501
4722
4626
4931
1180
396
5232
17
5209
871
634
2860
2429
5096
1557
4050
4632
1784
4819
229
3932
4818
2314
3394
4461
3125
4587
3375
565
4365
4789
418
4166
4373
4653
2424
775
1936
5304
4704
1839
59
3814
2379
4431
5042
2958
3465
3748
4604
3537
4771
2154
999
2112
209
1286
3470
4351
5205
3404
32
1796
3922
4011
4778
1898
3510
4964
3358
3531
2862
4905
4763
2331
1932
1201
1072
2606
4069
4402
4187
3601
3649
162
3257
2091
108
2347
190
3177
2002
2908
2711
1132
587
2246
2946
1468
507
3683
1692
3852
249
2761
5197
4416
5131
5244
2853
3106
3773
2293
1393
3479
4098
2458
4014
1842
167
3565
1762
3312
2358
2215
3512
4898
3901
4514
3570
2415
917
2062
154
620
3994
5349
28
3507
2274
1982
3832
5416
4981
2983
1487
3243
1391
2977
4753
2869
4770
2184
3792
690
1572
4345
1037
4646
1505
3974
1204
5102
2039
4086
1586
153
2400
318
3105
945
1584
1978
3223
2668
4712
4933
863
1203
3812
2207
3561
519
2401
5101
1093
3820
756
4087
269
3234
2166
5156
5309
4282
1616
3982
3083
1154
1030
2100
4395
3655
5377
881
1451
4994
4026
350
3946
4606
5370
3624
5050
804
5279
2113
1211
724
1658
1645
287
484
3444
4326
5245
2120
3892
4553
573
2521
4910
68
1087
4295
947
3708
2384
3705
2979
49
1114
5204
2074
2534
5171
3164
5266
1549
3129
3753
1166
3389
2175
538
703
3231
3872
1119
248
422
2094
27
2385
5034
3347
2708
534
1569
1595
867
4134
4610
997
1866
3960
2902
2031
97
974
4398
4440
1736
2829
1275
1364
4873
4359
2068
2873
3729
144
1284
2059
4448
3566
4714
3962
3738
736
4480
3285
1632
5044
2540
4548
4807
1101
664
3016
2161
4493
2150
1991
376
3842
2536
2099
240
1920
3384
926
4238
1095
1010
1981
5220
1059
2057
1995
755
2581
3492
5303
2623
2460
615
5128
923
1078
138
383
2514
684
1720
5030
3936
5141
1817
349
1881
5328
1807
992
895
2188
576
3247
3544
2998
3422
1463
5018
2588
4799
2776
3446
3462
5077
3434
838
53
2921
3488
3131
5336
3903
653
5009
92
1627
2303
3405
4272
1230
4941
4759
3158
5414
859
310
2787
5300
4355
1801
2051
4616
3155
1207
1475
4987
2734
2364
3943
2511
1088
885
1278
1349
3080
3126
451
2604
936
2427
1444
1032
239
4159
4247
78
1804
5081
1387
5190
55
4175
1655
1778
2627
181
3646
403
5282
2332
1292
3652
3037
4178
2139
2421
4852
258
2665
4766
2256
2069
2555
3346
433
1438
829
2544
1189
1689
616
4256
4117
3144
5082
3881
3401
4969
1552
842
1638
3036
5264
3392
869
4815
5071
1805
3420
2410
197
552
74
1910
941
4284
3760
3575
1318
597
4101
1894
3978
4176
1653
2777
720
306
3061
4925
3894
51
601
1661
1055
1624
1086
622
1959
1968
4738
470
1641
1421
406
1452
3185
623
1679
4125
2693
3029
2874
3768
425
943
792
3167
4505
2130
4755
1903
500
5201
2361
2281
4044
2495
4971
568
3662
1896
2023
1255
465
2095
4786
5228
710
2576
2081
583
1827
4521
3669
1579
1630
1815
988
5292
135
716
3441
4953
4575
4929
2965
4374
625
5314
1946
3905
3772
1766
3754
4609
1960
2265
3327
2159
4834
1934
3707
2937
2953
1664
4017
963
2580
3628
1785
1744
1730
4366
751
3583
3179
2199
3795
3297
5196
441
3670
1410
1922
3667
4978
266
1014
3088
3722
4120
2772
1158
1005
5365
2864
5323
5129
2535
3727
3958
3256
2569
5334
133
394
3367
3270
3685
1104
1779
3703
3294
4298
5312
1075
2109
3862
3494
4094
1236
2310
4962
3359
1611
2162
4447
3308
1952
1666
1548
2041
566
103
663
4644
5383
3085
4895
2001
1289
121
1145
2735
3334
4057
2245
2966
2284
3723
58
1009
5424
788
2917
4252
3517
3884
1849
3919
4442
4302
3854
569
1928
671
4551
3543
131
817
1273
3011
463
4084
5311
4643
2522
2659
4666
1108
3449
4547
4456
4728
3536
1103
4731
278
5215
1396
1316
1724
3641
307
2723
4986
557
2803
2643
2549
2821
4940
1651
1677
2904
780
2771
4675
1361
954
2906
1530
1253
2365
2607
5265
3342
2786
1448
2894
3419
290
1339
1726
1365
2753
39
5036
1700
5
5059
1706
2592
3924
1209
2878
3515
3009
2698
4670
2709
3562
454
3127
4135
4672
3957
4831
2056
1983
2461
914
789
2445
3871
1117
5033
390
633
95
5094
644
2133
4088
2710
262
2376
4289
4567
1646
3657
2192
2763
4024
3287
1599
5155
4832
911
2742
5256
1334
3481
3156
173
3352
3099
2190
1413
3712
1337
1649
1338
3019
2395
4152
5043
4169
150
1244
3265
1256
2614
139
4321
889
3809
4422
4850
4055
4191
3856
3269
5189
2210
370
4387
2141
3950
4837
1447
3619
4597
18
5330
1018
1419
2520
1622
1648
182
3189
1315
4310
2527
1899
1544
1016
1957
4792
3053
4294
4104
419
4000
1181
3783
3213
4339
699
4711
4707
1974
4420
4879
765
2482
4320
2135
1886
1567
2667
124
5224
1394
2669
177
645
1113
2321
3324
1288
1685
3530
1702
2323
1070
870
4262
4936
2029
483
2755
1182
958
1999
241
3689
16
1538
3916
4684
203
176
658
4097
2341
4241
659
935
1257
4495
449
1402
2491
5276
2505
4893
3866
421
3972
1878
4332
1640
1789
3070
4546
2448
19
2089
5214
1522
4046
2865
1231
3845
614
2663
2366
5076
1554
4624
655
1929
1777
5421
2903
3863
4550
4641
2183
1129
412
4844
4323
745
5351
1829
3002
1035
2545
1192
2131
3272
1525
31
4535
3749
4478
3068
2063
443
72
417
3553
1431
5348
4785
3699
4356
380
4541
4259
1855
1703
1176
381
2636
64
2790
5133
3181
4918
192
2205
4165
4812
5290
4534
5029
1941
339
512
4825
505
665
848
554
602
595
79
2330
397
818
3040
3688
1619
4654
5217
5166
5400
3054
1623
4717
3857
2409
3582
4019
2656
5257
5008
803
2475
2333
5057
5100
3759
226
4015
5003
4167
2234
5143
493
4180
1725
442
3160
2243
4012
4
2334
4427
758
3398
2567
1803
4816
3766
4693
1202
2694
125
77
5219
4554
4476
686
1120
3882
891
774
2764
3647
1386
3467
4827
1366
5011
2769
4304
5138
1096
4721
3309
2559
283
1360
5278
2478
4185
4522
2137
1608
1415
2035
4073
3696
4105
372
328
1634
206
1722
171
2078
4301
4267
835
3063
3461
928
591
2722
2171
3776
477
1996
3587
1063
3222
235
5123
213
3033
4960
4702
1312
2974
2780
5409
4769
5199
3684
4430
3026
2052
391
4698
2816
3391
2684
2309
4791
2258
1239
5283
256
2335
2900
3836
5178
96
5049
2363
4385
1963
2660
2182
1450
431
3211
550
4591
2926
1271
5026
1598
5090
3161
2214
1951
3286
4883
2311
2016
145
4887
402
3927
5375
3887
4858
1061
4467
3911
2724
2809
1560
2854
5388
4949
2716
539
506
195
361
3380
3376
3176
4727
354
3841
3686
3239
4251
1892
3594
4075
5153
1669
2532
1727
749
3146
2582
4854
5054
5179
5136
3079
2096
4528
893
3044
4462
4419
5243
5064
2817
3350
2110
3976
73
3486
4032
1687
2601
5013
164
3417
312
3622
4836
3720
3201
5152
4555
3784
4437
5418
4186
1570
2943
1048
3779
5285
2996
351
1872
3775
4485
1897
1008
704
3193
731
152
2399
3152
5382
1151
1602
3698
3388
5175
2189
2351
2288
2019
1324
4658
1793
3291
2547
1761
1514
4196
4995
4746
2626
1399
2688
4102
1368
2760
2174
5073
444
1675
4059
2782
54
1422
2494
2654
640
271
3230
4921
3296
2417
3929
3278
4316
4772
1485
5020
1856
2858
232
5248
1466
1489
2355
2038
3925
4516
993
5321
1068
5055
1558
3102
5229
1358
486
2859
3186
2590
4109
2389
4306
1134
1039
668
860
1195
2464
4593
1743
3208
4519
3157
4473
567
603
3275
1403
874
916
4078
4487
3674
1401
672
5158
2178
356
3190
388
5369
2180
3636
1734
333
3980
1556
3077
610
455
930
2512
1258
1206
4202
3904
2325
2405
4064
2674
3830
4993
604
2471
3343
1811
5027
5052
5186
3702
3807
1955
1591
5098
4930
151
1457
1820
4182
4967
159
3599
5356
1121
2956
2277
1265
3861
4603
3472
747
3248
996
858
4735
2452
1647
4062
2451
1495
340
3538
4089
2575
2155
1208
2040
4563
4170
588
4512
33
3329
2142
2538
3303
961
2988
5313
4683
4153
4464
979
3898
3617
3893
666
4255
1994
2015
3611
327
1853
201
1303
4403
949
1054
1333
638
4005
5426
3469
2272
5227
1021
1311
4031
2625
3487
1002
4793
3691
3614
784
2231
4973
2079
3348
1376
3436
4171
4239
2750
740
233
4788
435
3277
2591
986
4913
3267
4502
3853
4049
913
5413
2021
2950
1459
2513
4571
2101
3123
2884
4264
1066
335
2497
3535
3505
4095
1639
1979
4245
2957
2480
5007
5023
432
1429
415
2126
378
649
769
1084
1190
427
854
754
3483
3288
909
1216
5111
3953
4460
2651
1437
407
2767
4952
3739
4663
5415
1707
1871
2516
808
537
299
5280
4863
2707
1810
4489
4028
1153
1688
5181
4040
3056
3650
3423
358
1509
2637
3819
1237
1388
2783
4934
2839
2227
4539
4388
1221
790
3713
2200
2638
608
2446
4137
1813
3632
4823
2286
2613
2768
570
445
4744
713
2568
1168
3337
2406
2251
4071
4337
3889
3390
3923
613
3786
2066
3664
4393
2012
4741
855
3089
2739
667
1001
925
3165
3975
4720
1279
801
837
1441
3598
2132
1053
2053
1582
5281
1654
1668
5032
1751
5110
4775
61
2888
485
2340
3573
3798
5230
2144
46
734
2670
959
955
5066
2348
5088
5331
1824
2498
4865
5038
1848
5301
2773
764
2179
5198
2517
1980
4657
3460
5108
1859
4327
618
980
4070
5218
878
4525
1083
2487
898
4794
2172
5326
462
4813
4192
3442
2808
752
1184
273
2466
3253
4368
5132
3408
399
3835
4645
632
1580
742
3956
2244
3236
694
1379
5396
3007
3159
3678
3431
2414
5028
4004
3542
1439
2124
4052
806
1144
2362
123
2599
1541
1721
4768
5164
4439
4311
5159
2324
1992
896
2633
673
460
2250
5286
2443
3178
845
2485
2938
5260
147
2911
244
1481
1755
3656
130
3899
546
1943
3825
364
2717
3869
4560
4985
1106
2851
1291
2610
643
4665
5168
904
2093
5035
4132
132
2820
2812
2371
2915
526
4860
4634
3205
515
3627
2294
844
3428
4743
3340
3412
3101
2563
91
3816
1480
4805
4085
1976
1660
2749
1908
1826
3228
4509
2153
4297
981
3837
243
2605
69
4242
479
1790
4530
4612
5275
3672
886
1474
1510
3785
3648
543
2738
1528
4382
4173
3255
4315
1565
3448
5005
549
4285
600
3875
4058
828
3008
281
5106
5306
52
251
4338
2252
4314
2788
577
4544
1950
4970
1347
3202
3838
4344
4116
4943
4938
4829
5144
1000
4002
218
3997
2529
2677
1296
579
3138
3676
5354
1818
652
5091
3169
3618
87
3796
1162
5240
1374
3198
4253
1939
2924
883
991
2997
3457
4036
5261
3385
80
2778
280
4633
1027
513
2695
4662
4531
1178
1380
1626
5087
3504
4820
1022
2037
2098
3951
3074
2211
4699
5299
1698
1861
3752
5160
3084
5208
5037
2477
4685
4568
2959
2289
1163
3520
4367
4955
761
1356
1742
1834
414
322
2295
4190
4681
4080
3658
3824
2976
3445
3166
834
4948
284
4583
2352
933
4935
2822
1601
3280
516
1945
2745
3477
3998
48
3276
3130
3132
450
3478
2472
4129
2087
1637
1142
1140
912
1003
214
2269
3103
2881
4207
3626
5075
4155
198
4082
357
794
4972
1327
1397
705
3849
2719
4250
3741
2083
2600
1377
4750
907
3990
1357
250
4638
1034
2339
5174
4436
316
3870
2255
4122
3721
5195
3119
405
2383
2160
476
1890
4227
5420
5308
4143
1533
4386
3471
1091
1198
865
3455
4313
2221
25
782
4817
5254
4846
3307
2030
3450
1157
4260
3014
1788
4450
3117
1240
178
3220
2425
1667
3949
204
4372
446
3232
1733
3241
221
2598
1076
1673
2226
560
3075
409
5183
398
1484
2285
2398
4490
2815
533
1259
293
2758
4053
3926
4444
3615
864
5252
4488
2067
3206
2025
4983
5236
347
4518
1229
453
4706
3057
47
315
2612
3864
62
2454
2752
3552
4924
3895
3023
4758
4586
1697
3763
115
4331
3162
3959
4605
1200
3293
2980
2981
3502
5083
4296
4602
527
5347
4277
4828
1029
268
2689
191
2824
3210
2952
255
3640
2940
1739
2645
4796
4145
1625
4705
5079
2129
292
2673
2393
1985
1683
1483
200
1499
4151
1891
230
303
1141
4671
297
363
2765
2374
4965
4802
4760
1770
5146
2276
395
227
26
2092
2583
4370
3989
2589
4523
1424
1600
160
3631
3810
4067
247
1512
1482
5142
781
4205
4520
1320
3717
1446
3550
2204
2125
3364
2436
4266
4558
2603
1344
897
4919
685
2510
1435
1728
1464
3733
2744
1662
4361
4288
2316
5235
3625
4497
140
1977
428
2652
795
1902
4459
5273
973
4779
4423
3221
4689
4218
1260
2411
2947
4406
1972
5271
1845
3634
5226
3065
2826
1694
4599
2157
1155
1888
4959
1314
2969
5390
4713
3907
956
995
3133
951
1534
2476
2267
3200
4504
4536
3690
635
4172
4233
1814
2085
5405
3403
1283
2273
2397
5361
1769
5423
2879
2539
1067
5067
2468
3069
168
1308
1367
3986
3149
279
4279
373
1862
4588
2186
4201
938
841
2593
1865
529
296
228
4383
2118
1282
2147
2506
4673
502
3791
4745
495
830
4800
4013
1497
2237
1587
1738
4552
4335
590
3833
459
2682
5015
4454
2573
598
7
4694
4274
4417
648
3326
738
217
3049
1535
1488
1023
3328
4217
1735
4982
2639
4961
3439
101
3508
5167
4099
1876
2935
4206
564
1238
2502
3840
2967
1425
2318
2046
1031
120
2531
3847
3528
971
4833
2490
3880
4324
5233
1781
2301
1771
800
1746
4726
222
1013
3433
797
2779
2991
2044
156
2518
3188
3180
3264
2844
3295
2899
4782
1352
3148
2061
2278
3593
3701
342
5380
2989
2022
4225
2201
1564
1540
4909
826
2987
2541
352
3644
1274
5180
4027
1537
3452
1170
725
1045
1674
1302
4392
5045
1420
1248
4990
4177
129
2805
2597
336
4391
4106
4276
4989
4021
4203
4063
748
3067
4482
4244
2222
1156
4291
4513
2798
1931
3497
3514
3506
866
1026
3581
4408
1873
2923
4140
5126
674
4590
321
5084
2871
1150
3317
1233
4543
3339
1760
5074
2564
1606
1650
1225
392
1019
3732
1294
2017
4798
4979
3663
1381
4039
1220
1924
1242
2004
4209
4984
5184
5362
1998
4362
1671
540
2377
2114
174
2922
899
4133
4234
447
4340
10
1731
107
4937
706
4848
5262
3361
237
3424
969
4870
5372
4656
4183
1442
2676
3086
3774
939
2681
1904
4425
2856
1913
927
2811
2685
894
522
472
1223
2453
2239
3194
4399
4081
285
1857
3728
4679
5115
624
94
3172
2275
1575
2543
3318
1371
2955
3736
106
3725
849
4876
2570
4380
2117
4390
1609
1227
3580
4980
134
2283
3533
2835
2076
1041
726
2648
3797
2700
2703
730
3143
5041
4911
3734
305
161
5341
4882
3094
1864
1914
4360
682
2442
429
1085
2661
5047
2080
1060
750
3496
105
128
3369
1729
4114
1500
3934
3145
2326
708
1507
3218
2775
3511
541
5427
2102
4457
4968
3695
1723
831
5293
607
2499
2848
4773
2961
252
4157
4880
2852
2167
2011
1940
4299
2644
1130
5187
4576
2931
1709
1392
3596
2350
1975
1112
2728
4630
551
2163
984
170
5402
1526
1127
3107
4631
2973
953
592
2191
3454
2920
3315
5113
2090
2176
521
1097
331
1090
4076
4110
1676
1644
545
3767
2006
2792
3939
957
3876
836
2608
1912
4661
3620
65
799
5411
99
1717
3437
1297
3289
220
1467
481
809
5343
4564
2770
1776
2504
1139
1695
712
1708
4974
3788
2073
1384
4557
2279
5395
5058
5069
1416
4138
4868
301
2664
3354
4533
1458
1449
67
2936
4573
4569
1305
4287
2402
2181
329
4127
