1466
4621
3353
1755
4395
3569
3271
2014
1772
2819
1917
1032
4396
4376
4007
4129
1575
2298
3949
4491
4978
3699
452
3287
3059
3135
2251
4555
4863
5111
3165
2570
5247
3356
589
3553
2823
2940
5172
3334
4018
4497
1252
3081
1907
3525
2330
1142
4926
3327
5075
3257
2734
4215
2101
2594
1003
3121
4128
4583
130
5026
1004
2971
2695
2415
1967
1511
2544
431
2116
3547
15
5173
1083
2531
1861
3203
3978
1313
171
1294
2430
562
4189
4356
4679
1071
2392
4437
4952
373
1085
2996
5052
4981
4821
790
5336
4459
4730
5209
4883
170
1906
4930
570
3451
4504
4645
1043
3762
4540
2230
4509
1386
4021
1970
2357
3805
700
3376
1526
1202
4431
3315
4783
1302
426
1241
2597
3982
4846
3608
1483
4721
4263
3925
4505
4352
5418
741
1840
250
2311
1887
732
4266
3323
353
1666
2464
2745
4102
2536
1726
2391
4252
4144
3587
2472
1066
2550
2511
822
2414
2757
1848
3183
3520
4699
1366
5398
635
2165
4764
1853
4351
4655
2583
3594
1125
3734
4255
2227
3591
2795
1679
2061
1532
1939
5223
2424
4429
4359
4160
18
4626
3864
2105
4113
2043
2385
2856
2581
2852
3199
2737
1674
3595
1316
4547
467
319
1868
1395
1704
181
2774
1832
5060
99
1415
2031
4889
2198
1196
733
4126
5264
4936
2692
5042
5203
4908
4656
3237
1392
3508
2991
4478
318
2462
1133
4034
3156
561
3280
5137
809
611
2776
5288
3835
935
159
3229
4666
3839
3014
4424
403
4659
434
249
3258
3113
1400
2794
4813
1457
4639
4789
4143
4150
779
990
807
3952
858
4272
1169
5104
3740
3931
5381
44
2688
883
4242
3895
210
288
2250
3007
3738
4453
2904
1197
1389
1055
3730
2693
4617
4831
1172
2232
1350
1551
1734
3176
1670
4812
1171
5130
383
4463
2049
2297
3535
3772
631
4934
4400
908
4124
3751
4904
726
3719
4310
4680
1338
1278
4844
2299
1515
4829
1747
5245
2104
27
796
3269
656
3574
4516
1822
3815
4012
4380
1682
3778
64
3175
3032
4375
803
1166
3359
3770
2862
3728
2542
2687
2708
5086
3192
4668
3057
4570
1586
3204
3497
1416
3754
5364
5059
4209
175
3399
2889
2429
3310
3291
4492
3670
896
1217
1399
4232
197
4907
2585
2362
590
4792
5333
1708
642
2762
2214
3656
3476
802
524
2887
673
1255
3311
2218
2163
4753
3615
2056
4781
1352
2192
500
1843
223
182
3465
2602
498
2559
4267
2659
936
186
4662
246
4245
4185
2367
2077
3141
3512
470
5320
3001
2270
4314
1445
1072
1425
4248
1940
3190
300
1530
136
4706
5339
1230
1691
5161
5035
941
1928
766
938
2772
1605
4884
164
73
851
147
3283
2867
4878
8
304
3678
847
5276
3132
4644
4704
2747
294
1149
1552
1531
3552
1791
2875
3917
3148
5307
5047
4059
4071
2740
2557
4443
1081
1616
688
3074
3597
1639
5272
5169
3964
3536
2952
4526
218
3313
4944
775
4612
1685
1838
508
5019
1659
4171
344
1961
5387
1752
1699
3953
4519
1568
1892
4694
983
144
2829
2797
1244
3702
579
5242
5388
3157
3926
1037
3002
208
3641
1683
3771
1650
1567
4729
3867
2621
2657
1942
742
4228
1992
4651
3368
3817
3723
149
1120
3707
479
2386
919
3224
3776
4280
5150
1414
979
4767
4003
731
2371
308
3714
3022
5353
3716
3320
251
4810
189
4318
3436
3767
3855
572
1596
1720
5354
2448
1902
3905
3862
3647
932
4367
226
3899
3472
2262
5258
3571
4362
1187
4873
2921
2269
4489
1758
1874
4858
4568
2947
3193
448
320
4927
4588
5357
4180
5419
1926
1591
4090
5050
2145
1012
2756
2872
173
1153
4636
2893
4723
1718
3605
2652
2626
783
1138
2943
2347
830
4657
38
848
2684
2878
3228
5400
146
4728
4112
1740
4866
3517
215
4321
5385
2674
1850
285
3350
1349
4964
2425
603
877
4957
4595
1319
583
4765
4937
1978
61
256
880
4660
1369
3082
2028
2289
3987
4440
388
1765
5110
2162
2423
2670
581
953
1624
1724
4968
2002
1370
3741
436
2725
837
1189
4762
529
3474
4235
314
1754
4903
271
4527
4418
4472
2637
1710
2960
1021
695
818
148
1033
3749
4192
4717
2650
3408
4942
750
2351
1128
2468
3382
3936
5259
200
4776
222
1962
625
127
5316
3404
4106
4905
4212
1768
5378
1743
4688
3726
4186
437
3109
1452
4784
757
3937
4851
905
4423
5265
2187
1504
1502
5315
4220
3039
1899
517
358
2616
4406
4774
4081
1308
4674
4571
1608
1273
4718
3869
4244
4394
2576
5182
4625
4982
4819
451
4293
4476
1566
2961
408
1937
2934
492
2406
2620
277
444
2841
638
5390
1256
5287
2241
2258
966
3576
394
345
707
2034
1404
4919
1373
2765
4984
1573
1304
4775
5176
5213
2102
806
3502
341
1286
1658
2761
5165
1741
2037
225
5034
3160
2518
2656
2175
2562
1002
3139
30
1174
4094
984
949
4407
279
1665
5127
1396
1000
934
2261
672
906
3255
824
3950
1859
3998
4276
4599
4495
3427
1118
1855
3849
777
4330
2368
1387
4148
2388
1783
3441
1207
4931
1143
4742
2868
1042
3108
3106
3487
1563
4118
483
1334
2121
2526
3308
5331
3744
5143
2236
729
54
354
5428
2264
1314
3467
5248
2479
4825
1872
4085
2446
4596
2035
2252
2949
5040
2569
2403
5045
2869
494
2566
2593
2497
153
4341
105
718
4299
4611
3390
1876
3479
1571
229
2179
457
849
4168
4956
1842
187
4949
5044
3085
5038
1611
555
3499
5365
522
1776
4164
2389
4738
4779
3927
2125
4897
3995
3049
4258
1291
2137
3155
2824
4208
1588
1533
736
1437
158
591
1541
1203
1403
3325
5342
1543
2730
5097
3510
1932
567
1340
5083
5078
2572
416
4289
594
1253
3061
1298
2590
3346
2248
2115
3683
4448
4179
1995
3965
2699
3336
1560
2267
3403
180
1420
3526
1333
1451
2937
4358
2533
948
4582
2277
1792
1790
2315
4203
2420
1888
4632
2796
1811
4392
2645
4887
261
254
4961
355
1170
1346
3456
3857
5082
2226
3583
2275
4860
2384
1487
4542
4404
3243
4381
781
1924
4100
4637
1163
1001
2918
5408
2535
759
365
4550
2912
5066
3013
1303
3903
1975
3621
5278
4589
5311
2810
5283
4195
2538
3488
5000
3845
865
1095
3094
4226
610
3096
1335
4847
5181
2442
2768
4283
1052
3663
5407
2982
4985
3759
493
1739
4768
2235
4078
3755
3737
2033
4493
626
2560
1372
2124
3458
677
425
4122
26
1988
5343
2701
2177
769
1689
2084
3468
4803
1712
2752
5254
1223
1956
3493
150
3247
5392
1676
220
1709
1936
971
4295
1603
964
1402
4528
3100
1849
1793
3786
2328
884
2801
5308
385
1629
2888
2983
340
2141
1024
2638
1194
2703
4541
1479
3332
3498
1216
4022
3584
1067
839
257
4769
538
1635
2153
4623
3602
1891
4517
4986
3568
3788
3295
17
1210
3637
3873
2495
1963
5055
5375
5174
5074
4551
1299
2457
4614
1099
3277
3244
1056
3439
2587
3859
1601
2798
2717
235
4309
3150
3923
3305
4038
640
4635
2467
1160
2488
4591
337
2272
3268
1363
157
3492
4239
3114
13
1991
4705
440
2807
4940
4483
5099
4278
4149
1524
1540
4479
4247
2721
1251
739
5228
4861
4084
2793
5220
2818
2919
716
3674
3393
4971
3080
1239
4213
325
3378
4618
697
658
1285
875
4316
914
1998
3887
2846
3450
2805
3016
2658
4153
2649
2980
4227
2452
3091
4307
4027
4268
4398
2541
1845
2374
3128
1696
5208
3822
3666
3021
402
3304
4838
172
4064
1990
2619
1051
4181
2804
231
4279
4899
2826
3853
1770
2833
2710
473
4329
1803
4664
2402
2648
1633
4411
746
2973
3188
3796
5022
3598
585
198
435
3075
4530
1976
3254
2865
424
29
5070
5372
1672
4685
5347
3273
4130
409
3285
4140
3543
1345
4108
1784
3333
5284
1727
1270
4139
334
3119
3086
2133
123
4631
4023
5192
1782
1703
3207
2379
67
3167
2073
3134
1262
5269
237
3180
5018
2246
4336
4839
382
3306
5225
179
4494
4214
2653
1882
5115
2106
4853
2727
3500
95
335
663
813
943
2850
2984
676
3858
4882
2954
2029
5411
430
960
1477
3800
655
2123
35
621
648
3265
5249
1006
3736
745
295
2662
1867
4205
4487
4837
3164
4335
5108
2669
4166
1519
4183
3960
3145
3279
3263
5102
1851
4092
102
2595
370
4089
33
608
2848
3294
1919
3417
1941
4202
2941
4451
5186
2196
37
272
2461
1250
1339
3185
516
4417
4845
462
4120
4502
1104
4334
659
636
4682
1606
3619
5334
1062
821
3298
260
2556
793
3664
1088
4119
667
3024
1039
3558
2278
3753
3935
2838
510
744
725
4243
1565
617
465
5298
5141
268
3267
3803
1870
843
322
1097
4710
1499
2882
169
2510
3516
2411
3989
2579
5043
109
2006
2604
110
4461
4098
2781
471
1896
56
2093
1
2094
4323
3541
3793
2081
3610
3644
4581
4667
4350
2206
556
4533
1562
488
1041
2008
3651
5049
5226
3211
1957
4005
3563
2358
2755
2972
3851
2375
4511
324
3251
1084
4088
4055
2990
3614
4013
5153
3142
755
2596
5363
52
4800
3837
5090
3765
3483
2247
5268
1920
3580
1895
100
5376
1362
1971
40
75
317
491
774
4355
338
5335
763
1884
2986
571
4727
4075
475
506
503
838
4419
1070
2746
3496
2122
1807
3020
1246
3230
2478
1289
2584
2513
4852
2525
5067
3562
2911
3863
760
411
1475
1527
3692
313
1028
3077
91
5366
1178
3988
3984
4576
4045
1094
3248
819
1771
323
199
2181
3087
1287
1235
3617
3668
4726
2288
4236
3068
5073
1802
2096
3250
5134
212
991
649
12
3226
1144
2504
3922
2767
2072
352
2390
332
3601
2185
3260
537
1769
1297
2339
4151
4707
4687
4843
1922
1242
2224
4758
702
5077
4836
2709
86
3665
1492
2998
4879
4946
1951
2067
1469
4
3205
898
4131
1173
2046
1015
612
4275
3721
911
4167
376
696
3624
5292
1427
2146
2924
5383
3071
1735
1061
897
5132
820
4200
668
3409
3212
1441
5033
900
4681
2092
3983
406
1547
1636
1315
1821
1836
3179
3030
4285
4162
3477
1266
236
4470
3328
3694
624
1478
5156
5295
3712
4693
2667
65
245
3934
1985
3704
4054
287
3371
3410
4165
1053
1069
1383
2087
1092
3660
3284
207
4748
70
3117
3679
2438
2502
3659
2268
5256
2654
2664
399
4901
4019
1903
2636
4993
1222
5024
1715
975
3780
2853
107
539
2372
2476
2879
3062
273
284
1348
2920
4697
1623
1654
4638
2333
2568
5282
4052
3047
2242
5404
2606
1815
3633
2537
3469
634
4913
2284
2164
2059
3628
976
4643
4360
4383
4590
1422
2978
289
4097
3275
532
3374
2842
4095
3259
3326
3682
754
708
438
135
3813
3184
1539
3993
3816
4070
2477
4603
391
2515
241
2143
671
706
2013
1900
1517
104
2496
2210
3173
652
2565
641
4924
3992
4692
1954
2419
3270
3006
2319
2126
840
2588
2959
4288
789
2024
2673
10
4867
85
2295
3537
2953
2118
1966
4855
4240
2052
3554
2047
4146
4069
2522
1182
74
4460
2870
3424
4925
1224
4107
1570
128
161
4347
4077
243
460
1738
2663
4983
3394
2974
4142
2300
1923
893
3289
1481
4834
1945
2633
4397
4339
2354
866
3067
2800
1544
2592
651
1858
2839
505
1964
2981
578
3202
374
2574
1688
1079
4500
2155
2336
1025
1413
1168
1934
3661
1119
1324
4647
1798
497
2460
852
205
553
386
4101
2309
923
4560
2171
864
4567
1192
2614
2161
5171
4147
213
51
3652
3556
3379
4241
4340
3149
2817
3577
5025
4187
5297
4842
2054
1508
2308
3414
5222
4444
1443
1157
1237
4508
2048
309
1969
4857
2335
4074
2159
4641
1987
3527
4115
3708
4989
4031
1428
4300
2399
375
1293
747
2830
2025
1218
2202
5332
3035
3920
1749
1116
1430
396
5426
242
3232
4156
5057
49
5151
2439
1150
3930
2426
2643
1980
1401
3017
227
4807
982
4009
2279
14
5229
4111
3970
3572
2199
5369
2987
3705
3395
1950
2249
258
4918
2925
4221
1795
5199
3604
4720
1394
2812
586
4105
3551
3397
5194
474
4629
3763
4306
511
3884
2306
5094
3040
2168
4917
4011
4615
1826
5003
903
5323
701
3381
5344
1597
263
4053
2917
3242
639
3675
952
4385
481
3236
3996
2220
122
768
5218
2312
1448
4875
576
2041
5085
4871
1271
666
1098
4579
3430
780
1019
5053
4086
3300
3274
4915
3092
3729
988
4953
203
5092
902
5394
1330
3245
986
502
5117
1523
176
4979
1690
3518
2975
464
1959
248
1234
2608
5382
1198
1944
3375
1113
1101
1507
2128
1027
1894
4973
4499
3611
3416
5252
2062
4616
2346
1576
2885
2451
3360
3154
2475
4039
1622
3076
5371
2341
3886
4713
4809
1337
1016
4048
3533
94
2287
2361
4211
3531
4947
379
2381
1068
909
4354
973
3791
2493
4868
5157
912
2948
3810
3288
691
1579
1627
4507
2026
698
3118
5
5377
4912
3691
549
2679
5210
957
1145
999
540
5421
3579
1505
3009
429
1472
3725
3373
1805
4601
1981
5146
3860
1260
3687
764
4790
1879
5152
2906
939
1958
5317
2088
2027
874
3429
2799
5236
2935
3383
4906
4548
131
4605
1585
2459
1433
1737
740
1785
1615
4297
1593
3419
1804
2213
3102
1550
4950
2397
476
1748
3620
5393
1865
4675
605
1955
3011
4898
3321
2060
2700
3609
5337
1155
4399
4996
3963
1384
3599
2899
2976
321
5253
5118
3031
2814
4363
1058
4633
1829
2326
2866
328
3540
1753
1351
4409
4544
2154
3523
4254
1877
441
3775
3088
2706
3507
4715
4833
2222
2186
867
2484
2642
4806
1385
3732
1581
2019
5313
293
3974
2011
879
3357
2208
3169
3842
4733
4999
588
3785
4649
3575
735
1073
4223
817
4364
3127
2152
2215
829
1225
5215
2018
5039
1973
456
1828
3431
2329
1343
4923
5230
2601
455
58
5251
3847
972
2871
5221
3484
2178
4384
4456
1240
694
3314
1549
1634
3521
3231
710
5368
1572
1353
3319
541
3418
1283
2189
3746
2038
3901
1602
4954
3642
1359
367
4452
3101
654
4786
801
5211
4298
3570
5072
1458
2849
1697
4175
4558
4943
1813
1610
4690
4672
899
4051
675
734
598
4322
2129
1482
3966
3056
3522
3177
4490
1127
3124
4914
1630
4653
2580
795
3435
4046
1076
3116
2286
5280
4613
3915
1684
997
2432
714
4016
2639
2167
3880
2408
2394
5361
151
3449
2558
2007
3073
2916
4885
544
4061
560
888
3625
5328
679
4920
84
4412
2195
1461
799
3878
1846
1577
3711
3662
637
98
3968
1486
1946
705
2827
5196
3019
1693
1808
2873
174
5240
3482
3961
1695
4880
2723
1694
2103
2086
1711
4546
5088
3962
3907
1897
4121
5351
2257
1382
1751
115
2854
4787
1592
3209
2069
4172
1972
347
209
3052
280
1612
2840
4584
466
3607
1717
4229
2217
5379
4468
2785
2355
4333
4233
2211
2174
3724
2963
1625
2905
1915
2927
5312
2844
2665
5184
4938
2418
113
3743
2507
4256
1537
2790
1546
477
4445
5234
2083
1656
4814
3688
3756
689
3433
3282
1960
433
2831
2313
3413
4132
4123
133
63
995
4481
2131
4304
2835
2240
574
2738
3885
3900
3318
4859
5257
2753
5356
3959
3143
2316
2736
4302
5285
557
5327
1300
4607
124
4060
3412
2004
4282
3986
597
4695
5112
1282
1190
3747
1910
3422
1686
1901
1177
2714
3630
841
3739
3514
3238
4433
924
2615
3979
4465
5164
4732
3672
21
3043
3421
3466
1647
2352
3218
1213
2945
4136
1211
2293
5355
3095
4580
956
3758
4967
4133
4259
62
4566
3452
2955
2325
1509
4673
4671
3365
5338
1797
1561
1391
1929
3415
881
1536
2294
25
3834
868
1687
2050
4346
3634
2331
2586
3801
5270
4736
92
1447
645
1367
2200
4823
2064
3015
1279
4125
4116
2454
1379
4963
4435
2443
5009
9
5004
1878
2977
3159
5061
1847
916
3757
400
142
47
2907
190
644
2234
3618
1763
5145
2334
3874
101
4210
1535
2922
761
393
1080
1578
3457
3613
2944
2861
1778
3727
2946
2634
486
2896
4035
3573
1904
3475
1757
3437
82
5309
2898
5300
1417
1408
1905
3826
3434
137
5005
3178
3065
2711
2860
3921
4745
5098
2815
717
4458
4848
3942
1048
3623
2398
1810
1827
518
4348
496
5296
3560
3491
0
2957
3206
3223
5346
699
889
5243
3459
4159
3649
1236
3034
4191
4756
2042
507
1994
1090
4512
2886
4076
42
3396
1503
1744
5279
1111
4338
4062
2720
2617
303
4217
336
4797
1669
1974
1360
1444
595
5032
3509
4933
1139
4170
4287
1525
4854
5206
4343
2113
2784
4425
217
987
2724
5091
665
3636
1358
749
2771
311
4703
2571
163
724
2858
609
1794
5360
861
3485
2962
804
3125
4193
4572
944
1490
283
2494
1520
2618
401
2930
1096
2689
2816
3363
2540
3217
4532
1347
4552
346
3120
1761
921
3027
1880
831
4488
2243
5189
3253
2547
2564
3820
3000
4862
447
397
4114
785
4501
459
3519
4137
2017
2686
4163
485
381
1707
929
1309
1398
3932
5105
1248
2444
1856
3761
1130
4420
362
1631
489
3933
3348
1779
1450
5201
5420
348
5120
4032
2892
565
1361
650
4785
2598
366
3698
1714
1089
1141
3889
2682
5374
895
794
4802
4002
3985
3590
4049
3197
3774
2273
3588
3364
3916
4357
4296
4818
3112
2487
2280
2075
2702
3222
4856
618
66
3425
2119
1306
230
3809
1108
743
214
4622
290
2359
5362
2255
2611
4805
1609
2193
156
1555
3070
2561
3689
2239
3686
305
3041
2857
4749
4815
5011
389
4093
4303
1007
3296
5191
4561
994
3997
3214
2063
4691
138
4382
3191
1179
1702
421
1329
3928
3511
2732
604
3750
811
4991
876
4761
2305
2051
4877
4881
1893
1952
4237
5119
106
5216
5275
5159
4004
1212
3387
1595
3671
4524
660
2552
34
1614
4832
1948
3198
4154
2788
4608
3883
657
2253
913
5263
2302
3366
5020
3426
606
1044
512
233
5204
3565
185
3004
1275
4796
4759
3220
4028
461
487
1587
3684
1064
234
812
514
886
1046
1680
3386
1667
4513
1914
4665
5179
2932
4948
4486
3079
1364
4230
3538
4464
1117
3787
3361
5425
4058
1885
1074
4442
4698
1263
2970
3054
1254
826
3461
693
2820
3592
55
4734
1123
1454
3530
2923
4067
2079
3782
5299
3
3825
1493
4015
4602
4134
1158
798
2739
3078
3635
1103
4869
3882
125
1193
160
4294
3701
786
3440
536
5030
2683
4630
3561
4888
4197
2095
3622
1310
1649
3447
443
3018
4269
3944
2694
43
2456
1065
1057
4751
998
533
3235
1781
823
2828
5412
5340
1011
814
3655
1305
3616
3194
301
3946
977
504
2140
417
4754
4609
927
2114
76
2194
509
3550
145
3567
2599
584
1050
4253
3977
2521
2641
3168
1835
1277
343
1109
894
1456
2491
1301
827
3844
1997
2348
3216
1713
1764
1229
1264
961
3053
2458
1418
5367
468
2225
1206
834
378
360
2877
4977
3473
1866
1645
5012
3797
550
5158
2434
2509
3893
2728
3330
2845
2802
97
1124
3994
4484
592
206
1745
1664
5037
2254
3638
469
442
3423
4313
3722
5250
2482
1318
513
3411
5202
3402
3589
4945
582
2207
3838
683
3841
428
5056
2928
2486
3340
2091
3938
4428
3951
564
201
5205
501
686
1312
3504
2369
1806
4312
480
4654
3941
3171
4900
4992
3261
2183
350
1644
787
79
3881
3779
4083
1927
1775
3213
3976
1474
4467
1542
2044
2417
4006
3241
3029
1480
3546
369
1082
5071
713
2483
4760
415
4043
1134
4353
3252
704
1825
1022
2623
4958
3331
4539
5168
5232
2517
1465
3345
3044
4586
3503
1518
4757
2910
24
1812
3444
1869
2735
543
132
5214
738
3351
525
195
3470
1010
782
57
4780
661
363
77
4676
4173
3646
2707
1760
5017
3828
4454
4033
1594
3174
3438
569
264
1132
1152
5207
4830
3341
2716
143
2085
2441
2395
1514
1357
1355
3130
527
907
967
1488
3696
1426
1864
3811
1706
1607
1086
930
4661
1559
152
2763
4365
1326
23
3098
1180
1800
2685
4422
4436
69
2490
5395
5126
2157
5350
1013
1258
4251
776
202
2356
418
327
580
4020
1247
2156
1374
2749
1344
2766
4598
1233
5389
4724
4446
4068
4658
4455
4427
5187
4082
1663
2901
4709
3028
5041
2344
2915
805
2466
4549
1746
854
1368
1463
5124
558
3501
2260
772
4308
2741
2160
4161
4975
1642
1184
3302
253
3480
1476
1432
3544
2600
4291
3818
3981
1029
2191
715
3369
862
3358
1148
4496
5401
2431
2378
2651
1698
2107
5193
681
4249
3578
2751
3083
2144
2433
920
166
4628
2197
2068
2498
2792
4324
1618
3912
1681
1018
291
1495
3377
1047
5031
3309
1590
4480
2304
1165
4379
1078
3827
614
3104
2450
928
4374
5116
4152
2897
4036
3879
3513
5028
1837
4816
5417
2546
2605
3240
4648
4594
5069
3445
954
853
39
3990
5266
3667
2787
727
1267
4439
3278
1789
3954
266
2660
3122
53
3748
2863
5304
3798
1668
4377
3673
5106
1613
4198
4574
2310
4980
662
3766
1512
3084
2505
22
1833
3227
1035
3947
5274
3186
3606
3752
4416
2266
5125
3481
3170
545
1115
154
2231
3973
887
4523
423
2988
752
4911
3804
192
247
5219
703
767
1516
410
2506
1467
2058
4292
1700
3690
981
2016
2527
5065
1947
901
4640
2534
1671
602
5341
155
2500
4972
2020
3099
4646
1181
4606
4722
4065
566
833
835
1652
1619
4849
4587
4178
4393
4529
2172
5180
3058
5103
1093
1186
946
1131
2890
808
870
2985
2836
3146
4739
3448
4988
361
1589
4600
5305
680
4990
4798
1491
1831
1953
1311
4103
5123
4827
1728
5345
4543
3957
5391
4554
3735
270
2150
4535
3548
60
407
4331
1147
2292
3123
773
2726
2913
5237
116
2591
3814
1580
5013
5380
1375
2545
2138
1996
891
5122
2715
4686
4503
472
4386
1943
2731
622
2148
5170
3585
3627
4902
2966
2825
3337
5410
4498
682
5277
1023
1817
4421
1646
4538
1249
5294
359
3823
4997
3355
3559
1195
5148
278
1705
530
1557
2743
4932
4562
384
2956
4234
2803
1983
3464
4274
1569
3264
404
5321
2030
1407
4864
2876
4684
4808
882
4079
2691
5190
1657
4320
4438
4650
2909
2760
3389
3760
3036
2929
1269
720
3042
2551
4447
1921
4224
31
4155
2809
5010
842
3201
628
3064
4037
548
1521
531
3342
3677
816
5303
2057
3352
4960
4099
2548
1354
1968
484
771
2936
5329
1999
4620
5262
1276
4569
3162
1054
4158
910
1473
3050
4325
873
1637
3239
2209
5136
3307
45
2090
4414
3187
1227
1889
3189
1470
3299
878
4700
2396
3794
815
4941
3060
3090
2463
4929
931
351
2733
3486
4712
4896
5235
3940
1604
1327
4218
3812
1102
687
6
1209
3136
1844
4216
974
721
2436
7
2127
315
2135
1017
5306
2332
4689
3542
918
2942
78
5089
3446
1356
1678
1564
4182
2176
4817
4326
282
3948
4711
4415
3648
4826
1208
2786
863
2632
554
674
670
5416
4056
627
4270
1129
2777
1584
2993
1464
3582
515
1984
3658
1498
859
1626
1553
5429
1453
1725
3111
2229
4390
5007
520
4521
2677
5373
3219
4169
4391
2523
2376
2337
3875
788
2040
3005
4987
2528
4371
1528
1820
3301
3958
4773
1863
1295
3506
730
3783
3462
1320
3650
758
5322
4138
1916
4573
4970
1421
4204
3819
1176
178
331
2078
2549
5330
3405
1377
4772
3904
2938
4025
1020
2646
4592
2256
368
1323
1397
1030
387
1446
240
3639
4627
4652
262
1424
3808
168
5227
1100
349
1816
1435
3181
2205
2603
5046
1460
3799
445
1431
3329
3322
1648
5399
3293
1406
4965
2130
3133
3781
2698
1156
4457
3720
5301
4201
4284
5290
3455
4073
685
5048
3999
4301
3967
4610
2416
2169
4373
306
996
3717
2864
4174
194
2622
4811
3012
5096
5084
216
2318
2203
3490
4894
2314
4014
712
3110
2661
2099
1114
3272
2166
446
1328
3971
3316
1410
3910
1814
2512
390
3603
4473
4281
1341
1723
2567
1167
5281
1106
1188
4696
5008
4047
3129
103
4413
4719
1641
2453
2880
4593
3909
292
2400
3166
616
2032
2082
1376
1598
239
1040
463
4117
5289
5121
2712
3505
4714
1660
286
2301
2
3290
2455
2492
3773
3685
4795
4432
2789
1388
2640
5318
5424
4327
3089
3854
4449
1412
3792
2811
129
2624
2065
2489
723
1716
2422
88
1777
825
2421
2979
1834
2182
620
1692
2914
1268
4194
3367
2516
1292
3629
753
5142
2964
2729
2147
4744
5002
3051
1809
219
2625
2021
4604
1459
1411
4104
633
4597
2851
71
2259
3593
4271
4372
96
2117
3896
5167
2010
1911
2151
4891
2212
2939
2607
2631
2722
890
2350
3908
5154
3335
2338
275
4752
2071
1191
4184
2895
1381
4510
2221
4315
4683
3846
4874
1439
4199
1538
2627
2783
1860
3152
5314
3877
356
5325
4557
2782
559
3221
3494
4755
2271
4670
3891
2832
2589
1661
4801
5352
1238
2317
3339
692
5414
5006
134
5064
1436
737
4585
2136
398
117
1643
1548
3292
1801
3706
238
4370
3172
81
1009
3161
3338
1721
1200
4265
3208
2992
1862
4157
3832
784
3710
5023
4794
2340
3010
1554
3829
427
5036
2532
607
19
2612
3126
3695
3380
1750
2837
4332
2323
2999
844
2363
1429
1049
454
2644
2296
3025
458
4921
5244
1151
439
4041
5427
4231
5133
2066
4207
4791
4841
756
2447
2524
678
1110
3066
2754
119
2675
4141
2628
1449
87
2883
5029
4716
4804
3703
4910
2097
4277
4434
2539
2680
2903
5135
269
3876
413
4708
118
4822
2244
1274
1091
4642
3833
5402
4872
5293
1890
4835
371
2039
4066
2834
2744
2170
5155
5239
2678
3107
3545
4782
2360
3777
2514
1852
4024
4966
5021
709
4030
4624
845
2775
619
3911
167
1405
3836
1909
2435
615
5128
4087
16
177
980
664
2908
5131
4029
762
3657
1949
1773
2322
5310
1788
414
2412
4405
5177
2228
599
1881
1496
2609
1632
1321
3138
1582
3528
4401
482
593
330
3653
5415
2321
577
1471
4565
1818
4366
3555
3398
4044
535
4669
1045
2473
3453
2967
832
165
1059
4474
2274
653
1175
3581
1497
2499
3914
728
2000
211
3093
2111
4096
499
4344
5080
1201
3303
114
296
2365
846
5027
2190
1331
4995
2764
904
2668
4563
2647
3821
1912
4850
72
959
4578
2575
3249
5144
1558
3713
2324
2184
4135
5062
4441
2681
1232
4820
5129
2382
204
3718
1462
342
162
4050
4969
3151
2894
1545
2968
4196
4998
2410
3276
4369
3215
2704
2276
5101
2926
942
3195
4080
926
5109
3919
1529
5178
5413
3008
4928
4663
3532
601
3892
2671
232
2554
2578
2697
3105
3802
1342
1146
3524
5195
2696
5175
4109
2501
3709
4520
684
4740
3063
1500
3069
1756
1786
3286
1378
5160
5397
1767
2529
3676
1925
2891
2132
5054
5348
1979
3626
575
1484
4892
1494
925
3262
3033
1365
3693
2555
1730
2855
4725
4469
993
2635
3852
2427
711
3026
4564
478
857
1280
1701
4260
2791
1732
2900
3566
1830
1620
3312
4337
4286
2149
1787
36
3297
5238
1087
3200
5246
1265
4222
1993
828
395
892
93
2994
1221
800
1819
3890
3733
5081
1220
1933
4770
68
2770
5051
3055
405
526
3045
3384
1673
4735
2758
2158
2630
2503
188
83
690
139
4010
970
2112
2265
4402
3956
4741
274
2813
3654
1290
3924
3830
2327
5063
2387
2089
450
2769
1281
4317
1653
4916
108
4063
5058
3888
4110
276
1105
1063
4994
4246
1918
4824
1731
4840
5241
1245
1409
1008
3789
372
2808
1759
2874
5114
3850
1513
3037
3945
3343
613
1986
5095
4261
3861
2245
4553
3894
4876
547
2666
5324
3870
432
2718
573
4485
302
4886
2108
4536
3182
3489
629
5183
2481
3372
534
3681
191
2201
3144
4188
5093
1854
2629
2933
3158
1762
4408
2009
963
265
5224
2237
940
869
1137
3769
3401
419
184
4974
4290
3115
3868
2519
4909
4531
5286
252
1162
3806
751
5076
3975
643
4466
312
2705
4008
2508
2582
255
3233
1380
1038
4771
5231
46
380
2076
3347
141
4176
2080
4001
3840
792
1677
3454
3442
1307
193
326
3385
4072
1322
3898
5405
623
3153
647
1574
2377
2353
3969
2902
59
126
4701
495
4378
546
2110
2366
860
3943
5261
4518
5107
224
11
3362
1935
2109
4522
915
5014
3906
5188
3872
1284
2779
4939
542
3866
3972
1121
778
1873
3768
3420
1442
2881
1930
1332
4634
2773
3406
3370
872
3515
3807
2859
4959
3918
1440
1077
791
4545
4264
4890
3612
587
1736
1075
3549
2655
2610
3564
5423
1164
2023
4000
3103
2690
2349
3645
2070
2465
2285
958
4091
5267
5197
120
1655
4017
2055
4702
4342
2480
4537
3460
2320
4534
3097
1288
3147
1824
2950
4273
5403
3471
316
1913
2445
2307
3256
1393
2045
978
5386
2005
3140
3643
3432
985
3790
1161
3843
1215
2342
4763
259
420
50
4403
1185
4575
3048
48
1126
2750
1136
2380
4145
1261
357
5273
2003
933
2573
1243
2469
3038
2219
5409
32
1556
1026
364
4893
5015
1259
2216
3246
3929
392
2759
1272
4328
4450
2142
1766
3784
1621
5139
3349
5079
4219
3700
1140
2370
5087
4515
563
3539
5198
3824
596
2405
3478
3631
2015
4345
3046
4556
4305
1506
2822
5271
5138
2173
4462
836
2676
4677
4935
310
1434
28
1774
4410
1931
3266
3742
2281
1875
4238
5217
4477
2139
1839
4368
196
1823
377
2672
2847
4361
2282
5163
4250
1199
1390
412
2413
719
1005
568
5396
3745
3902
2470
2437
2613
1722
951
968
1719
2474
1219
3831
1600
630
3354
1060
2290
3003
3163
4777
1857
2053
1799
2553
3764
3196
1871
1489
2404
770
1510
3848
1455
4514
5001
1534
1296
2383
3281
3534
3225
600
3715
945
228
1214
1438
2409
521
3023
1228
5291
2742
90
5140
1336
3557
1031
2748
2407
1226
5384
917
3391
2098
4619
5422
3400
5016
3640
855
3669
4426
1628
3600
2180
950
810
1965
4311
1599
1014
2373
2428
3856
2120
2931
3463
797
5406
4257
4788
2995
850
2520
765
2134
4506
5068
2843
5326
2036
1617
1977
3131
2440
5255
1982
4225
4976
992
2401
1883
3897
4042
2238
1159
1204
4746
41
3344
669
989
965
1257
962
4799
2204
2884
2001
4737
2780
3680
5162
3529
5233
2563
1485
453
4127
183
3317
4026
1733
2022
2393
4747
5149
722
1325
80
490
1183
4577
1371
449
1583
1989
4319
5358
5349
20
1908
2100
1107
4731
947
4389
3392
5200
2485
5370
2951
1729
1112
871
3407
4743
221
5185
4793
4475
244
3234
333
1205
4177
297
885
111
4430
2530
1796
3324
89
2343
1034
3731
955
551
2291
523
112
2012
5260
3795
4471
3980
1841
2449
969
5302
2778
4870
2577
3991
2543
1423
4750
2989
3495
2969
2188
1638
3137
5166
3443
1154
4262
4678
2263
748
2713
422
4388
2821
4525
4922
2958
528
5113
3586
3210
552
4349
3596
4895
2719
2283
5147
3072
1122
937
4387
1898
4828
922
3388
4962
1640
298
2074
4865
2997
4206
4190
339
3871
2806
1501
1780
2364
4778
5100
4955
4040
299
1675
267
1938
3428
281
3913
1522
2303
4559
632
2233
4766
519
2345
646
1135
3697
5359
3939
2965
3632
1651
1662
1742
1886
4057
4951
5319
1231
3865
3955
856
2223
329
1317
1036
307
140
1419
2471
4482
5212
1468
121
