919
3192
1277
654
69
303
1842
2904
2364
2446
2955
1927
3754
429
386
2574
2432
796
2847
2474
3131
1836
3026
42
417
766
3922
2270
85
1040
1694
275
2683
1435
3453
3718
2175
3853
2430
1448
1338
4007
2570
113
2720
3777
2301
3321
2340
1857
2679
2235
1884
1684
2785
1216
1866
3885
750
2400
3137
517
2810
1336
1743
3823
2875
29
1714
2173
3534
203
2564
670
1970
2619
791
2417
3707
4024
2508
2189
578
3639
3876
4018
607
3225
1803
3369
2395
1308
2137
2449
1385
1031
2269
3199
2088
258
2578
1217
855
3519
1690
3404
508
2764
4015
3255
4031
1386
3401
3441
2413
1980
2863
1659
2623
1788
1796
363
1231
3122
1256
2924
1141
2037
2525
2867
2984
3849
2481
1949
3763
3828
3223
1518
3188
2544
3914
3723
947
3814
842
426
3759
1357
544
3737
2819
3282
3595
1103
3247
1815
2983
2883
1466
2934
1230
3051
155
1611
656
362
459
1993
2982
424
1564
1074
125
1524
2076
1716
765
1032
3046
3013
3440
1278
2640
1363
1408
1057
2468
3896
3415
4030
223
811
2017
2465
1111
895
3536
491
2687
2127
2969
2980
276
1792
3517
4059
48
376
190
2018
3024
3733
1630
1807
3489
2881
1710
1037
971
1145
987
3969
3761
2753
2583
3746
2083
1035
1253
3177
603
2327
1078
1616
3346
1651
1297
290
1489
318
1795
1637
22
3938
2877
1052
3140
2890
2134
4084
295
557
427
260
1722
3428
3457
3831
3838
1570
653
2283
1990
1159
3068
2274
3611
1737
1968
102
1225
105
4104
2407
3481
348
411
3108
3236
1791
1948
2979
1677
889
4101
300
2653
158
2099
1022
1811
344
1699
1895
1998
762
4047
2771
1143
2878
2489
1859
3387
1335
3285
873
1409
982
2029
2249
1607
1304
2030
1098
728
2241
4082
3747
3145
3708
594
1388
810
118
1801
2486
498
2522
1272
1674
2965
28
1829
2310
285
4058
2568
3869
2873
2490
120
4049
552
1396
2866
538
345
2784
573
702
1358
3293
2625
1976
744
3572
1298
624
1706
2193
3065
251
127
2155
2138
1917
3047
2086
1323
3081
3004
1091
3919
2733
3399
1609
1332
4036
991
935
2248
3458
239
1923
3008
2102
1620
1371
1487
2345
1290
1454
577
502
3660
41
725
1166
374
111
305
2605
281
3210
2002
3148
1550
928
3566
1114
1692
3985
3253
1668
1698
3277
1094
2645
134
1798
843
1270
2205
3990
3891
4103
737
434
2516
1901
487
2948
3464
2647
3653
2290
2420
1133
962
2859
636
1587
3469
904
3038
2390
3027
195
3120
3981
3159
1562
3130
1462
1751
3714
3829
2684
2160
543
1186
121
2635
93
2762
2893
1574
2210
858
3308
1376
2360
2591
2435
626
2838
439
3882
1496
3476
859
2347
726
1289
368
4086
1937
3803
4066
1325
3503
717
1164
2342
1206
1000
2766
597
3676
3941
711
2215
2749
2377
615
391
3467
831
1755
2855
841
3433
3510
2844
3396
3183
2736
1639
3890
2671
2616
2485
1789
1733
2860
1311
6
174
990
3212
2528
1283
165
1820
2012
3294
3221
358
2487
482
1508
640
1912
551
1712
3411
3691
3097
2537
993
2289
506
2546
695
633
2988
1119
825
1233
2427
1375
1545
1276
3459
3625
315
106
4039
2437
1142
1346
3031
2654
2820
322
1656
2060
3997
3060
1933
2242
1786
4010
3239
3757
3804
1427
2599
1324
2258
3184
3128
3420
3636
3352
2307
4108
1664
3372
3961
274
478
3149
1207
1536
3596
1862
1879
1366
2318
1246
685
1036
2716
3598
2585
2463
2669
1540
3070
2554
2455
1328
3291
646
1580
231
2458
2960
541
2763
2724
3166
699
3993
2260
1597
1930
708
2073
2740
676
2222
2145
761
2167
3286
1065
1938
3187
267
537
1772
2670
2596
3410
3597
2691
3335
4068
3390
868
3066
3920
625
3522
3696
2136
1241
3258
3001
12
2436
2049
3847
1617
2162
1027
2396
64
49
4072
3209
745
1549
3034
1317
72
1220
1479
2660
3905
3631
1486
2808
2350
1929
2730
1428
232
2380
2442
1577
3545
3796
1377
3554
1853
1235
1793
2902
1868
3049
3851
2387
2334
3124
3585
975
703
2285
1771
1893
1514
1882
66
2036
2142
1215
3742
1997
1070
4090
4061
3386
1121
967
1214
2899
1071
415
2389
3048
2942
785
194
879
536
2549
916
3724
3397
1626
664
1452
3037
2524
3706
2756
3600
446
749
3758
2132
3684
3216
3848
1591
3921
1309
1658
3785
3035
1072
3567
735
691
593
2938
481
780
1769
3138
3470
2108
864
222
3518
2297
16
122
3304
869
598
1299
2777
863
1615
579
3727
1437
2265
3855
479
2694
278
1861
2718
1702
3870
3214
1546
3508
1850
496
1218
969
1088
3127
1457
154
2087
456
2933
3310
2555
3465
1602
560
1252
813
188
572
4092
35
673
3180
739
1825
2649
1125
2804
1099
1282
2721
2918
3655
2492
2892
2405
20
674
2996
2930
1902
3972
1026
291
3495
731
3215
402
1657
98
878
2170
3952
1936
3932
1645
3424
778
2926
2802
2850
2219
1158
2239
821
1527
3960
2796
3703
2046
2886
2937
2201
534
1453
556
2494
419
2053
852
406
952
2072
2009
2154
469
954
1391
2163
324
1086
1108
618
1542
2791
727
2745
2548
1039
214
899
3233
2695
3788
3106
293
312
3771
3547
3563
3939
564
2870
2104
2121
3635
3824
44
1736
3704
2798
1592
97
81
410
3384
398
131
1017
3383
2507
2760
450
1139
1249
3344
1877
2790
2624
3059
3807
3242
2445
2110
78
485
226
428
1287
1711
3158
1754
1394
1856
1806
2945
1260
4080
4051
1398
4081
4069
1634
3650
471
3901
1693
804
2678
1563
738
1102
2717
628
3836
3661
2538
2467
1832
3555
1678
1569
3377
1720
3766
1490
1327
2119
245
752
1837
1818
3270
722
3792
2651
3795
644
3582
2744
1194
1267
2331
1695
3207
2457
3751
3748
1681
937
1952
3018
3119
2511
2443
1618
1531
1182
2935
2824
3336
1753
2303
2775
1374
3146
2573
1222
3693
2710
1330
3878
2459
2954
2120
2484
3916
1596
940
1578
3979
1537
2267
416
33
1723
2304
2715
874
885
1470
3926
531
1192
2095
3893
2913
24
1511
539
3483
181
3328
1521
107
3768
2174
1259
561
1010
529
2469
1582
1501
2275
2482
1058
2329
1281
1734
513
595
3417
1724
3962
2509
2539
1342
2488
2084
2993
4
1362
242
3246
2422
588
2685
3324
1881
716
2094
331
1465
3354
288
2868
2424
1729
1782
1172
2929
1348
2594
229
2541
713
2045
1423
1170
2116
707
2196
1523
159
2502
3135
2601
3502
3394
3546
2849
1899
3837
771
2393
2182
3169
1302
1413
3702
2402
767
3899
3665
2962
2143
3516
3265
677
45
4022
3989
3436
1436
1372
1920
3101
3570
1439
175
3599
3098
956
2803
553
2158
2743
1588
2028
3315
1417
2627
2211
431
3531
2680
960
2967
3064
1312
455
408
2529
1400
263
1894
2794
945
3887
2000
3606
235
808
3589
2598
3017
922
1416
2964
2365
3020
3603
1045
309
773
474
355
3274
3266
200
138
215
1140
433
3801
3802
2801
2723
3622
3056
76
1830
3472
1007
591
2278
1874
896
4099
1430
1347
1730
2359
489
3797
3657
1221
3928
3918
3832
1051
1557
3783
3136
2970
1161
3238
3613
1852
3050
1484
1449
1137
4012
146
1292
959
1024
1341
2185
3069
3407
955
1089
346
1447
2126
221
1463
457
1401
4038
4028
909
4032
3485
3474
1958
657
259
3815
2628
754
1802
627
2476
1849
2217
2415
1020
4029
965
3104
2864
1478
3134
2872
3915
973
3030
2055
179
2111
1337
3203
3790
521
1567
724
997
2606
65
1584
3109
1845
3735
1405
753
1258
1922
1847
2164
454
1741
468
1860
1482
3029
3040
1450
3213
2536
3946
1738
2702
2369
3664
2292
2608
237
3954
1356
1475
1080
1787
3556
3005
2368
2498
2696
1150
2726
3450
1251
1015
2675
511
3765
59
172
1424
2706
2107
3429
2005
634
3419
3559
176
2253
2
972
846
1421
490
1534
2674
1812
980
4050
3668
230
3908
1826
2817
243
3019
462
2314
2109
3842
1768
3123
3430
384
1627
604
2412
3627
2057
3395
484
2353
1979
1732
621
423
110
2499
3892
1383
3249
2641
89
3422
3571
375
2853
1760
2765
438
2438
616
617
1679
2953
2335
1713
1055
397
441
1460
984
1236
4074
798
2144
1589
2557
137
3877
3312
1987
3820
3141
2019
793
1880
2569
2460
1939
704
1429
3402
1985
1044
1265
736
3355
8
3948
1883
472
3361
1397
3991
169
2752
2972
2813
1943
308
1903
3129
3392
2394
4016
3779
3273
3202
1042
2869
1395
1474
1809
2358
1561
1093
2385
1833
1641
740
1169
123
2650
1461
887
3164
1012
2551
340
390
1050
3782
185
2697
3840
3358
145
1177
320
755
2195
467
3302
777
3835
3773
3535
3307
4109
836
3995
3367
1122
768
2910
2848
622
1406
2582
775
3147
1897
2985
1864
395
1488
734
2746
241
3475
1568
3507
2299
3561
2900
1896
1697
2579
1918
1293
1412
4048
4073
3173
757
1306
1878
1581
2590
3297
540
1821
1390
934
68
189
2473
930
875
3721
929
1631
970
2774
732
824
3292
3118
339
1165
2729
3280
1762
1011
1029
3100
436
1113
648
3671
2842
2588
2181
130
307
1469
1116
3360
1971
1504
2728
2711
1067
3368
667
2818
3339
995
497
2806
1804
296
270
4008
2075
2330
1076
367
407
710
3126
2054
546
994
1761
3327
1023
2811
2882
2117
2409
2323
2004
206
1264
2313
2454
2889
418
602
783
3624
3468
3862
1090
1184
838
3271
1934
2932
1109
2783
1196
1497
1263
414
3898
255
2052
3317
2300
1746
642
2612
2727
2341
2722
3028
3150
535
549
167
2990
220
2703
3234
948
917
580
3907
2991
1996
1477
1105
87
4079
2812
2434
2827
567
1502
528
4014
3143
1322
1636
3863
404
709
2920
452
1201
228
1431
2770
3881
183
3520
1528
3873
1365
1266
912
1652
1718
3550
2761
701
3700
2216
4027
3044
287
596
3730
898
694
1551
4055
1819
2320
254
4064
1945
55
3857
658
2496
1202
2100
3699
2288
4053
3333
2092
430
1320
306
3669
2147
938
789
1200
1606
1115
569
2082
4044
992
3514
2658
1725
2795
3095
1925
1625
3379
2925
1354
1834
1359
3764
170
2440
3371
3343
1824
860
693
1442
1082
3325
3276
3455
1144
3645
630
2337
1992
3022
2709
1926
651
4000
3393
568
1130
2063
958
1672
2974
319
3810
3817
2332
1831
1014
1748
3002
2411
3200
533
1224
830
872
3731
1162
3634
144
1808
764
325
3767
3000
3186
1638
3800
2225
3074
2414
2040
3092
631
4106
3666
2567
3479
3937
718
2349
2421
2023
3157
565
2835
3477
1013
236
2698
918
1585
99
2191
3142
3237
166
3577
3539
182
1204
2261
705
554
3753
3256
3096
2064
3480
1605
655
3278
3854
2245
839
1001
3284
3967
4078
3438
264
690
2620
1307
1333
3063
3786
3412
4077
649
9
3850
1495
126
3789
1353
1269
394
3174
1666
43
2089
3998
2629
2206
645
4098
2240
1472
1822
3511
3139
4100
2257
2374
3692
1185
3542
1229
1191
168
545
2558
3348
1136
128
359
883
698
3715
2978
3077
1749
2177
3822
2607
1152
413
3403
385
1300
3564
2973
2363
2941
3232
2648
3012
1721
2779
75
2125
2888
3826
253
432
247
380
1643
1964
2879
2139
881
3648
2361
3652
396
559
470
2609
2769
840
1961
968
3185
1005
586
1544
3729
741
3544
1339
2426
3326
353
3670
91
1237
2479
3776
2475
2281
60
1033
494
1083
3172
3112
2865
3833
337
1519
1410
104
4020
2912
983
663
2571
90
2038
2113
2483
1286
3618
3994
1764
412
3805
1989
2858
2688
4107
3449
3888
1619
1516
2404
2246
2050
1981
2987
10
1018
659
3240
3527
3839
1019
1669
2515
2652
1613
2221
1765
2517
1291
3171
32
2704
3196
1687
680
518
160
1682
2074
3165
2636
2815
3607
460
641
1914
806
2856
1043
3968
3205
3935
1006
2031
3248
2070
3370
706
3505
3987
2841
3460
3473
3682
2386
3359
100
2531
3930
3426
1510
1163
192
2901
488
3432
4042
2112
1770
1340
3231
1190
2305
3591
3642
157
140
877
2356
951
86
3269
4046
492
3006
1740
3552
1683
1535
1084
3726
3681
1935
2294
2976
3680
1210
1959
2885
1343
1565
2399
56
3616
1021
3405
2781
2478
3160
1576
3697
1393
341
647
3226
2575
3075
3526
3300
2956
1153
679
3437
999
2194
2503
1468
1756
2333
3319
2433
3385
74
3515
3067
2259
2061
927
2731
370
3672
3806
953
3264
1262
3478
3675
3496
660
4026
687
4063
2115
3958
1334
27
1443
2552
4060
3605
3738
3695
94
1112
2788
570
1061
1526
3716
507
3400
2876
1663
3461
941
3349
2837
2168
2545
906
1227
338
3329
3927
1193
2032
3794
681
2273
2626
3259
201
1973
1956
2068
4003
1403
248
2757
2911
444
2927
1063
520
2646
3874
786
1583
3811
2351
519
280
2444
17
505
815
2403
3712
2324
3356
792
714
921
2639
2532
284
3568
2550
3195
1129
1839
302
893
2823
2133
3452
3055
387
989
2510
2887
3490
1059
2085
3318
503
3334
2367
3107
2302
377
925
1548
2079
440
1840
2690
3080
3685
795
2128
1867
310
2828
3762
3289
720
1053
3045
3910
2317
817
2214
2379
3023
2780
2448
3774
199
326
1418
3574
2829
525
2971
936
1049
3895
445
3125
1480
828
257
2662
524
2854
3115
3864
620
3592
2236
4091
2597
976
1223
1810
88
1360
3287
2940
193
495
2378
1369
3852
1972
2287
1344
2152
890
1843
2622
475
3251
2693
2026
3351
314
3350
2097
171
3940
2264
2124
819
3357
733
2677
985
880
2547
3032
3178
2672
1680
1483
3365
3217
2366
3347
2392
2755
2617
1700
730
3509
499
2001
1707
1886
1
2778
650
1869
1915
1872
2725
117
2383
3604
908
3
2673
1373
3382
1305
1128
2251
2056
779
3295
876
3204
133
2614
2326
799
1566
978
1838
884
483
2015
3778
3427
907
3111
317
1559
2657
3906
388
3071
1624
3114
2077
3964
2202
3903
46
304
1560
421
2832
2013
2734
2735
3694
399
3904
3983
4017
3956
63
2453
2208
1827
2376
2370
1910
3227
1635
2681
3745
3736
2897
2707
392
2495
2114
2668
2559
900
902
848
1675
729
4071
2309
1368
217
861
1932
723
4093
2542
1590
3245
4096
2266
2584
2526
2667
186
964
3144
2767
1245
350
920
4067
2862
1924
2664
2916
1095
834
3208
3710
1279
2419
697
1118
119
3197
3608
373
1876
1541
3306
2296
854
2090
3373
3808
3581
2153
3444
1778
605
1739
249
2371
3925
1708
1983
2344
3999
3015
1081
265
73
897
2759
1189
2807
1688
3434
3471
1378
1995
530
3593
1422
3283
1525
2312
2907
3263
3944
1556
3463
2268
2319
2047
1794
1623
3528
1425
3860
759
2406
1316
3156
349
2997
542
1134
3084
3683
3654
837
360
1148
504
4083
361
1538
187
2968
2244
473
2906
2931
1660
3198
3296
2713
1499
3586
608
566
1157
39
1628
3298
532
1301
486
974
364
1673
581
3036
961
451
1950
3206
2391
3846
2535
1735
3809
2140
3378
3523
867
1426
926
2957
1916
2048
2149
2737
1097
1947
352
816
1160
2418
1367
2362
3053
3521
1911
2563
3220
480
4002
3955
2565
2470
2851
129
1790
1705
820
2006
1228
115
1982
1132
1284
1978
665
1056
2373
1813
2291
3176
2480
2035
177
2747
1085
2471
563
2171
2346
1104
1747
3909
682
1127
871
84
1552
1318
3175
3089
3978
2493
211
939
2738
914
435
2665
3619
949
343
719
163
844
2497
1505
3493
3499
1662
3243
1633
3162
1951
1974
2631
3656
4025
173
3827
3388
2003
2580
2293
2156
3900
853
1646
1062
1319
1275
1232
2523
3121
266
4021
476
1966
2603
3189
3272
3033
3085
2602
3016
54
3086
3091
2450
1445
3076
2776
3933
2999
514
1003
2741
3170
1064
2224
101
1250
911
1459
3087
1174
2382
2682
330
1155
3492
1261
1315
2034
148
832
3082
2809
1719
1274
1420
365
3662
2634
3659
240
1498
903
1900
3651
3409
635
96
1558
3886
366
301
1759
282
2098
1647
915
2131
3755
2431
3102
3728
2306
2610
3406
409
3677
135
1865
329
1717
298
1994
1493
286
3090
835
1522
2500
957
809
1908
3717
3538
3447
2231
4057
1676
4097
3181
3583
3462
327
2161
3500
1891
1506
1984
389
3537
4041
191
910
124
2230
3602
3970
1239
3875
2199
382
574
1329
3562
2408
2632
47
3612
1458
3594
31
3364
4094
2247
3431
1178
184
1350
2714
2700
1171
2782
1101
3601
3951
1404
3816
3791
334
2212
2071
998
746
1640
2986
116
149
669
3224
2839
1503
2822
279
3689
1154
2227
3484
453
600
156
2949
3705
180
1226
207
1069
1389
1500
2950
2277
1946
1962
818
2093
678
2587
2831
1110
3525
3609
197
2123
643
1176
3565
3211
2826
3052
1257
2065
4052
1805
3448
3623
758
3530
400
2534
781
1841
2572
3532
2644
3868
1351
3897
2388
3781
3973
2786
3486
205
1433
790
2011
82
2456
1642
822
4054
3859
3982
323
2909
2506
372
2423
3491
1763
139
3830
3913
2237
3722
2141
3793
1135
2896
2995
5
1957
2505
3711
829
1689
4033
1038
3640
3506
4095
3690
1731
2977
3667
3072
152
3760
37
614
1944
523
13
1539
609
1665
637
1844
1381
891
178
2279
2816
2255
977
1197
1671
1954
1650
3784
4075
3996
2157
3257
1532
571
882
3688
1147
1941
147
3099
2252
1096
986
1117
1280
2044
2699
2519
2078
1379
3155
2577
1485
2959
0
2830
1247
2043
1151
2280
4023
3154
2915
576
2452
3488
289
924
3739
3843
1817
742
4076
892
3011
2921
4105
662
3953
2207
3314
4087
1321
2799
1757
3423
464
3093
161
1612
2963
4056
1414
3741
3487
1303
2410
1967
2439
2518
1999
1208
2543
1715
1349
1517
143
2451
1595
3058
3626
3425
721
2051
2772
2917
1310
3311
1855
83
1909
3529
2701
3725
1797
2103
3435
1107
3687
2787
3451
3931
1696
2633
675
3268
2343
3834
3167
405
558
3110
2919
2943
3858
3446
2130
2375
3980
2271
1016
3322
2325
747
865
3061
1268
477
1776
1775
3250
328
1905
845
383
2840
1509
2067
748
2243
1889
2961
2429
805
652
847
3054
1419
3543
401
4019
923
3821
1054
244
584
2220
2637
3039
3743
2834
3043
3633
788
894
2712
2600
2642
250
2135
3228
632
2016
3772
1009
3856
3861
2176
3709
1572
3719
1411
2336
292
437
1823
2792
2903
1199
3720
2936
2958
2262
458
2758
668
3541
53
3942
802
2008
246
1520
3744
1603
3629
3575
3787
3548
77
3879
252
3003
2659
782
2203
3557
4102
606
448
1181
3331
261
2106
3866
2833
3971
2843
422
1195
3617
2562
1703
2586
1146
1126
1533
712
3281
4001
425
1092
1543
3244
3218
52
2643
3337
1179
3936
2129
224
963
3299
2159
2966
1655
2836
2428
3957
4037
2845
3799
2105
2024
1124
209
2461
3497
3254
1034
38
743
204
1123
2348
1345
2165
26
2751
1670
1243
2229
1219
763
1871
3770
1858
2234
151
3615
1773
11
979
3391
3332
442
599
2613
905
2338
2322
1455
692
3078
1380
3262
3573
1296
1025
1816
3883
3330
3984
2020
2187
1212
3374
2188
313
2286
2793
1432
2732
1294
2150
3342
58
3152
2179
3749
3679
862
1599
23
3009
3628
2384
3504
3780
1387
1621
67
2058
379
1513
447
1928
4013
3865
112
225
3949
2357
3103
562
354
3305
2520
1783
3560
2339
3190
1547
4070
3646
866
548
1180
40
1644
3222
3588
3340
4062
1784
639
2491
2748
2884
1491
2298
3902
1473
589
3193
611
851
351
2944
1728
1653
466
3698
2615
1073
2200
807
2533
550
2169
3630
2638
1919
3965
2190
787
3943
942
103
2101
162
2223
3151
4034
1464
2186
3088
2228
2425
4089
2566
2576
332
2852
2914
311
19
1767
2184
583
1991
2952
3191
3303
2069
1138
227
3073
1168
2232
3775
575
3841
1610
1654
2923
1758
2561
770
216
2197
1744
500
4043
2895
3884
61
760
2308
3872
1986
2527
2316
2397
2295
2256
3844
1604
2148
238
612
803
1361
3576
3549
1586
2630
2007
1661
1781
25
4085
3168
4011
3638
3966
2773
501
2922
1364
3845
833
3632
585
2226
1068
3133
1975
1898
2992
3580
1614
3678
3083
3674
2994
1441
1209
1648
613
1047
3992
2025
849
2805
996
1234
1273
3686
1575
3161
3105
3007
80
3812
1887
2401
347
944
2989
1120
463
715
3323
2663
2172
2504
1060
4065
547
2321
3301
2581
3644
51
2750
3734
1885
1384
1848
3466
3290
3442
2284
108
132
1492
2800
2416
443
3553
3057
2464
1240
1622
2592
601
3558
3494
3977
1244
3658
3959
689
271
1685
2560
700
1173
2080
1727
393
527
2151
3587
233
18
3443
1494
3614
587
1828
1799
1800
1629
1554
3924
2466
1777
1745
3313
316
966
3590
3116
3421
3649
3375
3621
2204
1451
3867
3701
2062
3408
297
1594
461
2355
1955
2540
1875
3923
3267
3260
1030
2039
857
1131
3309
3911
629
14
1906
2441
1188
1402
2686
2059
164
1704
1529
336
15
3540
3798
2676
2238
1326
1632
1965
2146
3252
1579
1846
198
2022
1149
369
3376
1573
784
3934
3194
2742
2198
3673
2513
3456
196
212
3756
333
2512
1198
2593
1187
4005
2027
3041
1370
2880
1913
2372
2213
7
1352
3366
509
1701
2218
2250
856
3498
1399
2797
1087
774
1507
2556
988
672
3021
1238
342
2021
2501
1242
1313
2263
3620
272
933
2894
3163
1254
3113
800
2821
1691
981
610
1213
2081
3389
3974
1785
3512
109
1726
95
684
2951
3117
3279
2768
1940
619
3381
92
1028
638
2398
886
2122
1392
3235
1750
1331
283
2192
769
2705
3079
3025
403
3345
623
1183
3584
1766
3482
1066
142
3713
1271
812
3230
3912
2939
294
3752
256
1649
2183
1481
4035
3182
3663
3380
210
2472
1203
3014
2891
4004
3201
3338
79
2825
3976
1863
2604
3818
1382
1407
661
2908
4088
2477
3819
273
1963
666
582
1977
3643
870
2447
3418
516
3945
3010
2209
2462
555
1851
1555
335
3647
1888
797
2689
277
371
3229
3894
1870
299
2789
449
526
1780
3986
2898
3769
2010
3578
1779
1008
3975
2553
814
931
1467
3398
1440
2655
136
3179
3929
888
1988
269
3416
3413
1921
3750
465
3641
827
381
913
3533
2719
1041
2998
2754
946
21
3950
357
1608
50
2521
1434
512
3241
218
2091
70
57
3341
1288
3871
2118
671
2033
2905
4040
420
3524
1709
3320
3353
268
1553
686
2611
1476
1106
2861
794
1446
3219
4009
2352
2166
3362
1969
3363
150
1077
1571
3316
3579
2846
1512
1667
3153
932
1456
1873
30
590
901
4006
1175
3963
2530
1156
3740
1004
36
1686
1100
3610
114
850
213
2975
696
3288
34
1438
1515
208
4045
71
3275
141
2621
772
1601
1415
321
2946
756
1598
1248
2666
2928
2595
1444
2739
1314
234
776
751
1960
1211
1167
2311
826
356
2857
3414
2874
2254
2066
823
202
1774
3825
2041
1205
1530
522
943
2282
3132
1355
3947
262
1600
2042
2589
3513
801
1892
1255
2381
2871
1835
3439
2354
2272
3889
2661
1048
950
3261
1953
2233
1752
62
592
1942
3988
2656
2947
3094
3445
3917
2178
1593
3062
2708
153
1079
2618
493
688
683
1904
1471
1002
2276
1854
3637
2014
1814
2814
1075
1742
1907
3501
2514
219
2180
2328
2692
510
1931
3454
3551
2981
3880
2315
515
1295
3732
1890
3813
2096
3042
3569
378
1285
1046
