319
3377
2172
2235
588
1116
946
2987
2841
1642
866
2496
286
1560
2348
1692
2675
253
167
3565
1047
1897
3025
321
2004
2539
285
3459
1322
2433
1011
3318
562
1279
1270
2577
1316
1579
2323
1507
219
499
3520
1819
2518
707
354
2591
356
3093
810
1469
1621
1495
1954
615
2092
1304
1207
3512
49
3493
2793
1914
1064
1037
472
1763
604
2911
1773
144
2972
2715
1553
3169
350
471
648
57
299
3128
3190
2860
1772
211
3390
1990
101
3199
3581
3357
2303
3405
1422
3498
3584
1849
2441
2882
1341
2020
1188
3241
2590
2174
1855
3232
584
1787
2655
1230
2927
999
2263
2082
1187
2574
897
353
2594
1123
170
1654
1171
352
3429
3253
1111
272
2447
1636
854
2329
25
1595
3134
969
1683
1657
2176
1424
3454
3141
2953
2861
590
2406
1132
2109
1936
1902
2361
45
1561
1464
130
2264
1074
428
1771
3250
1988
166
1199
134
1589
823
1652
2971
2403
1286
2837
1973
2584
1964
2215
828
2934
642
2600
156
681
3115
2364
2598
587
1486
2211
317
1839
703
902
1449
732
1224
463
1814
2317
2512
882
3564
3375
2568
70
1063
1130
2320
669
1458
3133
1963
987
603
849
116
3208
1118
853
684
730
445
1160
3058
3436
255
1907
1530
242
447
2991
1062
2182
2950
1206
1459
3178
248
2328
1890
449
3240
803
558
1078
464
2532
1134
1986
217
2266
2025
188
2691
3505
2483
2404
81
2346
967
2117
2136
1146
3544
3186
1082
2199
3195
3307
3229
2709
1713
1921
3518
3567
2387
2144
1548
422
3085
2001
3376
2469
3302
332
1576
932
2366
1397
2052
3028
142
2431
911
1821
1425
838
2700
1017
3335
3578
2140
2169
3261
1490
906
3279
2149
1903
98
1600
1909
2160
1823
2114
435
3490
364
1957
212
2632
3469
1528
301
1445
701
262
3372
1895
1830
355
2125
220
1847
1681
673
745
2191
2585
1194
792
667
3074
1058
2462
716
19
3387
1184
621
1371
244
388
1519
3235
2325
2359
1786
758
1254
3174
3116
1039
851
945
3492
3258
489
3464
649
2027
674
3067
2078
2643
1112
2424
952
1382
290
2726
2120
3063
3585
1729
2196
2306
2248
3475
1742
2644
2186
2847
1546
30
3394
2815
1191
1015
2920
796
1145
2394
2609
884
2276
112
1827
3488
643
3230
2304
251
666
1496
859
2766
598
2824
3076
868
2851
2629
1515
1181
2076
668
3408
3175
1053
425
3196
310
2429
418
2919
391
1451
1174
2905
79
1200
1421
1173
3266
2275
2870
3030
103
1616
129
1845
411
1761
1465
1999
1865
795
2316
1373
1329
3185
2161
2754
889
3482
197
903
2313
9
339
3566
14
414
988
3180
2305
366
3300
2371
177
2353
1293
444
3278
1605
3572
459
2762
575
2683
3423
279
1641
38
918
1568
1708
343
2223
3259
1758
844
281
85
1959
2490
2611
417
3248
1333
2647
2018
662
517
1416
561
2249
542
3192
727
1824
3187
1158
2872
2533
951
1693
225
1211
1041
1790
1697
1794
570
2015
2434
962
2706
2794
1793
1091
2410
3359
1993
2272
2807
2696
7
983
375
1950
2016
1898
2005
1884
1874
2130
2510
1129
233
3173
3507
526
298
1878
2504
1872
3441
95
1947
3360
1843
860
2552
3577
2488
1182
527
574
3188
2355
3522
1180
2942
502
3151
1
2035
1330
2622
442
2411
373
127
2887
2531
867
2566
2227
1661
3403
954
3212
2537
970
3130
2413
2481
567
383
2386
3332
2033
1748
3148
741
876
2119
2311
2733
2333
3547
2143
3545
3569
971
2666
2627
3385
864
1070
1844
365
812
2752
2549
2049
2556
1169
3222
2538
3316
1148
924
2194
722
291
1006
3153
1460
2192
723
73
1110
1226
3292
814
1155
2219
3203
2520
2271
185
2736
505
2735
620
64
1571
466
880
462
1603
1975
312
1408
1888
3234
1376
1372
2781
811
966
87
1846
2362
2206
237
461
1962
3113
173
58
2038
1564
1299
3197
1970
2970
2158
714
1090
1137
2127
843
599
2928
370
3513
2802
3037
59
2288
2640
3526
2772
205
35
1896
1161
2634
168
1768
2014
1383
2282
2252
2400
2707
247
1103
440
774
210
3246
2013
139
304
327
1608
978
1436
52
2550
2339
1027
1288
1690
831
2657
289
2449
155
2939
1538
269
330
2883
1331
1998
3198
258
1676
2603
2719
1797
1948
2267
2776
2519
2884
2395
1018
690
2048
2222
474
736
2589
2058
2204
818
1410
2954
2792
2779
1735
467
617
3239
3007
1154
907
3034
704
3138
2499
3573
1061
1388
305
534
3523
1886
3215
2030
2216
957
3099
2051
3161
1566
159
1841
680
2363
2936
2687
3181
2451
2814
1838
1032
273
521
3120
929
2863
456
3162
50
3193
268
1705
1860
2455
1209
125
3373
2806
1749
2343
1826
855
2621
1153
1277
3211
2956
2730
1368
2620
1658
731
1337
1261
1694
1649
2475
1308
2536
344
2867
3009
2417
1227
2070
2850
619
2637
3083
2516
3201
2848
1831
1867
1565
2236
3554
3342
2869
3453
1085
1852
1170
2925
1785
1414
3289
1268
819
569
943
1263
2000
1340
1026
1732
949
3038
1803
1640
738
636
288
3494
695
1588
1984
3299
2111
3349
1780
2412
263
1508
2795
2312
719
3210
927
2816
2423
1593
1917
1219
92
2446
2369
2889
162
3557
3267
1591
118
91
616
1781
606
1007
3051
3002
2605
513
3497
393
3541
1615
1810
1966
1267
3073
3005
2888
1456
1317
2492
552
2090
15
1108
2135
1710
2698
389
3217
2780
691
735
663
3301
2760
2944
2797
2526
2247
3103
683
605
2678
2467
1545
1066
554
174
3560
1152
3287
1203
3286
406
586
2886
1220
2122
801
955
3179
3016
2852
1792
2319
2336
921
1922
892
2517
3168
2105
1275
1925
1398
500
1014
3381
2213
1190
737
752
989
2096
1511
2485
2690
1494
2750
3450
2159
2471
1851
2596
3393
2480
172
72
3027
2646
2554
2352
1430
1599
1468
128
592
2054
3421
1107
1762
2085
54
3323
2918
1489
813
3221
2123
2656
925
180
661
361
3499
376
3282
318
2350
1233
2859
1801
2269
407
2877
2832
3066
2907
628
2332
2028
858
259
3401
2681
236
3124
1940
2891
515
196
1247
313
1303
2421
1670
2530
1521
1278
713
2973
1618
3045
2509
1870
1704
1419
2697
2642
646
998
1779
126
1033
1336
1525
1045
3020
700
863
1364
1714
2334
1689
3437
2340
1390
213
840
560
3417
2029
960
3040
86
1680
1952
612
3451
3163
1394
1380
3236
3080
3135
400
3351
1987
3298
1480
568
825
3410
2345
2420
2162
2996
1740
2926
3310
3363
645
654
734
1433
905
384
1251
1816
2662
516
1008
1631
481
1325
1343
1730
2833
1210
2157
2291
2740
1647
3532
573
614
2992
203
1660
633
2581
1472
1900
1760
2220
2790
1140
2660
2302
789
3000
2422
3313
3502
1861
2137
2322
1259
1059
2071
2083
934
2230
3380
2599
2819
2809
2661
2069
1578
3483
2389
3244
3284
1523
2947
2310
452
578
1991
3048
2952
1927
886
306
2909
1437
1473
199
1488
1805
3486
1996
2473
1467
443
387
2962
2968
1334
1319
2616
2168
1908
1010
1741
1536
883
349
947
345
2836
1315
207
3443
1269
579
2113
1294
1635
878
2050
1104
1379
1225
1384
2407
2630
469
3283
2963
2246
2044
3078
1409
158
3496
76
18
473
1264
2382
2614
250
1637
2708
2864
2785
2497
75
2937
2705
2414
899
888
169
2879
3306
1025
3438
565
3291
1281
3367
670
1201
83
2871
3392
1726
3338
2145
1295
2065
2586
664
678
3473
1069
1910
2985
152
3382
3059
555
538
2170
626
510
1698
1520
3166
1607
2347
1246
1327
2553
2232
2103
1135
3470
1417
1242
1734
3312
3326
1020
2805
1951
760
3328
2704
1361
809
2945
1625
2080
2466
1126
1585
2787
1743
94
993
1804
705
266
797
891
743
3528
1800
630
3293
161
759
147
65
254
1949
3533
2390
2617
3095
3506
2857
802
3345
1556
631
985
380
3330
2641
1453
1570
1822
2625
3430
687
458
1597
1377
1977
2165
3105
1555
1375
1978
3471
1744
3413
115
751
2360
2508
1157
1143
2193
1723
3061
1204
529
90
486
31
2875
1314
3036
3065
3546
937
47
2917
3257
2767
193
776
2990
711
1584
238
1298
1598
1506
3011
89
66
1767
1500
1147
3100
1245
1193
1036
1302
3525
413
3461
1457
1359
1073
509
300
2941
119
1941
540
2723
157
3155
3071
1338
3064
1933
720
3434
2665
1321
820
2474
3089
3109
2448
3231
3042
2610
120
1563
3389
1229
276
885
2401
1686
2493
2200
2007
3123
3165
1339
2458
656
1725
223
608
179
3072
3568
506
2314
887
3145
436
3356
1937
488
2922
191
1932
1002
1079
3321
1186
1477
976
2547
1241
2298
1712
1455
1718
1427
2218
1868
346
2639
2638
672
2948
206
3463
2578
1479
3019
3406
1136
2835
1097
994
2077
996
815
3126
234
768
546
2898
1853
3448
1156
131
2385
1043
2242
178
1926
2098
2689
2324
1719
3092
3084
2341
559
2307
3529
2830
386
2198
3125
2514
2635
1253
357
2459
3424
3521
2321
2281
679
3117
979
1918
3012
2846
337
1756
2244
1029
2205
2299
1131
3337
1776
600
1751
2505
1944
1351
2017
2995
1864
781
2057
3479
1534
2408
2203
2487
3420
3140
2147
1250
721
3053
1893
224
1828
423
904
557
3539
2695
2782
1128
2997
1818
912
1582
1544
3296
938
1234
3280
2716
3090
2618
2349
865
3476
3288
3160
1880
232
2253
277
1117
964
1737
3228
609
3157
3265
1038
3309
1197
2527
1435
3416
2749
3189
3466
1271
246
426
2034
3542
1060
1272
2522
1461
1260
763
1022
833
726
1391
2651
140
928
2783
82
544
595
1387
3255
1633
1547
2569
257
2560
1894
1185
1028
216
1407
2409
2731
1650
3527
1172
3555
3021
154
2741
1257
1474
2026
1558
1829
2261
2374
55
478
3290
948
231
2983
1567
2588
874
2243
895
1162
1236
2980
2862
1404
3262
148
2356
12
2392
784
2989
1196
1413
295
3043
104
190
3431
1086
175
2482
1065
377
2354
1442
1335
623
490
1369
1127
1630
1176
1318
1205
3218
2210
837
910
3447
4
1632
32
871
2669
2546
1695
1212
1328
2761
2402
852
2742
1502
2535
2676
2645
1262
634
1974
686
959
195
2031
1587
2628
3519
453
2207
2615
2476
1055
2788
1177
2342
2562
710
2994
2373
2047
1165
1675
1812
2885
2631
1289
183
271
3131
429
3576
2897
2327
3509
2668
2904
1967
594
2895
3264
1811
2380
3263
1677
374
3277
2061
1989
2486
3046
109
1638
3
1516
1222
3010
2515
3398
1518
503
2308
202
1717
2672
2778
2737
733
2185
3172
71
2796
1540
1813
1668
2975
3552
468
1092
1399
613
1432
1684
1770
296
2094
1869
1971
2838
1583
1817
137
1883
3333
3446
1183
2079
3399
3214
171
2751
3268
1777
84
1679
965
320
2856
3176
409
1122
1671
2330
3570
432
48
1549
117
3156
1120
1667
688
935
1050
2981
2056
2784
1876
1228
778
3388
1691
3414
1448
2913
3013
715
494
2940
2801
1077
2511
2601
3325
3508
706
1439
3220
1068
2876
2295
1899
2525
433
1044
3069
2529
2357
270
543
2664
2268
1575
2501
1100
315
1350
2653
2177
3551
1656
1463
1619
834
580
3252
1285
772
3556
3563
2649
2758
2241
2197
164
3537
1347
3271
808
909
483
981
3435
799
908
583
2849
1403
1075
99
537
264
1628
3457
1481
1916
593
2187
1731
1429
3439
2118
3400
160
1031
1412
507
2878
3411
3098
228
1703
1256
2055
3378
2663
2803
424
2154
2115
1114
186
3223
1332
2012
2043
3314
1362
914
88
2010
3445
480
282
308
493
80
1806
611
1378
2383
709
358
3511
3256
3455
2225
3132
1738
821
1428
941
2564
824
3269
3467
2853
893
1346
805
2365
2965
2682
2255
3538
3428
1089
2068
1000
3001
2528
1012
3531
756
1815
2209
3504
396
1646
1048
2688
3365
995
702
2234
1594
1674
2376
1834
3418
2957
1094
3350
2960
2430
767
3534
151
2811
252
2166
399
826
2820
1083
3575
1218
1248
2789
1013
2587
3480
790
3422
2254
2727
829
2463
1696
1499
2388
3182
3054
3226
56
1406
2829
1994
1024
2765
2142
696
2725
1873
3062
2024
3026
930
3374
3481
36
591
187
2880
869
2139
182
265
3517
547
2438
1592
1901
2439
3088
2257
566
2595
744
1447
1655
1891
622
3432
1356
322
2685
1133
3159
2089
508
961
1644
401
451
2087
2679
3409
3068
3106
3144
3022
2929
362
3158
589
2443
1574
3041
2074
2494
3383
2881
2604
3472
302
3355
150
3150
1774
2769
2711
1919
1498
2693
2465
2274
1782
3580
3137
944
450
729
1367
431
1764
3503
2593
3352
1093
822
835
771
3341
806
597
1470
67
1961
2894
545
1189
3368
204
1881
2416
1913
2906
3224
1746
2116
1669
3077
1572
2823
788
1931
476
1431
3297
2729
267
2714
1255
1722
448
1046
1958
51
1441
875
2379
1405
1231
676
548
1265
1928
1532
2095
1672
2786
1624
519
2440
1213
528
2104
1514
2757
3227
3474
2540
2542
1972
1121
2146
2297
692
427
724
2108
2153
2686
2648
717
607
412
1754
1396
2764
1955
1178
816
2456
2309
2337
1195
3149
3075
340
1930
1573
975
3489
3468
2613
637
890
2284
3082
146
1344
96
2597
2300
1503
42
2576
2110
2998
16
765
359
984
2718
2491
1665
2479
836
2391
22
1217
334
1736
2367
2812
1098
1559
240
1935
2088
2468
512
3275
1249
1702
3079
194
1796
689
2624
2072
2984
329
3207
297
3327
1537
653
348
347
3213
2258
1976
2444
221
2717
2375
2484
2559
2579
1992
2571
3006
243
1291
39
757
1929
1501
2671
770
872
2036
1614
208
1274
227
1475
3558
3559
3152
2583
2684
3170
2747
496
3094
2228
3281
3553
74
533
2278
2260
62
1659
740
200
2112
392
1438
1080
69
3139
956
524
1142
2277
2817
1533
1360
2513
1266
2418
3249
2259
2701
1198
2608
2190
1766
2930
2710
78
2427
2702
753
2724
2572
439
492
2827
1030
3324
1840
2606
3495
1513
198
2221
378
2986
1466
1462
138
1802
2933
2932
249
624
2720
1820
1324
2059
936
827
1541
553
3086
2292
641
2318
1342
484
2658
754
779
2023
165
549
2495
2650
694
541
980
457
2060
3031
2368
644
2828
1374
1101
3317
1365
3370
201
793
3219
2903
2279
2798
3270
3419
2818
1687
1354
2296
2358
2148
336
3571
21
2890
3107
1159
991
1385
1808
2435
3209
1627
3204
3514
550
1836
1238
1639
1850
1040
933
3272
747
2924
2472
2062
1071
2181
2075
379
1673
922
986
879
1799
2066
1788
2873
3056
2270
3018
1492
1610
2214
331
398
26
2721
482
1113
13
2461
2212
1106
2565
303
958
2
2570
2949
3087
3251
460
3114
2800
1557
2982
113
2040
68
2943
3329
124
761
214
655
2745
2692
1243
1617
2141
3295
2775
2138
1807
342
1539
610
766
1306
940
1752
2573
485
712
659
2825
230
3146
1809
287
3129
8
371
2239
2755
769
2770
1239
3052
804
2126
881
3319
2791
3205
2286
1983
2164
1395
3097
37
901
915
2958
794
2728
1526
2774
420
2623
2979
1542
898
2399
3579
1223
2813
2002
1581
2238
3308
2189
1678
1651
3485
1685
1875
2946
2938
3112
2999
3384
369
2280
1586
132
817
2626
658
977
2045
3415
1313
2592
1728
1522
2521
1004
3501
2548
798
2134
20
953
896
1716
523
441
1942
2821
1487
1699
920
698
2081
2575
3425
1415
2478
2101
2896
2046
1141
102
403
3171
1144
2935
1179
34
1795
100
627
2636
397
2003
2902
2285
3033
143
3530
1358
764
111
2959
1543
2753
2845
3404
2384
2460
791
1042
576
522
2892
1664
2674
2293
2771
3254
3070
1945
2738
1755
1837
1366
3315
2799
292
3361
749
1352
870
2131
1370
2195
1440
2393
577
3247
1476
1310
1645
1084
0
1282
3515
1284
1982
2842
1355
29
1562
2901
1216
1072
501
2037
1915
2208
652
141
3491
1051
133
1995
43
2893
2722
97
1980
2273
324
1711
3167
1102
2544
341
368
3183
3562
1323
114
3305
635
33
3127
430
2084
651
382
3371
189
1662
226
2175
1099
2659
640
1168
750
1446
390
1139
455
1577
454
775
2377
572
3339
2498
3574
1151
2759
2229
2453
497
2534
2977
1423
1551
2436
1081
3143
1292
742
1482
136
63
3032
1164
477
1911
2124
2372
783
1510
1244
1240
2712
2810
105
176
3285
1393
564
1192
3433
6
372
2398
2804
3294
1150
3366
1709
1832
3452
1363
3184
1965
974
2167
2231
1892
725
1237
1067
3118
2121
1312
1825
571
2763
1905
2477
990
1783
1420
2450
2840
314
2489
405
2831
2768
2022
2703
3050
3191
1411
2128
1663
41
660
1401
2179
601
1221
782
3147
2734
1258
504
1115
192
1979
3536
11
1724
807
3047
2602
1357
1524
3121
2470
2561
2551
2914
3347
419
487
1009
1946
1019
530
3460
3060
2670
2967
1626
23
3334
531
163
3550
3407
1854
3276
2619
1509
2858
917
3344
1105
465
2106
535
2294
1784
3444
3096
1166
278
1215
2245
762
3561
786
53
982
2326
708
2541
2351
2173
275
2912
294
1307
1727
639
3008
992
1596
437
2916
2202
780
2151
3362
1953
3081
3102
511
60
3487
1623
3164
773
1923
1920
1604
2557
1021
2201
3304
2171
1739
2633
1643
2099
581
2011
1418
1389
3029
2844
2854
563
3023
1981
1721
3458
718
1096
2868
1550
2654
845
3039
1296
3142
1856
3237
325
2452
1443
2344
1175
3516
77
3322
1552
1666
1273
3426
61
1527
2133
3540
1939
632
5
3225
1491
309
997
2464
2041
1444
2315
919
1612
2064
697
2397
2256
2008
739
2250
2713
2523
3136
1700
1629
973
551
495
2808
2826
525
2021
1392
1452
2866
2224
1426
122
1634
121
832
787
2132
625
650
3358
2289
438
3119
351
2426
2240
1400
2226
1653
323
1497
245
2502
728
1859
1276
274
1835
3379
3442
3524
3154
2073
1483
923
2053
2396
894
1842
1450
2923
862
1214
536
1305
950
1202
3104
3440
1005
215
2694
931
1938
1750
520
3348
856
1054
2507
693
1707
410
1504
846
1326
3340
1602
3091
1493
2086
3242
408
2955
135
2732
1882
1035
1969
2699
17
2773
1386
3035
2988
1023
2155
3343
1434
1622
1287
2667
3549
107
2283
3015
40
1848
514
1778
1879
1124
149
2032
1034
963
2091
671
2457
3004
1745
2445
1968
106
27
3402
968
1985
2739
1609
1715
3206
260
2503
3260
1252
1119
209
2964
2287
3111
1167
2039
3582
2152
1757
2102
1701
3057
913
1789
3364
3477
1320
2335
1349
1348
498
239
261
2419
1163
1924
857
153
638
1290
1733
1887
748
1125
328
1877
1613
900
2677
2524
3017
475
2673
1309
3101
841
1885
1554
1478
2129
2217
3336
916
1960
24
1003
1471
2900
2743
675
2500
850
629
316
108
3003
665
2976
1943
1833
3510
2262
1775
3311
2961
1863
229
3391
2748
1049
1620
2839
755
3273
1454
2834
2680
2910
2744
2188
2931
877
1076
3354
307
2405
2652
699
2908
3122
1590
942
2093
1934
3478
1381
3353
1311
746
582
1087
28
3465
3456
2974
1052
2425
1997
1517
1402
2442
1871
3243
1057
3386
2006
647
256
1906
1956
2097
3024
415
402
2378
2865
3412
2100
1720
1569
926
3044
1531
847
284
1769
3216
241
2822
2567
3110
2183
2428
2555
3427
861
1606
602
518
3303
2756
2432
2107
1297
1232
470
2454
3202
2178
2370
2855
1529
2156
1601
123
3245
1149
3200
3484
1611
446
1688
2019
1682
2180
293
2543
618
3462
1345
1280
491
3397
2582
184
1088
46
1109
110
3049
3233
2978
2042
1889
283
394
3238
532
44
1535
3320
3500
416
1283
2612
218
3346
685
3369
2777
1858
2969
2290
3543
2233
1300
1095
3449
363
3331
2545
842
2607
777
2063
585
1235
3395
830
3535
404
1056
2966
800
2563
2746
1505
2580
2009
1759
2993
596
2251
3108
2558
972
1484
181
1580
385
839
3177
539
1862
2506
222
3014
3194
2301
1301
2915
1753
93
2150
1791
2921
939
479
1001
311
3548
848
1138
3055
395
3274
2338
556
873
1747
2437
2331
1866
2265
1512
1353
2163
1798
280
338
381
682
677
1706
2874
235
2237
1485
3396
2899
2415
1904
785
1912
421
2381
1208
367
1765
326
1648
2843
3583
657
2184
2067
10
360
145
434
2951
333
1016
1857
335
