3762
2434
4094
3798
1706
4336
2354
5267
1605
3329
4439
3682
4339
3384
2409
1682
4146
3890
2408
4048
5368
2027
840
979
1039
1435
4595
367
909
4701
4973
18
258
2590
1444
3426
3348
4646
730
615
940
167
4459
4085
4975
5126
57
2236
2075
5161
1310
2550
2014
118
3458
1186
2621
4350
3115
4070
2807
4476
1141
1506
5243
4250
1261
1040
3240
5414
4054
1146
2648
4860
654
4741
1297
1616
4106
3465
923
3908
75
2334
4374
657
996
1077
9
3936
4976
4134
3662
3439
3067
3665
396
3731
4759
2491
982
3917
2785
3987
1538
2257
1069
3646
5137
1354
4475
1389
3750
3325
2519
4398
3529
2169
2860
2292
4385
4636
5058
2196
3726
2618
4568
3760
2424
1719
1047
285
3311
1895
1557
1460
1148
3502
1544
4971
4312
434
3360
243
3463
5317
910
5144
3785
2407
1635
4368
1930
4638
5141
2724
4557
2976
5165
3355
3528
954
3973
4424
1684
3548
2514
2711
381
2541
4723
623
1400
4804
740
524
2216
2950
2214
2749
3836
2821
2771
4186
3795
608
3472
274
5410
3312
2084
3630
4221
3243
220
1308
2259
2599
2847
4746
4209
5013
508
640
2485
3980
4446
5034
3351
1830
1745
759
1131
5054
3681
4882
4306
5402
4641
2394
1909
2883
2331
3919
997
3182
4496
4068
5266
5318
1105
4894
2192
1859
3281
1550
2449
4822
5398
2516
1392
4857
4259
207
5167
4649
1656
1535
1565
1642
881
4793
3098
2677
4407
5111
2873
3481
5375
1735
5300
652
1168
4850
278
4639
2275
3578
1342
1281
4199
2396
2631
3063
3593
337
5405
3895
26
3577
4431
4036
4532
1711
5359
2680
2719
3564
639
60
499
450
860
2687
4910
736
2967
1194
2061
3079
4772
318
1502
4760
25
4637
64
3466
3408
4335
966
48
4782
1510
365
1792
3558
4022
828
732
1145
4834
3172
835
546
2965
1336
1335
1517
1500
3573
4898
1559
2303
2767
1436
2531
4541
5269
4051
375
3021
4056
4076
4583
3790
209
797
362
4058
3369
4055
1446
1808
4348
2112
3085
1164
3610
1264
1887
386
4067
4165
1600
2200
24
3828
5363
4756
2403
3440
3064
4391
401
2157
147
4816
2476
2892
3597
2764
4502
1941
3027
2798
2324
1645
727
1716
3442
4171
3257
559
3824
3587
2382
1883
5029
3152
4546
2048
2815
3781
1818
5121
3783
1620
4960
2757
1100
642
3586
2412
4523
1697
3316
4033
3180
1774
4241
4196
1595
4651
246
3504
3707
1476
2251
5265
1317
5156
3938
3821
3713
2266
3848
3556
4328
4799
4268
5323
2301
833
500
509
105
261
4253
2596
5007
698
2755
1640
3924
1780
3574
1415
1243
3076
3737
2552
2983
5282
1675
891
3489
2797
3600
256
4117
3732
2231
4671
1623
5129
1361
2518
765
1008
1042
2372
726
286
4050
1746
3453
3512
1099
4982
1402
2417
2006
4644
356
3664
4028
1017
644
4714
5301
5327
3992
4066
2058
3222
1646
4879
393
5235
2829
2863
2703
5087
1417
3561
2736
3797
461
2269
3764
5102
4488
1607
3849
4605
2020
3125
1058
3666
1757
5079
2939
218
5061
5067
3539
324
3242
1484
1891
3742
1320
4699
3575
1244
5226
2234
534
1822
2187
3935
355
1968
2710
2570
851
3278
5319
3110
3414
1493
2002
2805
2679
2358
3418
1260
385
1984
5001
422
3178
592
1499
1959
4202
4880
79
2104
2705
2366
3972
282
5101
1527
3777
2429
1031
314
295
1239
2318
2109
13
1082
482
2087
4297
4716
1577
3074
5203
3794
2810
2522
3001
3589
2113
2339
1423
2896
5009
1896
3773
2754
1180
1321
4604
987
898
3869
1707
4689
2065
3364
4966
1309
1775
2038
814
2758
514
229
2361
4990
5257
1678
5277
5385
2877
2335
2036
4478
3765
1986
2543
3814
1720
622
949
1034
571
3419
2441
4818
228
3816
3967
5272
4913
3171
266
263
4512
4084
5196
1853
3624
5008
4573
4113
699
590
3922
2855
929
2548
219
3758
3524
2064
747
485
425
4767
2180
2921
4007
4938
4603
2843
4598
4473
3050
2974
1541
4657
5337
96
1235
288
763
2097
3266
4534
1049
1227
4189
3536
2956
1343
4255
1329
5230
2315
4324
768
980
1014
1295
3676
313
855
5425
2284
3838
2176
2138
2069
4310
3510
934
4937
484
1854
842
2316
3148
525
1918
1257
3417
106
1081
4499
3236
3282
1958
3802
2007
3811
50
4556
1364
4118
189
3636
2676
1576
876
164
4983
3462
712
3913
4569
1377
1494
1447
2804
5284
4936
1206
2562
1470
4662
4831
3153
3946
2442
4166
4144
2333
3888
129
58
4032
656
2463
1396
1530
3625
1575
1917
3806
104
626
1218
1268
3380
3799
296
2928
2186
390
4761
4181
578
49
3866
3436
3720
1084
2060
3002
2597
3007
4928
1372
983
1976
2123
5307
4474
76
5308
2388
3492
1819
1704
2540
804
4802
970
2991
3416
1766
5198
2535
4226
1771
2428
4121
2405
107
990
303
2651
4228
567
2145
4675
5374
90
161
2887
3260
1251
4401
998
5083
5041
5334
1212
1375
2632
2337
4893
2255
3144
1345
2422
2182
1797
480
427
1758
4158
4286
1288
872
1365
137
255
1835
168
473
198
4560
4989
1633
2351
4464
1490
4843
1523
689
4527
5188
4851
301
435
2846
264
1916
224
2628
2197
1858
995
904
372
3553
971
2171
1977
3054
3522
3659
3284
5403
3570
815
4463
2900
1903
2665
3878
5049
4724
3813
5172
5268
300
37
4279
3945
1197
2875
760
4596
1824
2910
379
4809
1525
2146
3585
2779
673
4806
4855
5408
892
4813
1333
3339
2179
4278
411
4840
4272
45
359
2714
4702
1856
1946
3246
2164
2693
3399
3457
3328
2433
1648
728
2557
4730
3870
2080
4694
2577
2379
459
2411
602
4175
155
506
1298
2416
2451
4380
4874
888
5286
4214
3204
1736
1572
4485
5238
2225
3477
4137
2313
2977
1322
4562
363
3688
3588
3563
4680
4071
1269
2278
2059
3853
4327
3920
748
4797
3882
4852
4337
2917
507
3267
2240
374
5098
2893
3693
3049
3591
403
1862
439
4956
1786
4239
703
4687
2049
2641
4787
1826
4307
3111
4325
945
4635
2601
1225
3072
4615
4785
4683
3161
4965
3081
4616
2001
743
1128
4235
5429
159
4739
3748
878
3265
325
3562
2415
5299
2298
709
4197
2350
543
4367
5062
4205
5086
2934
4841
718
745
4706
4914
3567
5095
2536
2035
1507
1087
1770
2005
2791
1183
4006
4461
1599
2774
2276
1996
2400
3045
5004
1106
1027
4440
136
3334
1070
1574
4607
2250
44
5228
1041
3017
3993
4585
1062
856
1924
889
560
1311
2378
2866
2470
2837
3201
3227
1450
3991
4574
429
3431
3774
2410
4673
4563
3237
4551
21
865
1508
4100
3997
2105
985
89
5321
3961
1715
3396
2598
3985
3353
3873
2046
3449
4003
603
1045
1498
786
1492
4096
4483
95
1381
1497
2891
4900
1315
3122
3728
5289
4962
2162
339
849
4684
1832
4755
426
4142
3203
3669
5422
588
1942
906
3268
82
821
4187
3176
1301
5242
950
5313
3391
3244
3951
915
3770
4922
1861
4111
160
2795
1759
4270
1053
3086
321
4511
4164
1585
1919
187
1065
4168
4303
1733
2904
694
4862
1739
35
1075
1007
112
3275
1152
4404
369
223
1938
2155
3927
328
2746
4354
2602
555
4293
1083
2406
531
1543
2811
4169
3786
1593
2964
1331
3678
1410
2882
2320
4294
3753
1709
4343
5370
935
1347
843
3779
5056
621
1456
3820
1671
6
4994
2943
1621
5415
470
3965
1290
4492
2042
316
3621
2586
1448
2922
1609
2637
5406
664
3846
309
5246
3437
661
502
541
4908
4678
2477
5362
1366
3200
1737
533
3557
4231
1914
3385
2859
5048
2925
3004
4352
3754
1079
4290
4742
487
2168
2199
3423
877
2268
1230
3671
813
4346
5081
2363
3277
5253
3315
3583
2742
4466
1663
5263
4023
33
2861
2177
1437
284
4395
2329
3658
1972
4041
4790
4514
3073
3464
4504
1132
4046
4366
2879
208
5345
965
584
2968
4420
721
4715
3221
2447
4013
5163
5344
2122
792
3441
3582
2484
231
5312
1549
3434
3012
148
2220
731
4682
1289
5325
3655
5123
4899
1567
5376
4135
2093
3818
5065
2675
3432
1159
4944
826
4707
2564
3771
4620
2961
4321
3395
4920
3031
2515
2527
4305
625
5322
327
1848
464
599
2263
2128
1566
1221
2612
1713
4771
1276
4156
4599
1056
4098
46
4625
4364
3223
4670
5339
4810
4905
4151
3346
2526
239
3787
2332
3320
5252
4745
4798
4587
4847
2258
5250
4361
2041
4315
2496
1452
323
4861
1376
265
672
653
1970
3807
2792
2885
1787
4082
5189
1072
4016
3603
1514
1001
2765
4626
488
2769
2167
2011
3800
5023
1426
3739
2942
3078
2510
315
2501
988
2057
5346
518
2667
3051
3584
4558
404
1165
4933
4884
257
766
3187
2870
734
1809
1277
4263
4987
2718
3651
1799
2090
4320
2529
5392
4063
465
1185
1992
5160
5176
1254
2118
2490
4911
1902
3744
4243
1534
2246
4885
1358
3618
4612
4490
4421
1666
1900
3719
2474
143
1788
2201
1004
4811
2021
595
2153
1589
3292
100
3645
3173
561
4198
1229
2800
4727
3158
5150
4581
361
852
2037
84
4768
2431
3661
330
2581
4141
2906
685
3167
409
3877
568
1203
2110
3514
776
32
3344
2953
3263
52
5236
5078
272
2865
886
1438
1215
4521
1632
1571
1292
3168
140
4642
4370
117
1698
2990
2579
86
822
311
2957
2321
3036
4153
2566
3019
676
605
2204
959
1520
570
2666
3406
4559
4542
3902
2818
497
2344
1384
2544
4334
3039
1172
2296
2271
2281
4783
713
1987
2848
2700
2872
2460
960
4823
3298
557
5094
3089
2889
3066
2306
1116
2683
2305
2325
2575
1833
154
2119
4732
2616
3134
3194
141
299
5245
3497
368
1981
3042
1978
279
3979
3389
370
1898
3834
725
1690
4929
1411
4266
4120
4954
4977
4824
1813
5084
4925
914
645
1935
3446
1614
483
2833
5202
80
2262
3350
4210
4355
5211
4769
4658
1250
2237
142
4126
1512
4292
4064
4873
976
4330
4757
5175
2951
1619
841
2593
4903
1947
1467
2343
5399
3093
3974
3926
2663
3932
4127
2238
460
5270
975
3994
4423
963
4543
2295
39
5314
2592
3889
3868
5033
4868
108
1659
4963
5261
3451
4412
4700
4591
2802
1067
2895
895
2636
2413
4074
2488
704
4507
1944
1744
4836
4848
5262
1661
4713
2954
2588
1816
5159
3968
859
955
4462
196
4447
3192
3373
2841
1793
3354
1504
1409
4092
2264
1629
2524
3212
5145
1699
4331
4779
3136
2345
2243
2459
3011
3430
1051
2617
2835
2330
3070
3184
505
1625
3285
5214
1683
5026
3717
5066
3133
1170
598
5105
4525
2461
1196
3014
2979
1214
3003
4480
2136
4487
5110
2437
1122
1454
1312
4883
1191
2699
2032
1246
3341
3894
883
1837
585
2130
3629
1598
930
754
2077
1925
800
4262
3555
668
3323
3412
3082
1542
2353
1255
1845
2643
378
3088
3299
549
212
5113
2202
4206
4472
3948
1702
5153
4132
4934
2831
5099
1529
3264
3405
1324
4904
2725
1962
1477
1109
3295
2082
3525
5419
2066
4968
3520
838
4470
2862
2938
2876
4104
3026
3640
791
1176
4145
3069
5258
4388
550
973
3639
2993
2650
1584
539
4213
4160
5254
2803
4751
116
871
2507
458
4661
4405
10
2024
3964
1161
138
5285
1488
1124
4501
2286
4119
3541
5125
1356
4871
3371
1265
391
2421
4753
2998
3704
3428
1982
4107
4344
1847
215
4341
5136
1868
2701
4245
1032
1232
1114
3028
2574
204
5330
2489
2139
3885
1334
3235
2492
540
1700
4854
2898
4450
5064
5190
587
2914
1654
803
5028
2591
389
2573
331
1113
1472
3015
4853
4376
3692
1752
59
4517
3169
4179
2608
2183
2918
939
2571
1877
2472
702
4833
5193
392
5426
1988
4696
1223
2079
1391
1740
2657
695
1107
2028
2288
4606
4947
4392
4220
3404
5357
823
2787
2753
4526
3879
4876
146
128
1806
3650
1501
1178
2261
4025
1815
2147
3146
2884
887
2662
1188
2074
217
8
3904
1953
4360
4079
3219
944
4695
994
19
1955
1033
5310
658
3695
2393
3746
1486
2809
3954
4057
2218
1561
4945
4018
3474
2691
2659
2173
4484
20
4436
366
34
1888
5412
305
4497
1346
3461
1602
5215
373
452
2777
3261
2078
1521
2547
624
741
3091
943
5224
2698
1894
3032
3358
1631
774
2995
1710
553
2730
3387
298
153
190
651
4393
4589
5241
1558
2094
3196
5260
1026
1714
348
5353
3733
3231
1458
2790
4477
562
4403
195
276
4129
5340
947
4031
4611
3845
1080
4510
1249
4610
1408
1795
2043
139
5400
2432
4820
659
4536
1383
5053
1279
4086
5210
4493
4238
2029
4283
691
777
3116
999
864
81
5138
4856
4442
1928
3160
2302
114
2044
2689
4777
5424
92
2222
443
1061
4740
4647
468
3313
2817
1118
2487
2920
1537
3642
1046
719
3388
2768
1964
4528
825
4291
2947
2493
1509
1063
5021
376
3542
2941
4580
4288
3448
516
3701
188
1789
3644
4247
1219
2761
2185
1669
4369
237
3933
2743
1102
1604
529
3530
1999
2456
225
873
1101
3249
3309
663
4992
5316
302
2655
4997
227
133
1357
3864
5092
3096
4021
4672
2670
4406
879
182
1367
5364
4927
1681
4005
3804
469
1398
574
720
2580
3127
5166
4180
5147
490
784
4738
5206
41
1749
413
4676
573
1370
958
1283
5076
4819
4888
1932
210
4602
4152
2963
1187
3552
2937
3131
2567
3989
3614
675
5174
1013
4125
1827
3154
628
4124
4295
4735
1379
115
5358
1406
4509
4961
3505
2311
3590
2878
5184
3340
2018
4338
449
2801
3496
2213
1135
677
4358
4630
2776
2642
3420
4078
2695
481
3283
4415
2551
5117
4608
437
2150
1560
29
1881
5068
2314
5181
2274
3248
252
194
1839
4449
1403
3037
3963
4652
2854
2824
54
4614
4980
1931
2534
5115
3741
178
1754
4062
4728
3944
2940
5112
3551
350
3643
1129
3517
1536
739
249
2241
4138
5416
253
2933
2365
3274
2734
806
1201
3338
3333
181
4236
4008
1921
4858
251
5122
2071
3796
3087
4845
2156
4624
5154
4582
3576
537
1717
2360
4425
492
2121
397
1686
4870
687
3789
3094
4150
3386
547
346
3969
1804
2610
938
12
4215
2273
5139
2656
2960
2217
572
2377
3601
5218
829
312
4572
1649
1969
2607
4548
3342
3884
4529
2781
3469
708
616
2151
478
2114
2013
2537
3438
4139
785
4409
1262
3705
1756
4519
344
3637
2070
1685
1416
5360
4099
890
291
3500
4668
1974
97
1469
2533
5428
4553
453
4518
2454
446
2982
1352
1350
1857
4763
2495
5244
3280
5182
3696
2159
2233
4140
1950
4457
1353
2716
4053
2478
693
1121
47
5135
3860
566
1840
5186
1880
1934
3857
1241
711
5207
4530
3809
1184
4679
2326
767
78
3349
2310
2927
441
455
4147
4567
4711
3724
1018
4628
4222
4719
4953
172
1687
5320
5200
4313
192
4907
4690
156
4271
2594
3538
4789
4978
2040
4748
2783
1660
1753
5073
532
4172
415
5132
4494
1021
4704
2141
2465
1547
778
3290
2744
2475
4995
1503
3494
2211
1307
832
3684
3599
946
2399
1724
16
494
2191
2205
3376
491
4193
1002
2561
4163
234
4827
2395
5298
2589
130
1522
2909
510
51
2008
5216
2308
1068
1011
3547
2985
3381
353
3826
2134
1904
1657
3823
2279
2419
4609
5233
1071
4190
3112
4300
4413
1564
3454
87
1153
5421
4195
4481
2840
551
4943
4875
2772
794
3289
1882
3559
5393
1563
4362
4952
1213
4418
3218
1117
2902
3279
2016
1340
3842
690
3819
1457
773
290
1238
1236
2639
4579
2440
1634
3425
2671
475
3697
4896
1473
4444
4452
908
472
2127
1211
1511
2539
4506
1125
5059
3041
617
38
824
3943
2715
4909
4285
3286
4692
5231
2731
3970
1748
2124
1874
326
4227
5427
11
1611
5002
3867
4400
845
5377
287
4254
1539
1884
4674
1798
3024
3892
1926
4419
1019
1677
1314
846
1163
85
1414
4396
4301
2645
1405
536
2819
4386
43
145
942
1485
1339
4643
4889
4788
1732
3858
3672
1208
2133
3403
3118
3911
3683
5302
5381
3723
4520
2864
924
2560
2291
3157
1908
67
2030
2230
213
4417
3199
604
4631
1772
3065
3216
3030
956
3907
752
2420
3506
3871
1222
3135
870
3571
3996
2063
2398
3609
3921
3767
4116
1764
583
1812
1869
448
912
3062
5096
3359
206
1240
2838
5279
2751
1330
2825
4017
4887
1038
173
2208
3875
1897
819
4513
122
834
3132
4167
3766
827
1844
4455
4229
1655
1807
4650
3859
3830
1943
5332
1093
2397
4011
1586
2644
2806
611
4024
3145
1998
352
1362
3139
1156
2497
1337
3545
3976
22
1760
5294
1945
3714
2003
2381
4109
1814
183
4087
4469
2328
4921
758
2219
1515
3825
2280
1513
307
2282
4617
3228
3831
169
1387
185
1546
3170
3960
1615
2625
5011
5229
1628
796
3343
1104
5221
3915
2603
2912
1306
1952
1742
2015
1475
3718
4808
793
63
1431
1961
723
969
5195
179
4942
5336
4131
3981
4035
2839
3166
3950
1263
637
2158
1110
869
4154
5057
3677
1516
2304
1995
4515
2622
1855
670
4705
3317
3207
1349
4640
2880
2482
283
3833
1829
3252
2908
769
2505
1893
402
1912
2355
952
2152
2578
3519
3511
4830
3998
5019
866
5180
2780
953
2140
4061
3367
3759
3855
1111
1762
545
1899
3479
701
2471
5217
1316
4917
1907
4877
2095
4333
1496
2462
1245
5247
2994
2980
1006
56
610
1487
4411
1922
3401
4323
5170
4299
3006
681
5361
5097
3294
3336
1730
974
4045
4584
1407
1985
2760
2660
4269
3100
3513
5209
91
1090
936
2808
1478
5130
1440
496
417
5088
5158
1763
4762
5411
1846
575
3616
4375
3046
398
614
707
342
1624
2832
2521
4020
5343
1319
2376
2418
911
2600
3429
4267
1252
5015
504
4775
5273
123
1430
5109
3488
2210
1231
4161
3259
2830
2932
4332
2996
2178
2944
5205
5085
2684
2445
2479
795
5031
3190
4014
2142
1025
2190
1282
3988
4103
4010
1421
3613
281
854
2740
317
2166
1712
1149
1427
4890
4251
3034
4486
124
513
3663
3808
1601
244
4613
3959
2469
4555
2613
2582
1872
3722
4533
4185
2499
836
2549
2733
3151
1556
1864
4080
2052
1055
2285
3383
3490
4174
382
1275
5074
1569
4001
2242
2004
1843
4277
5187
1433
2359
3698
1878
5089
3607
3253
297
4002
812
3114
893
981
4780
3195
3942
5372
1050
1553
4578
4427
1580
680
2647
4081
1108
4935
3450
2796
5356
4749
4958
1371
280
2401
1089
2799
2467
226
3022
83
412
4872
340
3435
467
1382
4866
3883
1873
5287
650
5297
1701
1805
5366
3107
1803
3398
1603
5239
4149
5305
3033
1562
4281
1088
5342
1651
3990
4892
5014
216
407
230
1850
2466
3749
5060
648
269
4970
3579
1841
420
4397
5077
3602
1554
1182
2969
4667
3995
3211
4276
4009
582
3812
937
462
2091
4967
201
5178
2681
4734
4
1768
3162
4298
99
175
3523
4940
5278
5304
4182
3055
641
3572
3930
4273
4340
405
4498
3983
476
2100
4467
3792
2584
3632
4752
1489
2356
1773
2929
2092
3394
1552
3508
2089
3421
4217
783
2312
3215
2051
1731
596
2414
3095
1459
3400
3604
581
2389
240
2342
1323
1205
4201
4721
1171
4597
2834
5148
5127
757
74
4308
3143
4349
5378
2390
2098
68
3727
1015
1673
716
2019
1540
273
5164
3881
3673
176
3546
2349
3208
2111
4479
2430
2532
4665
3656
4792
2455
3137
2067
817
3752
1443
377
238
4101
5171
521
4718
2287
2558
433
1728
631
3931
2212
863
986
5401
779
4708
4912
5213
4097
3984
4289
4722
1784
2338
4547
3901
1256
1689
3058
3626
4710
5333
801
1860
3611
4586
3452
463
1622
5355
1781
2050
1597
1971
4030
2125
811
1009
3250
2669
5055
2511
932
1305
3638
1380
2468
618
4433
4688
1253
371
1870
5168
157
4443
984
818
2638
4895
3730
1890
634
3694
2368
3817
3971
1823
962
660
5024
62
3377
1193
1867
1173
2101
414
1479
4359
2739
421
1668
3628
4316
2919
2732
926
5354
4044
3460
5116
2620
5185
1570
2107
1074
511
5248
2357
1147
4750
2899
1154
5212
799
1581
5035
1975
1374
3009
2874
3503
805
1434
5264
3362
4191
1674
4918
4345
166
3230
4764
4957
4304
5373
144
428
729
2513
3880
3443
162
3241
5397
275
2253
1293
5177
848
5152
594
1836
2793
2373
4093
2289
4115
1325
4108
4317
3780
816
3634
3210
4923
4123
3097
2851
1028
2836
5341
3872
2737
3805
2299
3793
3887
2627
1451
576
3544
4986
430
72
1425
3716
2674
1224
4004
408
2605
3083
5275
4287
3641
2762
2170
4984
1483
3415
165
4329
2
3776
4891
1094
431
3815
1705
4691
3667
3155
2163
3356
2252
3711
564
3035
2012
3256
3521
3923
424
1302
1528
3841
4729
2375
2047
2721
3897
2697
1923
2999
2503
3660
4725
4794
3302
4408
2997
5338
735
2890
250
5046
2017
515
1386
4284
364
3319
3775
2986
3165
1445
5119
3327
2723
2023
400
5016
4522
2323
4697
489
3159
4550
2088
5394
5020
3123
4143
3102
4554
2227
5039
5104
1967
1617
1300
4681
2664
3310
4426
903
1271
2502
2025
1160
2448
609
5133
3679
3410
3905
2500
577
948
978
4049
1783
2869
2385
423
5227
14
4955
1471
4552
554
3955
5387
2741
2720
1927
2480
1166
5384
1495
1003
3483
4996
2085
2446
3606
3832
1579
2759
4781
98
3617
1064
2340
2453
2148
548
1054
493
523
4302
232
3301
1285
896
4926
4212
1939
2224
3751
1703
3119
3738
2194
4778
5349
3254
3363
1247
1385
3495
5390
3729
692
4128
254
669
1043
3106
1524
3447
3475
4356
2294
360
1879
1258
3198
5108
3071
2763
5309
3822
23
1140
1169
3844
1612
3657
3393
3232
4225
4029
5040
4203
3409
4594
3205
4758
1990
2782
3840
3188
5043
3540
4950
2426
445
1696
1963
158
3149
4659
4859
957
1294
3468
3101
2228
2117
1691
1278
3390
2842
2752
619
357
2853
4865
4972
2747
722
4754
5380
1005
992
5329
1237
2364
2794
3117
3293
4183
4060
65
519
101
1327
3725
4465
5386
3958
5251
4482
5128
2585
1432
520
4726
1048
4040
3365
3801
4322
4445
5369
2267
831
3949
262
1983
211
2775
3491
4623
4387
1209
4655
2972
724
3023
2086
501
3635
3743
3459
3103
3048
4122
941
2181
4441
1751
808
3939
4774
2886
4570
2756
5420
3217
2256
1059
2188
1453
627
3482
705
4422
2694
4428
4314
646
3532
682
4265
3493
5051
3075
901
3324
2486
2706
3480
789
306
3598
3835
1272
919
1849
4211
3251
867
5271
5018
1991
3837
3234
2072
2658
3422
236
1679
3715
2624
3476
2935
1461
4677
2587
3928
4177
5382
1885
4686
3619
1750
4170
31
4508
3876
4539
552
4600
2565
3686
1594
3957
1267
1838
1665
383
5052
3527
4709
1138
2512
1875
304
916
3700
4451
2362
2888
495
2249
2033
1142
1010
4648
2606
4232
649
1915
3059
1057
2346
3025
191
2392
2992
3433
706
1956
4999
3689
5042
2031
4378
3080
5192
756
1676
2816
1085
3615
1143
152
4448
597
1259
4654
5234
3287
4991
2784
3005
2583
2404
632
1228
665
925
643
2160
3685
4390
4524
1718
2423
3953
772
1650
3916
538
3258
4069
850
4184
807
3304
4230
798
2975
4089
498
2745
907
3225
110
1280
3612
2814
4155
1670
4985
4633
1395
1373
2901
2712
4593
2506
3850
3068
4208
3788
1989
2290
5293
1842
3163
4825
2386
3297
2826
3747
4766
1555
1933
2868
132
5237
4216
2727
922
4248
2450
3934
3903
2931
612
2542
1242
737
3366
715
1119
5025
3703
3179
3322
4223
5276
5091
3038
40
3470
4974
2867
764
1980
2174
5365
4902
4916
972
271
2494
410
2439
2722
5303
2120
5103
1960
1920
1606
630
2000
4173
2206
5225
5199
1234
3827
4932
1462
2750
1157
3605
2232
4839
2444
3057
593
3810
2729
2056
474
5191
683
4773
1905
4072
1627
1526
2907
961
2144
2525
5093
2352
235
4237
1693
1091
5350
2981
5379
1012
3233
591
4133
2203
1424
2812
1210
2858
1468
2786
4776
3507
2973
1828
1044
857
3186
1413
4178
3633
3020
4544
7
3053
4531
456
4801
4577
151
1636
2348
5348
2857
1274
4491
454
2083
542
802
5407
2916
5120
655
4829
241
3337
4059
1727
71
3761
527
242
1463
563
2770
5259
4192
3929
3699
927
2099
4249
1449
1725
921
4282
3368
4363
2962
3090
4015
2374
2172
1647
113
2569
2640
4077
600
2132
1123
884
3444
4489
4090
406
125
1734
4379
5256
920
4038
3262
3509
2820
1722
4993
3487
2988
3370
202
2229
2966
2309
3138
3516
3515
2946
738
66
3906
2367
1388
4645
2692
5169
1886
2702
1765
341
2609
5255
4564
3197
3105
2707
1177
2726
4194
638
4296
3918
2131
4939
4073
3596
565
2022
4454
2108
2458
432
349
134
613
3735
1328
3300
4434
3745
4561
4838
1726
3270
1095
2464
3220
1167
1653
905
4414
2614
5295
1198
3104
1035
620
3016
4731
3620
1233
1796
1326
3424
2370
5208
3174
4458
4743
5050
1115
4919
2678
607
3940
1397
4717
4627
233
3291
2517
2748
1966
749
4200
2728
2010
2704
696
4703
2923
2270
4095
1820
399
3893
73
788
36
2619
3768
512
1474
2115
2435
1755
2248
388
334
347
2668
3518
3181
4537
2045
4770
1851
221
1688
248
4157
1150
28
5107
3128
3361
5240
4864
3937
4000
1794
4471
444
3702
3675
1217
477
3909
2039
2623
4736
3000
1910
1404
1778
2686
4280
4318
1399
3687
3471
3108
4246
2523
4796
4812
4575
4545
1876
3239
171
4791
989
3164
2913
3772
3653
2387
2528
2277
1029
4353
1303
260
3862
3531
3156
4948
875
3526
1155
2955
1351
5274
2327
3276
3763
2766
69
3402
3378
2207
2481
2971
5324
3769
2630
3896
1304
4588
686
1777
2106
289
2554
2283
2508
61
1200
1158
1202
5038
3307
913
3843
270
416
4233
1179
968
3202
2936
3986
2026
1638
1866
5331
753
1296
4988
197
4765
2546
1130
3982
2653
666
193
3018
1810
2193
4162
761
4383
3566
1957
5311
3856
5315
742
3331
1360
4402
380
4565
861
3140
2473
4274
5222
2559
2672
2987
1112
3912
4535
1871
3413
53
1348
4114
770
5197
1587
1738
127
700
5005
5000
3554
3498
4969
1954
900
5204
4026
3347
569
2530
3099
2696
4930
3484
2384
3332
2945
5070
820
918
1695
1052
1
4204
1022
3226
4105
4981
1652
479
319
1199
4795
3978
4372
2341
2735
3411
3898
4901
4224
679
2911
2685
5296
2823
1821
1531
418
4260
5082
1481
4188
3224
1610
2260
1126
2611
4842
343
2849
170
4621
4869
5288
5044
1831
1120
5071
5010
1608
5219
1189
951
1948
1532
1583
3092
3594
558
4837
3214
1428
4130
4438
2347
5283
782
4240
4347
3865
1369
1825
3010
874
4075
3654
1286
3899
1618
486
5146
267
4252
697
629
3537
1363
1394
3374
2436
991
5417
544
1401
517
293
1332
4437
3648
1767
3318
3757
3550
5142
3755
395
5328
3854
5404
1175
2293
5232
601
4102
4311
1016
111
1076
3592
4590
714
839
3690
3052
1769
5306
787
5388
3175
1817
4733
3229
964
3247
184
750
1979
3652
4571
1545
3427
3305
2924
1097
1662
1480
775
4634
5047
4786
5396
3407
1137
2538
2563
2845
844
1181
678
4784
2483
3977
4979
1672
5045
2129
528
2009
4207
2915
2195
3740
4881
3121
3183
4803
1729
862
3255
2391
2402
3534
1834
3533
3670
3952
2773
1000
5290
2226
1226
2556
4618
1287
2649
1913
30
442
810
4815
4218
1368
3271
5418
203
1318
5100
5012
4747
332
4468
1162
3956
1949
3206
1220
2143
3839
17
684
335
1144
1103
5367
2244
4381
247
5032
1626
4737
2789
4712
3721
3126
2380
977
1139
3485
1505
1216
882
5149
1721
4264
2165
662
1412
4685
3947
2604
3543
4389
4242
3709
2688
3782
3736
3150
917
4540
4516
4821
4275
3189
4660
1630
2427
2822
1291
3008
2903
5003
70
42
1761
556
121
4835
3191
5395
4897
2235
3622
3568
4309
636
3549
15
897
1613
1023
4817
3627
3296
4959
4365
4460
3535
2709
5162
4693
2319
1127
3209
1865
3142
5220
4373
3077
4863
2103
4019
1993
3113
4566
3306
1338
2626
5183
4622
2652
3852
2383
4826
4576
3791
3245
1273
1723
3910
5
1422
4110
847
2948
1441
5389
5413
3272
5352
88
3044
4915
3147
277
4828
3941
2635
858
174
2713
2254
102
4384
3623
1037
4394
120
4964
1779
5292
3999
1637
1393
3467
1284
606
308
1551
294
580
1439
1997
5006
4669
1940
5223
755
4949
2970
4430
1801
5326
5151
2096
2813
530
310
2844
4371
3314
0
762
1785
320
2223
967
3357
5280
4500
2239
180
3674
1519
3499
3900
2952
5201
4357
5194
2102
3608
4012
3120
1036
2850
4136
126
1643
733
2297
109
2149
55
671
3372
466
1174
2827
4698
2568
3321
3375
885
27
4083
436
4112
853
2509
3631
3565
3238
3560
3595
3193
3109
5423
2161
2062
5409
4886
4432
717
1533
2452
5179
688
1747
3
3273
3177
451
4219
2300
2989
2081
1133
3710
1951
894
4456
3397
2504
336
902
790
1390
2068
4998
931
2897
1852
358
3060
1708
4429
222
1030
674
780
199
4052
1590
2690
3756
2634
2307
1776
5037
3486
1060
3061
2189
3141
292
1190
4319
2272
2209
2738
1464
2629
3345
3392
93
4632
1518
3784
2137
3478
5143
589
2425
4234
2959
5118
2958
4027
2856
2633
3569
5249
163
2369
3326
2457
1573
1548
4148
5106
3129
1965
1207
5075
5134
4065
3778
3084
1419
2553
4878
1791
1692
103
809
4326
1266
3734
1248
4257
4924
3013
3056
1098
2930
245
322
1680
2126
4805
4807
2828
3712
4664
2371
3708
4663
329
1591
2498
837
2198
4946
4159
3829
4744
1906
5080
2576
5022
1644
3456
2322
1341
3473
3680
2778
119
5371
1892
1578
4832
5069
2871
5335
177
3043
4034
4382
3455
4503
2572
1911
4800
3962
5124
2438
3501
1465
5351
3581
4047
268
1482
1270
4258
2673
2221
1667
1568
1889
1973
2717
1092
5140
579
3185
3886
333
4941
2443
135
3040
338
200
3668
2852
5063
899
2215
1378
440
4653
419
1192
2116
1936
214
993
4039
4261
2076
1195
1639
2949
2708
1442
1863
4720
3847
205
5157
2034
4619
526
1313
259
771
387
1790
3029
3891
4549
4846
4849
3861
4951
1024
4906
1086
5090
4435
1418
868
647
4416
635
2788
1592
4814
1491
1204
746
710
2054
2053
2615
1066
3691
1658
4867
4244
781
186
3303
3851
1134
3863
2646
4043
1078
2881
351
1802
438
522
1344
2175
149
1299
5027
4342
4176
2154
633
1664
2336
3288
150
471
3706
3130
1020
2073
4042
4495
830
4931
5030
3649
3914
3047
2317
2984
1937
94
2265
2184
2661
3966
5291
667
3445
3975
2595
4629
1073
3352
1151
1455
384
345
4656
3382
5131
5155
1466
5072
5383
5114
4538
3335
503
5391
3213
5036
1355
3124
3925
4399
2654
3308
2926
1782
2247
3647
928
1901
2520
2894
77
4037
1136
5017
751
744
131
3269
4601
1420
586
4666
3803
1929
5173
1994
2555
4091
2682
2978
2545
3580
1429
4256
2055
4377
5347
4505
1811
5281
1694
535
1741
1596
2135
2245
3379
1743
1359
880
3330
1588
394
1096
4088
457
354
447
4410
1582
933
4592
4453
2905
3874
1641
4844
1800
4351
