3320
1366
1985
548
2938
2193
2085
2719
1012
2212
2039
112
2732
1294
2423
3507
1878
88
2709
1741
2375
1145
3146
1176
1993
1746
765
273
497
2784
3187
2646
367
389
2493
3156
600
900
3356
1850
1974
2379
2419
249
3405
2383
3168
1224
2792
2457
2672
632
1911
743
2895
1522
1664
1227
1745
2626
1470
2812
2854
2091
419
3143
1840
3064
3527
916
1435
187
1781
590
2967
1318
2001
2573
2323
3078
1189
3513
3103
2805
3384
1951
3475
1924
2526
2658
2969
700
593
1021
1742
2754
2354
1394
1784
946
238
2146
738
2112
66
748
1795
1068
2974
1316
457
1096
2657
3107
2803
1919
2466
3427
1737
521
1984
2107
3375
1778
2717
2588
1403
1999
3336
2686
3279
2418
407
1715
2237
751
2696
2283
3173
2867
515
1110
2975
1554
1167
884
550
1632
1901
1058
1610
460
164
1238
3433
3135
1790
1129
2285
2353
2417
3490
902
1034
1315
3008
3069
2782
775
504
2913
2079
2796
2928
2087
898
2776
1387
645
2149
1132
547
475
2104
1895
2318
1182
3028
2872
2582
3366
3149
2229
706
1283
3419
932
1122
2560
1823
463
2197
679
3311
1736
3074
1398
408
432
1879
70
1678
2217
2883
2167
3476
3302
2310
1298
1947
2114
2269
1747
2220
1702
2249
3511
1707
1309
625
538
2786
2984
698
979
1760
2570
2823
865
565
1834
2620
226
267
922
1055
3443
1143
34
1267
3423
1868
1749
3484
976
1041
779
2813
2021
3509
349
2693
3245
1764
2256
1905
1782
2158
536
166
2129
451
2676
385
1006
995
1701
3298
1200
1416
2381
2750
2656
3379
2404
3425
1338
286
2443
1312
2113
3354
377
2629
1695
2971
3092
2464
3360
1353
2050
2879
2222
2361
496
3362
1181
2675
161
2851
1786
3349
1192
972
953
657
101
3489
1168
2593
1873
315
1206
150
1443
1335
753
2555
1582
713
2205
2260
3063
2268
3196
1254
438
2893
1279
81
78
3050
2467
2474
887
570
2948
2234
1729
2326
690
3545
1926
1119
759
1123
2661
1016
3255
2744
2111
311
2722
2641
1380
1300
913
2930
1628
1717
1698
2919
2210
3025
433
219
989
3225
2504
791
1260
290
2201
1562
2272
2531
59
2816
3227
346
1221
360
2143
2370
817
563
564
2492
2874
1650
1291
1988
2503
1389
2169
3289
1777
1933
1001
3350
2273
1976
3061
2471
3301
2411
1417
1340
3473
873
663
609
776
814
1348
2018
272
134
1052
650
211
2053
2586
1190
3185
1242
3519
964
469
1060
3282
886
664
2328
3453
1186
2096
2119
1627
683
3391
1463
2904
1386
908
804
1438
12
1331
3304
2610
387
1136
3399
2980
512
696
2349
243
3378
1945
3432
952
1080
2065
1314
3406
483
2391
69
3396
3438
1559
3112
220
1827
2152
206
2894
747
178
1648
2027
2090
1969
2365
1692
1209
1191
589
1555
2270
819
189
1194
3285
3369
3500
372
1735
2470
830
849
1027
963
2637
2625
210
586
1363
2931
3239
2861
344
3086
3393
1061
1111
708
577
2397
1075
2473
2254
2463
2360
524
1801
163
3386
3531
2494
1355
1886
3486
379
240
3090
16
2511
2692
3137
1445
562
853
2211
1233
2547
1275
2426
725
1476
1246
1644
2943
2916
786
1018
892
1402
1877
2357
3034
3109
28
105
341
1968
1620
268
2571
1079
1214
255
2549
130
2431
2939
115
790
1376
1424
3374
2003
1922
1852
2567
741
1336
942
1602
153
2185
1244
72
3204
1537
307
2795
3283
2008
329
905
838
3184
2660
2572
2615
2935
3263
2444
2502
2048
208
228
2274
382
629
1229
27
3243
3236
2855
1328
2284
1150
1725
136
1118
2439
2398
61
3315
2238
1073
2251
1699
2990
2177
1653
594
230
507
637
2753
3330
1915
1918
1086
2730
3159
3089
308
2207
1148
487
3401
3441
3018
1171
2092
689
3334
2652
1744
1937
2324
1967
1113
303
3258
1724
3062
2099
3260
3162
1433
1931
2168
342
2585
558
1458
3460
2783
2682
3338
1196
2699
2779
2300
3522
1683
750
3491
1237
2133
841
1684
2764
719
1609
2806
299
2915
3222
317
1124
723
665
928
596
2199
284
1432
3442
539
1569
1313
2508
481
2409
3042
3210
3199
2378
730
526
2475
1292
939
3458
2787
3466
1287
2377
473
1798
197
1580
1920
3479
1818
3244
413
60
662
2294
1341
1368
3538
232
2810
1074
3224
2769
1544
2917
3163
724
2723
3492
2440
271
3528
1685
2028
444
3382
1053
951
1652
2277
1766
2534
156
3134
2961
1808
1511
1991
3189
1704
292
1479
3022
628
1523
824
3496
2046
1271
2077
2800
3119
3055
1106
2517
2562
3413
2552
3026
3122
1379
3383
3213
2956
2799
1542
2438
397
3357
2569
1593
2877
974
1002
1909
1193
3367
221
2583
1512
1888
1089
1779
257
1591
1578
157
595
2319
673
2145
2954
2668
2038
2373
3021
2694
445
3251
2770
1158
994
1998
29
378
158
2155
11
1175
1138
862
2109
839
1987
2248
1914
1418
1564
1963
337
453
2241
583
1965
3046
2710
801
68
1039
3195
987
3016
2595
857
375
3300
2214
3446
2868
2303
1954
2550
3201
3451
1822
949
2101
3017
1594
1160
1661
2580
1210
1256
1347
3180
695
2058
285
326
1140
1133
2966
411
1754
2019
1474
3192
353
2456
1239
2825
1869
3128
3254
2338
1572
3467
1391
2458
1596
50
1216
3174
1570
3498
1127
2726
560
1844
322
1392
416
2543
3344
1095
1173
282
2073
3220
2834
1358
3058
1269
823
552
3079
215
2316
2
1308
1013
1165
2035
978
289
203
1025
2042
2288
2258
1204
3295
466
124
1069
234
882
237
1587
1374
1116
1831
358
1768
3293
3534
569
607
2139
2057
2546
2691
3346
2556
3297
1679
2602
704
1155
2032
736
32
2970
856
2524
2640
1785
2009
1830
91
3037
2671
410
2759
3389
1626
2592
336
428
2703
1422
229
8
2117
868
1982
1814
92
3434
2486
3424
1024
15
3054
2619
993
3271
2973
1447
1250
3002
761
368
380
1240
2613
2203
1519
850
675
1185
1813
3256
1257
1112
535
194
62
1528
1226
1780
3152
3209
1063
2178
1497
3321
2138
465
1716
1323
2252
1429
1941
692
3359
1769
3276
1966
1956
391
2628
1414
3526
2725
1986
1783
3444
192
58
1611
711
3009
2679
888
1305
1493
2596
2262
3039
2864
374
2395
1776
118
3207
762
2838
1332
1687
514
2093
2105
1758
1530
930
1588
2600
3040
283
162
343
431
1003
3110
1093
2781
2777
3027
351
3129
2094
280
2821
2940
17
1565
1943
3083
2372
1978
2184
2574
2925
2944
288
1107
2533
984
936
258
646
1265
875
3117
3325
1208
1896
2196
1481
21
3096
2923
2491
877
2265
1356
2010
167
2866
1413
2801
2132
2082
3290
3447
571
809
2807
173
2484
3449
2083
1752
191
2830
2305
2977
1763
2317
2873
1839
2763
2006
393
2388
49
721
1836
1809
2927
1130
1166
1028
3414
46
825
2715
2188
656
848
769
1811
854
261
1031
3178
2630
7
2142
2281
1083
575
3116
1164
1174
3106
1035
2292
1738
2999
120
13
18
2601
3361
1146
3265
363
821
3139
1050
3182
3065
661
1495
2992
3108
1333
1092
674
1560
25
3154
797
2166
1225
2410
3371
2412
820
227
1496
1473
2315
494
2118
1907
592
2911
3540
1498
604
1285
3380
551
1295
3242
2264
2024
1404
1134
566
2882
2900
934
65
1556
1563
2482
2942
621
1765
74
3481
443
2773
22
1011
2612
614
256
1149
3007
2512
3370
488
2299
513
3049
2978
1663
842
2918
205
2148
970
3032
858
2225
328
1203
2071
1131
2126
1426
2850
3421
1362
1288
1442
659
254
82
19
869
843
3188
954
338
2165
305
2859
2336
2791
505
3404
452
1864
3541
2282
2422
3515
1365
3420
651
1038
1605
2663
1311
281
2829
99
1759
1876
83
1
1372
3084
2742
1142
2116
615
1597
2684
225
2530
1440
2430
1020
1281
1081
1105
1450
355
3001
2314
3394
2037
1367
891
2765
1120
2080
2366
2392
3494
2180
1104
626
1529
597
1004
63
986
3051
3372
1713
2137
54
734
2558
402
3505
532
508
1913
2890
533
2036
1861
386
955
2827
1524
3014
764
1527
1649
1691
1266
1431
399
685
1255
2221
3273
319
3261
2182
1709
1728
2218
733
2946
2746
1349
420
2163
3409
1383
2384
2748
3099
742
635
51
217
613
3053
1342
1507
1753
3126
2991
805
2136
3469
1851
2755
10
1461
3287
1796
1952
2368
1575
3160
1272
525
2110
1412
2922
1019
85
1015
766
3335
3164
2187
1222
1603
2926
297
758
2173
1672
2815
1010
1845
2244
3169
89
2624
1674
119
1656
3403
1601
1456
279
2034
2920
1484
1548
557
3310
1378
2649
1863
3470
3268
2097
1936
95
2059
752
1585
2664
1923
1788
2329
3339
1900
104
2191
1916
106
3448
2015
248
599
927
1711
2084
2140
2566
3416
1059
715
1843
1180
545
3114
3175
313
57
971
2063
3085
3003
2064
836
2575
1948
768
1848
2026
2276
1928
2061
2643
1397
2536
3278
2887
760
1675
1163
2831
3499
3306
200
2125
1819
76
2802
144
3076
3094
678
3203
833
2747
1488
3104
1114
1346
1400
2390
2824
2206
2468
3454
958
2950
1686
2144
2976
3439
135
422
2785
1395
1973
2673
1125
361
832
2513
1043
3542
2623
1437
2772
3503
652
3181
1144
1732
3502
777
3524
1821
503
519
1792
991
3400
2341
1992
3266
2246
2162
3101
2718
2833
2650
2433
1579
1321
2832
1170
291
3262
1552
677
997
3147
1806
1248
1235
1957
847
1469
2013
1329
2972
1184
909
735
3142
1975
331
912
806
2996
470
1448
334
3436
2044
3093
1964
35
584
434
339
835
831
3331
14
717
2356
1660
1115
356
318
687
3133
2609
2808
325
1762
3435
5
1604
2347
3059
2704
2983
2041
412
1703
969
2007
1589
686
1251
259
97
2579
1712
2029
1405
0
2557
1618
749
3131
247
209
1635
3177
362
3144
3395
3544
772
2728
1065
2639
631
542
3019
1657
2023
1980
1172
1803
2432
352
2767
2505
1615
2510
2635
988
2275
3411
878
3241
1339
2078
2399
2352
3445
3412
394
1243
2738
3387
815
3308
252
2683
1867
1037
1897
2590
923
1343
1767
1842
1662
1258
3123
3257
1350
588
369
262
170
1274
2402
98
920
2332
442
1264
2255
3217
239
2164
798
1561
709
653
364
2413
518
1197
3477
1103
1859
435
246
2958
1102
1234
1630
55
1643
2179
3333
2425
2743
1619
2527
2878
270
1658
756
2644
3066
133
1935
2998
999
1757
2712
1051
3219
845
2401
1666
3472
2949
1036
87
3127
914
941
3364
2396
1667
2459
2160
722
2025
1033
1892
3343
3031
1705
1927
2204
2335
2485
1032
1099
2870
1506
2261
785
2941
321
2421
2245
404
2371
1908
2594
1730
1807
3240
2233
2095
2985
184
222
2914
1126
2311
415
2172
1352
1983
309
2174
1516
2762
1502
2120
3186
148
3332
1500
2215
1828
2293
2862
116
965
2997
1697
2496
2382
3082
3440
3532
671
705
3253
3353
3318
2551
423
2461
634
3136
1573
3023
802
2289
2611
109
2659
1751
332
1026
2633
889
3150
3145
2545
1631
1384
925
193
1855
3030
2060
2351
2309
837
1681
796
1076
2322
448
2331
2437
2711
3140
1303
2642
585
1526
2380
2240
1677
1364
381
1824
2518
863
2108
2330
2793
2678
1152
2514
3397
2376
1723
1330
3457
1538
669
1961
855
3047
522
789
2932
3272
1464
3474
1739
2500
990
1359
3296
198
985
1247
1327
1833
3015
1517
45
794
1023
3510
1057
3407
3533
440
903
3033
350
2982
3426
1157
1337
943
376
2100
493
2766
1862
3231
3205
1449
1478
277
2739
2460
44
1212
2603
2775
3537
464
1263
1536
867
1772
2490
1162
199
489
1647
2488
1480
145
3518
3176
1574
2903
2407
123
2757
697
2189
2102
2731
2359
2014
1468
1087
828
1218
1932
2820
2157
3317
3197
1590
2901
53
2897
1211
501
40
1290
241
2902
143
1688
2936
3198
472
2436
899
467
3337
1439
417
2814
3388
2216
3286
1334
2480
2844
2449
2774
3376
1668
2817
1232
3124
520
3381
1700
2822
1856
874
1396
1139
3249
2453
893
486
132
2561
114
2016
84
1676
1177
3535
1841
1958
1534
1541
2004
1550
388
977
2192
2186
2033
1156
1455
1825
829
1205
638
3
1407
1793
1771
2312
2761
3517
430
3352
2298
188
366
3060
2606
1029
1894
1893
3024
3465
2195
223
2680
1532
1669
1853
3010
897
1981
3141
1147
782
3358
2540
2835
1551
3398
2056
591
2200
2236
1606
172
2000
138
2614
1090
263
2584
3348
2707
1600
395
1108
1518
2022
2819
1623
1645
1306
684
3512
1399
576
1925
2960
2448
3523
1659
1490
1262
2427
3111
2736
1756
2257
3102
462
1078
2141
3183
1549
1546
1581
981
918
1577
1624
2698
1670
947
2394
213
670
895
3179
623
2906
1278
2498
436
1510
509
2989
827
48
1513
1097
1944
3497
1875
703
2304
2302
668
1427
1940
701
2741
2308
2697
1558
881
446
516
957
2403
2846
1369
1213
2865
1072
818
649
3041
2127
1755
47
926
813
795
2788
2405
2301
587
1056
1153
907
1540
3252
933
1690
2267
2988
959
1370
1236
2720
1071
3415
2227
2798
2964
495
2462
2724
1217
2881
1634
3161
1045
1293
1904
476
1733
998
202
245
2228
1008
1616
2230
2434
3488
3324
2852
183
324
3459
384
125
3215
755
3464
1377
2098
739
3118
2047
1599
1799
1829
1906
480
608
127
2705
2415
931
3011
196
2599
1708
1902
3267
2702
1802
1566
2213
1654
149
1420
3355
159
2153
2892
3081
1881
826
2259
3455
1545
2849
2525
2891
3052
396
1520
1838
330
2054
1612
2908
1453
1641
1326
1487
1680
1141
1207
1883
3232
90
3211
26
3495
67
2695
2435
1310
1962
3072
960
2995
1525
2714
2340
2501
79
1465
3020
1607
1482
699
1891
2987
3155
581
1995
2374
2030
2278
2350
1297
737
2994
2072
840
2156
948
147
1857
3328
1410
3408
3075
1201
426
1121
3274
406
1044
3410
414
644
1849
1276
774
3303
2790
2836
1082
2856
403
1187
2068
1393
1451
1361
788
2857
799
449
2577
1959
287
1625
2578
3238
1791
2483
2636
3345
3013
2128
3068
1817
1990
1651
601
2451
3087
2869
2400
1345
250
30
3322
728
107
611
244
2232
310
2876
216
1721
306
3091
1436
96
1613
1195
793
2176
572
2049
490
274
633
2597
714
2224
141
301
2863
2880
3190
2951
1419
1748
3125
3228
636
2564
1846
71
2542
2442
3248
3077
2266
175
1067
3281
2005
2843
180
2589
2848
2959
2416
482
2968
502
2408
1939
3216
1773
2905
347
2481
2910
2828
1740
450
2020
260
2934
852
37
2662
3529
1354
727
2889
2387
962
117
56
3480
640
1503
2727
1434
1098
1179
2012
405
39
3071
1953
1514
2737
2645
3153
1360
778
2086
688
807
3048
574
624
975
427
1655
2208
3392
2429
1682
517
2981
702
2175
2845
1837
333
3120
1774
655
619
2618
816
1259
2106
224
667
1917
2955
763
1411
3539
1491
2367
3056
3543
3521
3012
2441
295
3044
2076
1872
392
1228
9
212
2553
1617
3035
1077
2506
1789
2608
218
1535
1586
2040
181
1485
1494
1731
2896
1462
1508
1921
2067
348
459
2253
2325
1805
643
3067
370
3377
75
2541
1375
682
3130
894
3468
1595
2521
1483
1466
2771
335
3323
128
1970
2348
639
1800
2339
357
2616
1017
3202
1794
2052
478
137
876
2909
732
2898
2837
2342
122
2445
1720
2690
1775
731
1459
36
707
3208
3368
1583
1882
720
2993
2509
2202
1890
2420
890
2066
2151
1543
1062
2708
2700
1289
1727
3429
2701
3329
1642
2734
2291
390
2899
401
110
185
41
2226
808
3165
1898
3214
2947
3504
340
1694
2069
1858
1509
3250
1273
1408
1885
2979
2428
1576
31
2884
530
2745
2721
2454
77
1091
2406
872
293
996
3313
1401
2871
3073
1472
3275
1638
3437
2565
1910
1169
3138
3171
1636
498
2853
3292
1385
155
365
618
2369
822
1022
1188
2794
296
3080
1220
2487
1302
2651
3036
1714
1804
2537
529
129
2568
1492
610
1005
1521
1787
6
846
3530
3200
314
103
2170
4
1270
3456
603
1046
1475
409
3113
1637
2522
1934
3151
294
861
2681
492
2031
2921
2963
1161
2689
2223
938
1505
269
2122
2296
2446
214
146
2346
1938
2355
3428
1215
606
2307
2362
1199
43
345
527
80
1567
2789
523
1009
1202
3314
2472
2957
3390
2045
1280
578
543
1049
2075
2115
3284
1357
2295
2271
544
672
1889
3493
3259
2713
2591
2499
510
579
3206
901
1084
1854
179
3166
885
302
1301
3305
2516
2752
580
160
3482
1866
1282
2103
2334
2154
2888
3351
2945
3172
1000
3291
2171
1977
1415
879
2364
1088
553
2539
2469
1324
1100
2150
425
1373
190
1592
3417
1696
320
1710
612
3229
967
630
1382
177
2780
1486
546
3235
744
1972
973
1344
2194
1960
64
93
716
880
641
1929
506
2333
3462
1832
859
2706
3326
1761
2885
2447
2386
660
555
2074
2452
1547
1428
1639
680
1317
3115
3316
1504
2875
2687
86
2605
437
2740
1903
3212
726
1452
1533
2183
1912
961
1253
3237
233
1501
33
1252
620
2768
2478
1865
622
2327
1441
3097
3057
2647
1979
3341
2667
800
2655
2519
1816
1085
617
860
658
3132
1406
3525
906
1430
3418
479
242
2653
992
454
2051
2088
2631
2520
1719
3514
2489
2529
100
866
792
1094
1871
2235
1734
275
1629
94
1296
1425
729
770
3342
1245
312
139
1007
204
1284
917
511
642
458
541
1997
540
2313
1219
2239
2924
1557
131
771
2847
3270
2986
534
1322
1797
3088
1693
2123
648
812
2450
2607
456
441
937
2497
983
1457
2198
1942
3223
780
3478
2124
165
940
1887
2507
3098
359
2242
2685
528
811
567
2161
3452
2929
773
1048
2818
2617
3373
781
2559
3158
605
3431
2286
1178
754
1689
627
710
968
400
2554
278
1371
168
2250
354
582
2604
3347
2756
3004
2343
864
3385
3234
140
2477
113
2665
783
2363
1421
2135
1640
1665
2733
20
484
1955
2190
2933
1454
3191
500
982
2563
1489
556
871
1899
1971
1633
2666
2622
2279
1499
956
950
1198
1553
2654
1351
3269
2544
3485
2826
929
1054
1109
300
3029
2528
2548
924
1996
944
52
1030
2670
1515
1477
1409
1598
151
471
2581
2055
2538
2002
1826
1128
383
3194
1249
142
691
2842
844
2297
559
474
398
1622
421
1101
2749
2263
549
554
373
3450
2576
1231
3506
304
1277
3483
2797
2669
2758
3038
264
3288
42
3045
2219
919
2414
2181
2841
2627
681
2070
883
1066
3319
3487
3000
945
3327
298
3264
2632
1460
276
3226
3463
1154
152
531
3148
921
439
154
2716
911
3309
2648
870
2344
1223
2062
1930
654
3277
461
745
2358
2043
2424
573
1718
1949
2634
73
3430
3157
485
1621
3233
1989
186
371
2320
1673
1571
1070
2159
718
468
3218
784
3221
598
2017
1446
1064
1444
647
3246
3230
2131
693
1870
3363
980
231
676
1722
2858
740
3170
126
2809
429
1608
1994
2638
810
1750
171
2860
834
491
424
2886
24
2134
447
1584
2677
2130
2912
3121
1820
1946
477
455
3070
23
3461
3516
323
3167
1423
1014
235
666
169
3520
616
207
2735
2532
3402
2840
1950
3280
1304
2495
2587
712
966
1047
2011
2389
1646
1671
3307
2811
915
3095
316
1241
1810
3043
537
2337
2907
3247
3006
694
568
1880
174
1307
2209
2321
182
1319
327
1040
910
2393
767
236
2081
2287
561
3365
787
2476
1299
2952
757
3100
3501
266
1230
2965
1325
2465
1884
176
3312
1320
1770
1812
2751
3471
1390
2778
2729
2804
904
2290
2674
1261
1847
1381
2455
121
2121
2089
1835
2839
2598
2621
1135
111
3422
3340
251
1874
1614
201
2953
2937
3299
1286
1159
195
1471
253
1268
3193
3294
2231
1815
1151
3536
1568
1531
1117
3105
896
1467
1137
2306
2243
602
2760
1743
499
2345
2479
1539
803
1388
851
102
3005
1860
108
38
418
1183
1726
2280
2962
1706
2523
265
1042
2688
935
3508
2535
2147
2247
746
2385
2515
