80
2352
2325
1362
1818
42
2033
1108
2685
374
2572
631
205
2139
1887
2556
1086
1580
1361
1728
1703
921
1076
1450
2778
1593
713
2818
378
192
457
2340
1381
2799
2022
1554
2666
502
2140
446
2239
1351
1827
1767
2605
210
513
800
572
2558
2095
1280
2050
1287
2185
1323
1562
2229
2240
1448
826
682
1916
2213
717
2447
943
377
916
2109
1560
2186
207
236
505
2859
122
2559
1499
391
939
1268
2751
611
1192
704
490
1490
1312
1101
481
52
768
1423
1589
1424
845
616
1218
54
403
2722
1062
393
716
2524
562
2224
1879
1487
416
2517
554
65
2715
1970
2364
1712
353
830
2797
111
548
589
43
2319
2613
2689
1618
2184
811
472
159
2589
1977
2779
1658
792
1503
2445
320
953
232
1654
765
2436
694
1064
2373
1238
69
1521
1757
1941
245
949
241
799
21
1229
37
2634
1313
2538
1346
1242
888
775
1480
2806
2627
1854
1596
228
1707
6
983
1806
2738
1969
2826
1570
1832
1481
2837
201
1171
2883
1862
1063
2551
2309
2872
511
818
2293
2907
2477
2860
2698
41
2708
708
73
1656
1907
2755
2339
1152
2787
2097
2461
2055
2674
1372
359
407
2415
890
752
1297
1693
2473
1792
2281
2292
796
771
1206
288
2374
1882
2173
917
886
645
2595
34
2913
1732
1106
685
2252
1567
2104
1022
1778
1257
1328
1933
2579
1455
2460
136
402
1208
1901
160
2776
1479
2220
499
429
60
191
1878
2886
1309
2137
30
363
705
1104
1102
2711
2351
1867
139
543
753
2812
1465
1205
1516
2396
852
1843
2745
2690
1345
1021
2533
1685
2654
495
1230
1333
1072
2687
531
2
1710
2888
579
1500
667
1467
1915
1720
974
1116
2919
2485
1850
592
2640
1395
195
2669
648
185
2414
2010
1296
697
1225
675
1946
1433
372
810
964
1402
504
1800
2802
805
1452
206
2315
2077
774
522
1568
881
2175
1236
2741
187
2115
2361
2612
990
218
2357
822
1858
1085
734
1219
2768
2235
1662
299
1134
728
2388
2091
1623
2225
2298
1347
1857
2397
623
1696
473
343
1278
661
1036
868
699
2012
2597
525
791
2453
2403
2237
1196
1202
2059
2518
2827
595
2731
2072
2903
2471
1849
83
2509
2598
968
2508
1648
1066
1647
557
583
915
722
629
2006
2243
873
2856
166
1869
874
2300
1318
209
2125
1488
2206
226
1949
2911
2681
1158
593
909
1865
2238
1371
1773
538
1306
2219
1092
72
1876
2053
1569
2454
912
1454
1037
669
1422
1008
2331
1813
721
569
1127
591
2432
1986
2410
1626
1122
2931
2714
1985
1582
588
2897
2667
2216
1199
2008
412
1670
695
748
1384
1645
150
135
479
2080
2492
1378
2217
2223
1050
1925
1374
2433
1649
1513
1899
666
1442
1263
1197
161
480
1575
2661
1484
2090
1638
1270
1277
2064
1510
1286
1815
2873
194
2594
582
2478
2406
975
2370
484
454
38
1017
2380
1128
1587
1453
2486
613
2294
427
87
162
307
2211
2329
641
1889
2036
1222
1743
516
2707
556
1186
793
2514
2333
1365
1983
1870
770
1540
180
2864
2845
1413
394
40
1471
1409
1436
2343
1539
417
2761
2601
2568
1635
1020
935
1598
1733
2704
36
638
940
662
1358
371
2855
2866
605
1240
2236
532
198
1628
1708
461
174
1555
678
2467
763
1103
1629
401
2265
1431
1478
2268
332
1427
1883
2584
1590
1040
2271
2550
385
2398
1848
1807
2526
1435
211
870
1131
2663
1871
2032
1893
2320
2586
1789
1643
804
1605
2769
2430
2147
1136
10
430
2803
82
368
268
1748
918
1936
2532
2150
2155
1180
2926
610
2153
2113
2178
2790
365
1520
901
2078
2101
2029
294
1939
477
1578
563
2729
1315
723
2553
941
157
2829
2717
1702
607
849
1895
1824
2522
1377
2840
860
373
749
175
904
2143
1115
1694
2496
2074
2274
1250
400
483
47
2642
568
107
2801
44
2179
2671
555
169
2629
284
1931
1529
889
277
1380
760
2521
2350
2083
1031
1885
2131
347
27
1012
233
1640
256
2781
1493
630
1401
2126
317
2323
706
1399
1881
1140
2108
777
2136
547
692
1233
108
2214
1056
1302
2622
19
2363
788
2347
1266
1722
2048
0
1090
902
1509
418
2482
2419
1476
318
744
2609
2554
2670
1776
829
2892
300
962
2455
1485
1164
312
2505
1397
2013
1631
2563
982
984
2040
451
996
2747
98
1769
70
530
279
1301
1274
1831
1396
2476
1588
1294
816
465
2653
2166
109
2242
197
867
1013
1414
1515
2921
1912
1308
794
993
1091
146
2544
2087
2469
2619
1
2543
421
2929
843
2759
1348
1864
729
46
854
1030
817
1504
1269
1065
1212
1908
4
1740
994
520
2638
702
2646
2713
168
1010
999
1809
2260
2016
2679
5
1421
1464
1829
1434
2035
156
1073
2079
2275
1611
1992
239
2068
1943
2917
2449
1213
2525
1523
86
2692
2465
1055
1672
2356
946
296
1149
1531
1391
863
973
1853
2481
2127
88
1498
2871
1014
2546
482
255
1124
2515
450
1051
839
2793
2458
2881
2245
1322
1114
2900
2201
1838
2105
2839
286
1177
1200
1874
2307
1586
2700
409
2699
298
144
387
709
1203
1772
846
188
2287
815
1904
496
603
1534
354
1910
937
1608
2328
2273
1576
2534
2316
643
2748
1559
2322
1991
1715
1220
15
439
851
2114
1709
1176
1532
2092
2898
2680
2349
1999
456
1074
1633
2838
500
1173
1667
2177
584
99
1553
2774
234
283
2057
2540
494
537
2202
980
1475
2402
2710
249
1459
1046
2365
1241
938
1512
2234
433
1736
926
1872
2062
466
459
366
1410
1139
142
2081
115
2161
2647
447
1258
2665
1698
2705
2600
2171
1749
677
2437
2832
844
2702
442
428
2401
1950
1217
1761
2399
2865
1251
1049
1035
1535
2075
2874
2599
2696
2867
857
570
1169
1406
947
315
1839
2727
1028
884
2660
471
2468
952
1261
1584
894
2249
2479
1331
1456
1906
2893
119
112
2226
1383
2730
2302
2539
2358
1697
1613
1619
1109
399
2620
2303
103
364
1006
1123
311
440
944
2313
1597
1142
326
478
1847
1300
1924
2564
1742
2782
750
2655
1389
411
171
539
1790
1009
1966
735
1143
2335
117
2301
2497
1282
1788
1379
1804
2836
125
2141
1548
1873
1731
2164
798
260
2725
650
1303
1777
514
1290
2697
1446
2541
745
2263
1793
467
668
147
1679
2005
251
2346
134
1565
289
622
2362
905
1961
303
574
1078
914
1071
503
258
664
536
154
2847
1805
594
1659
419
1214
1701
2625
336
1518
59
1861
2581
305
1137
278
1959
468
736
2560
2756
2510
2726
676
1033
2011
1724
1320
379
1630
1093
1335
1852
1766
2918
1111
199
2791
202
2678
1097
864
2637
1239
515
25
2027
2123
1686
1067
2121
2034
550
614
865
96
546
871
1415
470
2754
254
1816
178
1951
2830
66
2413
1267
262
2076
2116
176
1284
128
2154
331
2376
2355
2278
2784
758
600
2312
2842
1482
2422
1652
271
2411
1834
1812
2231
223
1965
2098
1352
2071
2592
121
475
2228
1428
452
2537
2718
2531
2884
1785
899
1511
2289
2853
2562
670
22
2885
2636
76
2798
701
275
627
955
995
2593
540
2617
1552
1166
2117
2762
1224
1349
1321
518
636
257
2052
772
2824
1527
2002
177
1387
1449
334
2093
2205
1053
1440
780
1938
1764
1737
2906
2484
1837
1953
978
2530
2628
1281
333
2381
1780
1634
945
2684
2861
126
2167
1207
1426
1747
665
2218
349
808
328
448
646
1689
1262
2407
1962
2694
1972
2464
2618
2138
1360
1058
1249
297
1332
658
12
2118
1172
1981
892
1770
856
732
601
981
2030
789
455
1591
2341
987
2324
388
2923
2557
20
2822
2163
2695
2596
2706
1194
969
1964
458
1144
1674
907
1919
2569
301
2851
1911
2375
551
2920
97
992
2760
237
2015
2189
1987
1841
2021
2348
2230
2849
1669
1350
8
2693
2901
1089
2452
2391
1759
302
2377
813
2561
2909
2735
56
269
105
2181
812
523
2792
1470
39
942
93
335
742
2528
2870
2746
1366
625
1687
63
2635
573
2280
1147
1963
644
1960
1836
1783
252
183
885
803
2056
1095
566
1135
2244
900
423
1293
2651
2266
2457
859
2930
2566
897
776
781
321
314
956
355
2190
1228
1784
2786
1998
1746
1054
2212
1248
524
1756
1255
535
875
2041
898
2039
976
280
1082
474
1188
3
361
2576
384
2332
1661
2146
276
1994
434
323
1604
1438
1944
2135
2891
181
488
660
2182
1664
687
838
273
225
1359
1583
406
2412
2305
1814
632
376
265
637
1273
688
1988
1594
2811
2196
1011
1572
2817
1198
1117
737
674
2326
1856
1610
1107
2570
2383
2338
116
598
2466
55
163
285
2004
113
2672
2368
1458
2615
837
1855
2047
2428
1445
432
1408
1451
853
1706
453
1084
1735
1283
2394
2017
464
445
2852
2119
2429
997
970
2688
958
534
2585
1928
966
724
2542
263
615
2683
991
1536
437
2889
1001
1324
2043
2686
2928
2658
1244
2405
2932
655
2199
2925
2026
2191
1989
1700
2283
2765
795
1502
443
1794
541
807
213
2259
700
1407
1181
344
526
1695
1745
85
2054
2451
148
1976
1530
2256
1898
696
352
618
2086
2623
620
1160
2780
587
710
757
1682
476
1195
861
1088
165
1316
797
1038
327
381
919
1184
1474
2106
617
2204
2804
1138
1763
2794
1265
1386
2279
2441
2590
64
1891
1292
2552
1025
586
1447
1615
2291
1558
1781
2607
382
1080
2446
1057
596
1762
1705
1174
673
2850
2868
925
2308
1741
1922
1920
2520
2691
1642
1958
2773
1494
681
1625
261
1517
410
910
1223
528
101
656
1835
293
1354
714
896
2272
1675
1803
369
18
1191
1211
1947
2069
1260
544
1159
2187
1221
2210
2816
1952
671
2516
1771
1473
94
2174
2395
2149
1193
769
2168
172
2890
49
802
2193
2758
1775
1676
1150
1982
691
1538
1168
396
608
2170
1340
1545
489
2393
1845
2145
1935
2749
2132
1398
1100
961
2344
1439
2128
259
2878
1984
118
1412
1235
1948
1289
963
1420
820
425
1660
2480
438
106
1957
1525
2567
2602
1955
1798
1592
486
642
491
920
2876
762
2058
1505
35
132
2390
219
825
2103
2610
2734
282
404
1246
1940
1226
1651
507
170
703
2580
2649
790
1617
1096
2129
2100
2200
2327
2740
1624
1909
906
877
2857
2063
358
441
855
2489
397
1178
833
2037
1612
1189
62
2353
266
2371
764
2084
529
2757
1429
1690
9
785
367
370
553
1929
1665
1779
224
2835
950
1692
341
1227
415
1364
876
1860
977
1894
1068
2527
2914
1537
561
726
1799
1549
2172
2282
2028
426
1603
501
1132
2450
2384
2417
2262
1541
1566
1621
110
1528
597
272
2933
2841
1129
2124
2487
2709
2367
2372
1462
1336
1405
1641
1416
878
2354
2545
1483
1892
840
1075
1897
186
2712
24
880
1133
913
2152
246
1840
634
469
510
1875
2157
229
2490
1394
2107
895
1975
1653
424
240
1417
33
1795
2743
908
2483
1005
2169
565
2247
2535
26
74
2529
462
2404
2750
832
879
965
1620
1441
730
422
2408
1973
2386
123
2463
1182
1995
2014
1577
2819
2295
2215
1819
2575
1492
348
2639
1259
1821
1752
2082
1820
131
1307
1581
2536
831
2875
1357
235
533
1404
2442
1079
1663
1165
834
1081
1099
1330
1691
2285
1646
2548
2254
398
2421
2789
2739
1179
1923
1573
2805
2795
639
2494
2009
2587
1823
882
1501
2641
1311
11
2682
2662
1045
1967
1411
651
869
602
1980
1546
2488
463
1469
243
720
158
322
2424
1472
182
786
2823
552
2183
1120
2744
2085
435
215
2503
599
782
1684
2159
2831
1903
1382
1112
67
2834
242
1019
1105
1369
2400
1880
460
1930
2336
1154
84
930
1711
1232
190
2290
2513
1833
2276
585
508
731
1990
1826
16
2475
1579
2456
1018
420
2440
1932
2317
635
492
1390
2142
2896
1884
244
31
313
1024
308
1954
120
330
290
2673
71
1130
951
1070
222
1811
2645
836
957
1896
1739
2723
1543
77
1727
1370
100
2385
2148
1851
1782
1215
2491
1344
891
2366
309
1905
2269
1902
14
2879
1508
2099
2858
2495
2110
1801
1877
53
2820
967
1968
1644
356
2732
2288
2060
2144
624
1167
718
2796
1866
143
1971
2825
2611
1272
1639
1704
196
1842
2462
270
1622
2241
711
2519
1295
1047
2088
89
2345
1808
2311
1291
633
2359
497
1859
28
2297
167
2257
2227
2439
212
2583
2846
821
2506
2848
1544
559
784
220
2284
1601
2369
2716
1542
929
2733
979
1276
1477
189
2425
747
1437
1942
81
1443
383
1726
1151
124
1118
1890
1717
1183
2763
145
2894
1934
689
2299
2334
2160
1657
92
2501
2379
1153
1754
549
2512
1828
1744
2910
2111
1632
2209
140
1730
2192
29
2416
2378
715
1060
2001
659
1004
1141
1787
690
2800
1148
2771
1157
351
2908
707
1271
657
2089
405
2270
449
2073
2499
740
2863
2922
2264
1393
564
1738
2250
1563
2571
581
928
1023
498
2000
1310
1547
2626
2038
934
809
1425
2051
227
1688
1497
2070
1616
2246
253
2753
1913
1751
375
138
130
1918
2019
2474
2549
872
1507
2176
1419
761
392
248
2736
1650
1210
436
238
2025
1655
2162
1863
2232
1595
2916
2431
1247
1299
663
1337
739
1810
17
683
45
1602
2409
684
571
2724
1077
756
1774
1491
2207
2203
923
741
2648
2721
1927
2862
2277
2880
960
527
1522
2418
2547
835
759
1385
1683
2112
2448
1039
2728
2296
2031
948
2459
1926
971
1844
1016
2018
733
2221
2577
230
698
2668
862
360
2444
2426
2314
1817
755
200
1714
2337
329
2591
2382
2616
133
2389
1699
1444
1556
2267
1607
640
1338
2066
619
1317
2656
1468
1921
2904
1155
51
1252
1571
1914
114
521
1342
2664
2502
2701
2304
1185
1681
1156
1044
558
1506
1113
390
325
1048
2158
1325
1430
431
1680
57
1356
936
2808
2643
2887
712
208
287
719
1721
1146
1042
129
847
1979
2777
1298
2423
1886
339
1052
1719
545
924
590
1329
2003
1825
1007
577
1256
814
2435
1163
316
193
1758
927
998
2630
1466
1753
2253
679
395
2233
2767
1463
2915
2261
612
2286
2775
380
2588
408
91
1996
2785
931
578
2096
264
1978
1725
2130
2809
751
580
304
647
2807
90
806
1956
2420
972
1755
1170
2813
1791
2498
179
1486
2608
1162
1729
2882
1098
1822
2306
1003
2061
346
653
1418
295
1237
883
149
1190
2652
2102
2677
1609
1034
604
250
2650
2251
2197
203
2783
1557
1015
1403
766
2582
68
746
2574
2895
1997
1353
1059
1253
1254
1243
2511
152
102
2007
1460
2737
1606
1279
1457
281
1245
1514
2821
2788
292
2766
988
1574
1786
1234
1533
1326
2042
291
444
1750
2565
2134
267
693
654
58
1671
823
754
2614
2924
621
2195
2869
1363
1551
609
1000
517
127
542
1119
824
1288
2657
2659
1713
1069
247
1187
2573
2507
2046
560
2854
1319
2151
922
575
1945
1175
32
2318
1400
137
1564
184
95
2094
414
2752
1627
2633
1201
2321
1375
2555
1668
1585
1043
2770
1125
1231
2122
2606
2255
2470
887
1041
903
2310
866
649
606
1900
1888
2045
1768
1002
2603
221
2644
2198
1716
2676
2764
848
2504
2427
306
959
2222
1432
2065
337
2248
1026
1392
911
1145
345
61
1339
1373
1376
1341
2604
680
231
2360
2877
773
1678
576
2208
214
2815
1314
2049
2675
1524
1550
2631
1161
626
2814
2472
801
1121
1495
1087
2258
2632
1343
48
783
652
2023
725
1937
319
2621
727
1561
1993
1760
1355
2578
1285
893
828
1461
2500
2434
779
842
2720
567
850
827
7
986
1216
2443
1636
778
1677
512
1489
2912
1032
1600
1275
164
1673
386
2067
1305
2624
985
2523
1327
1126
2843
310
2044
2828
487
2833
2810
2742
338
204
1830
413
1334
2165
485
2342
628
2194
1209
1599
216
933
79
1204
1637
2120
1797
23
686
1094
13
738
2180
350
2392
1666
2020
1519
104
787
2493
1718
493
519
217
2905
50
1917
173
509
2772
141
1083
1796
767
2844
2188
362
1868
2902
153
2387
2330
274
1723
1367
954
841
1368
1496
1304
2719
1388
1027
932
78
858
989
357
2133
151
1029
743
1061
1110
75
2703
2024
819
342
2438
1802
1526
155
1734
1765
324
340
1614
672
2156
506
2927
1846
1974
2899
389
1264
