1646
2594
611
1318
2553
370
2224
2468
1556
1534
909
2906
2302
976
1238
2683
162
2582
2788
2732
1124
1444
224
391
1699
361
2360
882
7
2745
1208
473
2241
927
1457
1386
772
367
119
1520
89
339
2217
900
1235
2634
2874
232
1612
352
324
2839
1687
535
48
2030
946
1966
135
1791
536
967
1836
2756
874
1239
2333
579
1512
2022
1592
1856
646
981
696
1608
218
210
2315
2779
145
464
412
2077
2084
2290
612
1973
365
1430
2932
615
1809
2310
103
2919
2088
2813
1927
1049
432
993
2474
35
1716
1184
1541
1093
697
496
2335
2112
1142
1516
1582
106
1792
2896
2661
1066
461
384
1423
1454
2929
1051
2239
1635
994
9
2040
2079
1549
2357
424
1479
523
766
5
2590
2631
2232
1722
702
1415
720
151
488
277
2059
188
1471
2000
1316
1357
2477
274
2887
2602
2154
2891
1150
1177
671
2740
216
138
781
1536
2323
2255
2695
915
760
1216
1810
2765
45
1865
1356
167
2210
192
1200
770
708
1595
1692
632
93
1269
1234
2407
1876
1195
1160
749
2012
1739
1329
1390
2583
780
406
2257
212
62
506
705
2573
256
2770
2421
1256
2036
2722
2325
959
2263
2668
859
1143
1105
570
1522
2525
2175
591
1931
2881
1026
47
98
2187
1389
2464
1343
359
1774
1525
2454
58
221
2567
2660
1895
2497
518
1251
2364
343
2488
2106
968
479
1058
2902
303
417
124
2747
1166
1192
619
1096
841
2413
1539
2662
134
2810
2037
59
2627
734
2476
2521
811
797
1360
957
1822
40
1984
2418
1562
1806
1777
2147
893
1956
833
2116
1073
2003
2127
1623
2183
2545
358
197
183
1768
1898
2386
2374
577
889
1902
2336
1552
1405
383
2159
1413
462
2307
117
2716
2777
2274
1145
296
2785
94
2163
2504
436
1029
1669
1887
1987
2275
1115
2876
1494
955
223
428
217
353
1414
1207
2096
2539
2099
1220
2362
1757
2492
1149
1873
156
1642
2907
1015
82
950
17
626
2114
2622
278
1392
1332
2520
1970
545
924
1374
2711
2692
46
2401
2328
2046
1007
2540
1821
80
569
2216
1921
1453
340
710
980
2252
2848
1460
2193
2714
2219
2877
2066
1302
1190
2164
39
1377
1104
1538
1326
2754
1679
2808
1586
1837
997
2065
1654
2757
586
2137
230
1742
1288
1862
1440
219
740
300
1630
372
1016
2081
2641
2430
1265
876
2650
2489
1993
2857
1651
2786
932
1130
1514
561
1558
1161
801
150
1874
1187
1674
941
368
2005
2769
1578
795
66
2733
326
2868
1040
817
1055
1171
490
388
425
244
2603
866
1116
261
1226
2060
399
175
2496
1678
291
1502
1867
1607
1918
181
2846
1070
1336
2657
476
1802
1046
1617
1947
2067
255
996
1498
14
2097
1550
1199
1830
500
199
1673
1485
689
1248
2120
857
2406
2261
1584
2006
2612
883
2526
2369
2317
1926
2811
474
1786
898
2288
2849
1486
2010
686
2814
2309
886
1813
1283
2041
2531
492
1303
1518
1636
1071
168
1641
2812
2927
631
2500
2271
2712
1908
1005
2133
755
1719
2363
2123
1478
1407
1266
602
1450
873
1851
2223
2859
111
2458
226
1800
2741
1009
2693
1675
807
2893
276
2130
983
1379
314
2121
958
1443
2866
2920
257
1640
2294
10
1968
870
2062
2909
2367
986
1785
2673
2899
1086
2843
2308
455
2678
2495
1524
1903
1219
2762
754
812
709
2249
1653
123
72
897
1370
1416
362
2119
2699
687
393
633
234
1174
2653
2475
1783
2926
446
389
2750
475
2638
2901
2718
1510
354
284
1718
1705
2816
2793
1342
1727
884
1047
1548
1683
541
1445
1670
127
1912
2038
973
596
2931
2227
1197
559
875
860
2625
935
1135
2834
972
605
1003
2049
1772
1857
272
1923
1398
1012
2895
1843
2626
2171
502
2533
1133
366
2400
2287
288
1178
1767
2728
533
1565
1363
1922
1505
1939
1738
2556
356
1404
2835
1907
2719
2320
336
1439
2523
2170
2709
2789
923
2259
2761
116
752
737
2543
769
733
1002
2383
397
600
606
2621
1306
964
1604
844
2869
273
1997
78
2034
554
1959
2064
444
349
1888
2561
2331
28
943
2803
2643
1084
471
2783
1205
1185
1365
483
2449
906
2759
730
304
285
2190
1957
2584
250
2466
3
1438
719
573
1828
154
2648
928
2141
979
1059
1091
2293
363
514
637
1976
528
478
2165
1694
1368
2629
2398
2794
1991
1011
856
962
731
2280
341
879
2083
2787
2618
1459
1650
96
1372
2606
1461
1858
360
13
2517
141
2681
2113
789
1223
2452
2503
2340
1168
2518
2277
503
2087
1593
717
1981
2566
1696
280
1319
1369
1429
922
0
818
1615
1324
1848
1381
2298
1943
820
32
2028
622
1078
1744
1563
642
2142
400
1720
1750
289
2416
2256
2078
1098
945
205
650
2685
235
1044
2129
1978
1397
1507
2462
1945
1588
2607
792
248
2026
613
2541
802
2184
2731
263
761
196
298
2863
201
2286
1402
2746
2501
773
2368
698
2819
1619
1247
861
1690
2916
787
2404
2101
1173
1793
1090
1883
2457
877
79
430
1951
439
2456
2068
1348
1123
1412
778
2191
1004
921
1672
1960
2143
2900
2680
2047
2273
1790
2419
2580
86
2297
1700
2903
2507
2516
2162
2429
2117
1666
2145
148
110
1735
2905
460
2242
2872
2213
548
2494
851
995
1121
800
2439
125
1591
1892
177
2032
2544
258
2061
822
2258
1152
129
636
2851
2841
227
1590
684
2013
742
1273
1167
2698
1484
1320
1820
489
808
1784
1027
2670
437
1585
1760
679
2204
2822
1925
2417
1260
2048
1373
2278
1969
1000
1052
1
2403
567
2772
2412
147
1446
2089
315
2052
1659
1889
1801
2153
2798
1249
1188
1535
2534
2021
2225
1137
2016
918
987
34
2377
824
344
2051
1293
2519
588
1097
2160
1339
1755
520
2337
1330
1747
597
1419
809
142
1263
1530
1838
655
2651
1814
1400
240
1832
1882
869
810
1855
2314
418
522
160
1309
2339
2390
1422
547
1605
1388
426
158
1109
977
1037
1305
1490
695
497
1382
419
1713
182
1749
247
638
1181
1045
1300
1625
2075
558
659
2559
1193
571
629
2001
982
555
1474
539
2311
2324
133
2801
2281
1254
171
451
2033
236
2180
1118
832
2587
297
724
6
2871
1900
896
2820
1576
1698
2581
2196
872
1893
1946
938
1101
1311
246
759
2209
2513
1662
2736
345
2086
1361
604
195
2890
1983
1331
1728
401
2426
688
786
899
2658
1231
799
1210
639
1573
1006
166
692
252
2679
50
2588
1020
1680
2327
1710
2282
933
2898
685
187
1333
598
11
2807
1225
1180
1341
1896
2524
2105
2023
614
2267
2532
2865
1156
331
836
2179
521
1648
1434
2334
469
625
2197
1818
2479
540
2694
621
961
2437
2767
1965
2726
1737
237
105
1380
2194
1111
1920
1787
556
1497
2146
2136
2472
2748
1859
1393
1689
1233
371
1569
783
608
2305
574
953
2562
902
215
245
1035
2776
2675
1559
1599
732
791
307
2409
1209
1032
806
2886
550
2599
1999
208
1074
942
2921
510
785
779
864
113
2152
152
1267
1307
2628
214
830
1213
472
20
2348
1796
2268
2058
2480
1803
1807
1798
1310
1396
743
1667
2768
1938
2222
198
620
2338
2050
1018
1087
2359
960
1763
891
594
2505
617
1072
2930
1488
2385
477
939
1724
1120
380
95
2399
1980
2138
998
1764
1681
1458
2845
2690
546
2715
2442
825
2444
776
2928
584
890
2074
2724
316
1751
2738
1620
1919
2837
2264
1285
1043
2878
1106
1425
2211
1743
317
1196
2546
2358
1279
511
837
2459
1321
254
1169
1258
926
1540
765
2
2547
2591
222
1301
429
1682
97
2270
784
85
1286
2276
587
936
92
2502
2585
1075
834
2236
1033
1533
1323
2354
2830
2433
920
1080
1933
828
1284
2702
2739
2122
971
1602
290
387
1624
328
269
1067
2790
2758
377
1950
1162
1638
2486
1972
1347
867
2854
1099
2686
1910
423
715
1203
2344
1252
1708
1897
118
2674
1344
1335
2613
1746
2425
2538
2514
654
1337
2888
741
1435
2640
1709
1845
2410
2840
1136
2829
1103
2639
435
1826
431
2605
1780
991
1914
1421
241
1053
2312
1726
374
342
1131
1313
1163
2161
815
1354
2004
1432
200
2009
2094
1917
1399
421
2623
402
1733
1224
12
1779
463
1581
2322
565
803
392
593
44
2564
595
2659
1503
140
2478
144
1812
703
930
1660
592
174
2128
2107
916
454
880
2371
2855
2645
2235
2844
2233
491
2493
2624
1394
648
2347
2528
2884
543
2174
911
2301
1039
2592
1117
2764
1353
590
1172
137
1913
634
1618
1236
2300
544
1937
2870
2471
56
2350
2720
1462
1941
16
467
1554
104
238
1799
1840
1707
1272
319
1977
2508
1322
499
2372
842
120
609
2393
2025
2506
970
931
1706
1158
2485
1264
1250
1500
309
603
2515
1909
2231
1703
1553
1771
2346
165
1268
747
173
481
929
2802
233
2202
1732
2637
1891
2090
22
373
55
1202
2753
2076
1134
1788
91
1198
163
2073
894
1437
1290
2904
229
839
84
2619
1189
2395
1626
2095
2342
963
415
748
782
549
1967
107
1456
1427
2833
2598
1476
242
1846
1366
364
1340
2862
308
1911
498
325
2853
2135
819
700
385
912
1328
442
1492
1287
480
2283
268
601
350
1417
2676
965
576
1580
1515
1345
394
1878
1041
1564
531
2316
2172
727
2018
293
1182
332
1418
1571
805
516
1431
1847
1139
1119
459
2102
1928
1645
858
762
88
2597
2760
301
2576
2148
2697
534
2408
2455
1475
311
2499
398
1932
2373
1940
2366
2604
1631
2303
1529
465
2707
1378
157
1019
2124
1495
1794
338
580
568
1929
2696
57
1082
25
2329
2192
1688
312
948
2911
1905
2027
2883
835
519
678
1482
1126
1411
136
2771
1875
2125
2205
1410
1359
1961
1463
1628
2349
2842
321
2636
530
1349
1695
1542
2774
1526
190
2200
1280
2069
2451
1391
885
1270
266
1170
739
2677
100
73
357
2827
1881
2149
1292
114
2389
937
61
849
2578
1447
1509
664
2168
382
395
1725
2924
1211
1869
2434
2361
901
1296
1731
850
1924
1157
155
1904
1839
1963
2763
793
1684
1023
1829
578
517
2463
846
2054
704
507
1274
658
2481
2706
712
1513
2550
347
1597
2251
560
2529
335
2600
656
735
2057
751
682
1704
1355
65
2614
2043
2071
1523
1298
470
1994
2571
2687
1034
2509
2189
647
43
1334
1622
2379
1325
2617
2284
180
2809
1668
2212
1697
1164
1657
405
2461
1616
2378
607
1385
211
2882
2445
2384
1308
1275
2260
1899
2415
1936
1063
2035
2402
262
663
1560
1014
2630
564
1100
2218
2804
2751
630
947
1717
438
1228
2104
2017
1797
2370
2118
2092
164
267
2749
956
758
68
2669
1778
2704
1128
989
83
2743
292
1600
2915
1996
30
2558
816
526
260
2144
990
667
513
1627
4
1077
410
2511
41
1842
329
690
1782
2656
2134
313
2391
1979
251
1129
2665
270
494
1614
2923
1042
2671
854
2708
495
2365
1825
988
2093
2752
1714
2569
887
1877
618
128
1748
1278
1555
231
2825
1915
90
172
1567
294
322
2380
2319
2199
1528
1241
102
1819
1465
411
1894
2595
1194
1521
524
1113
1186
53
2894
1633
1861
445
1527
2734
1652
1062
2238
1467
2530
2330
8
2913
2568
2821
1262
2321
907
1537
1022
493
1144
1282
1083
1132
2188
701
1596
1358
1346
1165
1511
287
2608
1647
840
2177
1834
774
2207
2411
2289
369
1257
2024
2922
468
1227
645
2672
527
1519
2198
1730
1835
1756
1291
176
2633
2700
2111
660
2467
2007
1844
1054
2469
1242
23
1575
2039
649
2091
220
2799
33
456
589
575
448
1350
2240
1661
2243
771
1383
949
1327
1001
286
2447
295
2285
2031
2272
1975
1271
441
1989
2873
2818
2103
675
1406
302
1823
75
666
2450
2689
2131
1949
1886
2536
1069
1944
865
674
2427
1056
323
1466
1572
1312
1351
1110
452
2860
101
15
2815
1762
750
2491
1107
2234
2230
1606
482
2542
2593
1583
1817
2667
1942
2483
1753
2341
2635
1314
1629
563
209
275
271
504
2852
1804
892
1589
153
2615
1613
1493
169
903
379
723
635
1691
189
1776
2548
871
24
49
553
2291
1289
1781
2482
2601
1468
1436
1860
2744
538
2176
2140
1504
2435
433
821
651
954
2611
416
1112
1191
657
585
1853
2652
551
2512
868
827
1094
355
2215
2691
1988
1770
2586
1217
2616
2185
443
1255
721
661
2646
126
1095
582
788
2203
2727
1610
2649
139
2589
1240
2082
1024
1906
2796
888
694
422
1758
2453
2737
676
2246
2879
2056
798
1639
2381
1081
2742
2555
529
2070
2353
1338
2441
351
2254
562
1068
1499
143
1229
1464
408
1244
1085
2155
1663
1403
537
203
2885
409
1159
2565
944
628
1176
1998
763
1665
2343
2778
2318
1401
2221
1561
1315
2701
1568
191
2552
112
746
910
21
1261
1864
1557
738
2791
453
206
1729
2248
390
1982
1871
1574
2914
1671
1546
1277
1759
744
2861
239
917
386
2020
2642
1754
63
2295
1517
413
1901
178
2237
2397
814
753
2201
67
1872
2448
853
186
1424
131
1057
1833
487
2847
1649
722
1587
2574
337
18
1061
1079
978
1506
2167
1489
2563
1028
2773
2824
2892
1352
1146
2647
1222
2663
404
2889
2557
1789
852
1259
1816
1985
501
1122
610
881
1566
1686
691
2208
1148
1831
1125
2015
1761
952
2766
283
2313
804
1050
1304
161
2632
895
1930
1795
2730
1221
228
420
2292
2156
305
185
2897
736
69
2710
2382
1992
1953
2838
699
2351
796
2085
2703
919
2560
2424
1218
87
2867
52
1532
2828
1140
1371
396
2510
299
863
2780
2688
1880
2431
1299
2806
2554
74
1108
2247
2610
2460
1147
1551
1483
1151
2326
624
1544
99
680
1281
2735
1480
2394
1827
905
330
2265
843
2080
70
2522
1367
2214
1849
2253
449
2392
1531
2721
2356
2436
1824
1395
1008
714
281
1850
855
29
725
485
2755
2169
1206
2549
2498
2279
2817
146
64
2355
71
1021
2800
711
2487
1577
693
2826
1060
2422
348
2072
1715
1441
282
1428
2345
1362
2875
259
38
1451
2109
376
81
1752
26
640
1702
2002
729
745
848
831
775
115
2725
407
1449
509
599
2443
1632
542
2388
706
2792
1420
1543
925
184
2609
1870
1995
306
2019
1884
2729
2014
1387
2262
1491
764
2850
2933
1384
2446
279
447
132
2166
1736
2132
1452
1815
193
1601
1183
1175
1230
616
726
838
60
1948
904
121
1364
1974
179
334
1955
1013
845
2396
652
2108
108
1473
1092
122
1214
768
2126
662
1448
2226
2158
1990
1712
653
1664
207
2420
1204
1711
1376
878
458
2465
2151
525
1408
794
310
1685
665
2244
2864
1547
2055
583
249
913
672
2925
1010
1805
2352
984
1212
716
130
2908
2784
2832
1609
1954
2440
2535
51
951
847
1808
2115
677
36
2470
2250
2053
975
1076
683
2042
757
1655
264
1934
2644
1409
2575
643
532
2797
1481
440
940
515
2682
1811
2206
149
767
2139
213
2173
2306
1656
2912
1841
512
1138
1866
1986
2579
2029
2438
1245
1038
1114
2880
1598
1545
1935
1676
2527
2332
2537
1232
1740
1064
2918
2011
2577
427
2432
1741
19
1579
2387
1017
346
37
2490
1102
2228
1734
1470
2220
2805
1496
1295
253
1179
1658
2100
2551
1426
670
2596
1644
681
2178
2775
2428
1952
707
1048
1501
1634
2157
669
1246
1088
1621
641
243
1745
718
2836
109
1721
2245
2375
2423
505
434
2186
1570
170
1455
1637
1317
1487
31
2304
999
202
486
1879
2620
713
2484
557
829
2654
826
1297
2181
1885
1766
552
627
1508
934
2666
1868
1089
320
862
790
1025
2655
1773
2723
1611
2414
914
2150
581
1036
2045
1916
1693
457
1603
194
1958
1276
2405
1433
756
76
54
1890
1375
1253
728
265
908
2098
1153
2266
1769
2823
327
2570
2705
204
1775
1962
1155
668
1154
1294
1472
2296
2299
1469
414
2781
403
1031
777
1852
1971
77
27
1442
1201
673
42
2910
375
644
2182
2684
466
1723
2831
1594
2229
2713
992
823
2269
813
2044
1863
2858
484
2008
2110
2473
572
974
508
2856
1677
2917
1030
969
623
1141
2795
225
985
450
159
1643
1765
2063
2717
2782
1215
2195
378
966
1127
381
1243
2664
566
1237
1854
333
1701
1964
1477
318
1065
2572
2376
