774
2675
1966
2821
2213
2761
2859
2204
1044
910
237
650
2162
2608
1589
2566
2562
2530
2223
442
501
2781
1293
2092
1804
2522
1338
2501
1841
372
337
845
1370
247
226
1355
2359
2724
2164
2242
1331
2673
254
1825
1686
1821
365
215
1427
1751
1241
541
585
1098
2018
1369
1325
2569
2693
567
2373
1807
1162
2349
1037
2842
316
2356
342
2201
1001
2730
2563
1474
1026
2669
2032
1095
1073
1409
2899
975
1695
2066
451
1799
745
2800
2822
186
1479
1265
2917
1229
2081
1059
2010
2524
1931
359
2445
103
1503
760
976
1052
2144
1340
2879
1205
331
1671
1354
2791
1110
2619
239
1197
875
47
2733
1647
1193
1112
2912
369
1880
1055
2744
636
2344
1058
1950
1949
2479
240
687
2478
1784
2352
1141
2674
1155
829
1071
2487
2932
292
27
2033
1215
1925
782
345
20
2202
2848
918
2470
122
2580
2887
2592
2922
64
627
306
1622
1372
764
2260
1022
498
610
1158
2183
2105
2874
61
1982
2824
1896
982
1558
2888
230
305
988
1373
1835
2599
2098
2916
2134
2711
888
622
2819
322
2594
917
1721
598
309
1559
983
2293
755
1323
2584
1748
1466
15
260
1344
611
732
1281
791
992
699
1974
408
202
2740
2357
314
2766
1736
2663
624
1066
824
1
1523
1024
1254
480
1817
2849
833
1389
156
1219
17
2794
2529
843
1438
459
429
2502
98
1308
1295
2142
2685
1670
2415
643
2224
478
1981
2491
2237
289
1959
2646
2851
1810
677
2813
102
48
547
405
847
789
2587
1590
934
2488
2715
500
1408
1222
2429
712
1656
1869
2049
2367
1839
1666
2636
2894
739
2104
1368
7
1528
1238
263
274
1710
2122
1441
2494
84
2080
906
1266
2008
1313
2261
2591
812
703
1307
2757
1924
2195
2214
2113
929
2705
1819
2317
410
1014
391
370
520
2676
1434
146
4
2629
1342
2614
2889
945
1258
211
1132
761
1231
1038
964
2350
1962
1476
2634
1419
2377
997
1207
2393
1809
185
1235
588
1415
1638
2380
1753
1709
1102
2334
2050
1693
472
341
1400
1861
1999
1615
1002
2568
507
1463
1326
2440
385
2671
1169
776
2371
2394
1111
1704
993
1382
1025
1715
2486
132
1527
6
1697
2053
2041
2407
1679
638
250
589
2692
1090
1625
123
1107
2721
940
1773
967
659
164
2812
1446
1351
568
1992
810
2135
275
279
327
2428
1242
2597
1329
2463
409
1143
1477
285
1381
564
2226
2126
923
1322
916
668
620
2844
2704
2333
2799
1448
2706
1336
1487
1050
161
2184
1978
112
1611
1733
674
599
364
2405
614
242
223
1273
591
2579
1563
136
2441
1136
2616
427
2067
534
2570
1788
2082
2016
537
2527
1898
2450
995
1993
2259
2219
1680
138
1602
1041
214
1160
1568
37
1113
653
737
762
1718
2230
1000
811
1251
2115
2194
276
960
100
549
2631
2244
1414
2764
1225
1418
1612
1393
1324
851
1603
2769
2339
355
1776
784
428
352
2510
709
1542
634
1904
1801
932
1943
1504
1726
2028
177
2300
85
864
2157
1262
692
734
1031
1053
2108
2084
861
1483
2149
1317
389
1125
304
2878
466
2680
1237
1916
672
904
141
2241
1956
2170
1375
2577
640
2787
1250
2426
2784
181
384
2803
517
1482
2737
1830
2022
1212
1076
781
637
1717
1253
1425
2307
1521
698
2745
445
1706
2182
21
790
2220
1645
2360
474
494
2847
2458
1471
1970
2284
1608
706
600
1900
1889
930
1689
224
2351
1627
2043
1545
1617
1887
36
1457
2188
1013
1401
2127
2742
1051
2167
2731
51
462
1157
1994
2266
197
2387
1116
1135
283
736
2517
432
1917
1138
557
267
2461
1613
2512
422
688
353
1211
2770
88
1078
1301
1973
1294
363
1795
261
2595
2929
299
1539
2404
765
356
1318
1986
2583
603
1907
2732
2925
45
376
665
2548
1404
411
2808
2294
39
1435
551
431
555
1649
2436
1405
379
2852
1570
2234
675
1046
720
2900
1054
1883
234
2600
1813
1761
887
2180
2
2173
513
2187
628
380
1413
2011
1929
894
2128
2094
334
29
1388
954
1785
1639
1515
1927
2155
1737
1816
1998
1892
1886
2449
872
142
495
1490
1581
233
909
1328
2221
652
752
972
2829
1182
1847
2446
2112
2077
2509
2348
2137
798
2118
1969
2768
1508
1885
2853
2382
2830
2267
966
135
2677
1357
1536
1092
593
2103
2283
858
2117
1607
1768
880
2229
1683
1217
1206
2306
2460
1596
1422
1114
893
1975
1048
1591
2928
2301
1086
1938
922
2120
421
1616
2454
1363
1953
1123
2531
452
609
1579
38
1063
2336
368
1530
819
1584
2012
1529
1288
2416
2465
1800
2365
1549
106
1154
1216
2485
2278
1672
307
1637
565
1220
2074
693
2109
2040
2389
974
1513
1279
2159
2093
87
2175
1769
1646
107
105
2921
518
1163
2481
1936
2292
973
2089
1777
1280
143
2658
2656
1877
2632
1684
947
2695
757
2839
1396
2809
2759
2384
834
1772
1980
2473
2480
1142
1652
1641
1484
902
300
2153
1669
450
439
2689
938
1696
1961
673
1456
2606
1834
2783
366
1185
447
1458
1840
2877
2657
163
2758
151
44
2399
941
991
2533
319
1537
1286
1028
82
231
1730
43
2526
2908
2030
80
573
149
2536
2101
395
2628
1705
403
1653
2277
1531
1464
1727
574
1489
2891
104
937
28
2326
1665
1093
2792
1315
2564
2437
1394
731
1864
2931
2558
1156
1007
1501
1774
2709
1137
2604
1189
1473
877
2165
1648
2409
2145
1410
412
2430
2408
1447
1285
252
854
1934
2605
1019
656
2702
248
2861
2422
1552
2085
1300
2467
2911
1436
1921
2287
2037
1734
255
1493
690
2525
2749
1488
1688
2335
2728
580
1538
2288
2083
2895
2779
525
849
1496
2121
1957
449
1623
1159
271
1779
1586
1518
2279
800
1391
2528
2753
2087
2542
2873
1587
1520
1618
2870
705
2396
1855
2727
2425
236
23
434
2492
2376
2920
1560
2609
1303
1621
1664
2630
1455
2228
2590
86
1218
2802
1407
792
2538
2420
1492
2867
2054
207
1995
713
1361
166
1754
268
76
2840
1860
1668
1514
1364
2622
775
2327
208
2850
1674
1955
512
19
2216
2116
75
2924
850
392
1264
554
157
2883
463
2342
994
1691
889
2055
2543
681
1176
1187
2719
978
508
1555
871
1740
293
328
1358
801
1878
375
2236
1257
2545
577
2615
2896
280
2123
750
1723
2007
1379
1097
2069
2154
2088
2289
476
2132
187
246
2755
1823
79
296
927
1378
55
2285
942
773
74
2388
805
2554
301
1933
2827
34
859
13
1017
818
377
618
1870
1174
998
2589
2346
2320
796
2046
1818
2670
2575
1202
935
482
516
2556
2338
1341
2435
154
2075
2005
2329
2649
2243
93
468
2723
2363
2927
2133
2280
528
920
1287
626
604
1510
740
780
1694
1057
1868
981
814
199
2641
1964
633
683
753
2701
586
2511
663
2534
1604
990
2111
689
1084
97
2623
1838
550
1862
953
221
1971
2714
1049
1134
886
2697
697
2383
2598
1009
320
766
1152
1140
1227
2801
1901
545
1120
1796
2602
419
1392
1347
2392
741
228
222
2756
2337
2831
2029
35
2158
2484
1047
1654
1766
608
832
1192
2185
400
145
1942
2172
189
2411
2918
178
931
1298
1269
209
475
2854
24
1184
1439
2448
53
1594
155
928
2047
1711
1128
2412
381
1244
116
2565
2708
2302
1846
704
530
477
2315
694
1940
2035
1614
2355
2147
2438
2798
2318
816
1582
519
2131
470
2281
1557
1236
1743
497
2814
743
2926
1854
2523
54
1522
436
1725
324
1320
1755
330
521
531
31
1070
1387
1498
425
481
1437
3
1302
1119
2648
350
129
440
1851
1634
1015
336
1186
783
744
702
1444
1630
2686
171
592
2930
2668
358
2707
1827
1935
329
1932
71
943
1544
259
1564
2095
1380
767
1403
576
1406
679
152
2857
1729
822
2557
1292
809
1270
1045
2021
2245
354
2020
607
2141
1056
1223
2552
2208
118
2476
216
1575
1067
1016
1712
1731
1443
2652
912
649
1609
1747
1822
2328
95
25
2746
49
2777
2023
1248
288
2610
1593
291
196
446
680
308
952
1267
2402
2561
2725
1577
2499
708
2282
846
1282
1040
1091
1230
735
969
1605
1274
2506
414
1793
1349
707
785
57
60
2804
1566
2875
169
695
2651
1698
2452
2735
1872
1757
999
986
885
2189
651
1277
2058
2833
950
2881
1245
1259
1117
360
158
323
2102
40
1423
1988
578
257
2070
2763
33
2647
284
2179
1983
1480
22
1472
117
1297
2044
870
1104
1598
1006
1742
2027
218
2052
1500
2748
65
72
2026
678
96
1815
924
460
2498
2588
1255
2682
1565
1850
1915
772
685
2059
1979
1352
756
700
1309
799
1939
1072
180
921
2025
786
2395
1631
2843
2065
473
101
1760
1845
1417
0
2722
754
2217
190
2295
2618
1663
729
2166
2203
1035
349
575
2826
1963
669
2913
315
2274
1632
2086
1343
1276
159
2163
1749
1703
2391
1908
1043
2323
1592
2191
1550
2560
2453
1894
2193
1080
398
8
1346
339
183
1334
119
2068
667
192
2397
1065
2639
2097
1481
965
963
2178
2423
489
558
94
1283
2249
2679
69
170
73
2247
546
1451
1719
2496
1027
2772
2239
2694
2654
1675
2071
2796
1606
1655
1272
232
133
869
1430
949
2091
2837
418
264
1316
1849
2218
1662
298
2662
14
2665
2518
1296
1036
483
1811
1228
2372
1692
1507
842
1794
453
2876
1763
1643
2455
2253
1314
1512
1728
956
1765
2519
1213
1385
1540
544
2541
2381
2507
2823
878
726
1289
583
2369
1366
1599
1411
2090
787
2864
1268
1767
1871
1042
1060
884
1657
1619
2765
2872
1256
2366
2362
1805
2550
9
632
2291
1554
416
989
984
1920
2345
926
1096
2845
1828
1535
855
836
1333
522
2129
2790
2125
2275
1965
1600
2146
1149
2666
1061
658
1912
1644
1636
70
1398
134
1332
153
684
204
2198
717
2838
560
996
2171
2298
1249
1221
2893
338
830
1701
1191
1465
2729
1291
2836
1226
1252
841
962
1746
1578
2148
281
2549
903
777
1083
1572
1690
2607
406
1039
961
2251
2431
109
1171
913
1546
2096
2574
182
2762
1567
2196
492
1677
968
1922
2736
1426
2539
2750
1200
1367
1454
1194
1082
1790
191
971
1905
719
2820
1831
1129
1234
892
126
128
1118
1150
2805
654
1179
2909
2720
596
2057
235
1145
2034
535
1240
245
1707
1506
1991
2862
616
1509
2635
566
933
2150
1011
394
2042
944
1511
2406
1432
948
1208
2495
2331
2703
2130
2898
1284
1122
852
839
277
831
160
795
2547
1450
977
461
81
89
2678
2156
1003
2181
873
1421
1062
2246
1094
2672
367
594
553
332
1700
2515
1843
2508
1305
2571
876
1330
401
2712
1064
290
2017
1678
1946
2544
955
2904
303
2469
2581
2923
361
388
2869
2161
533
2504
68
423
1628
1224
2272
1879
813
2482
2642
12
1353
2603
1853
881
957
1859
1106
1806
2866
420
1383
1732
2286
238
2738
2775
2627
2493
515
2621
2855
1442
2459
219
2858
2860
42
1214
464
552
1018
282
174
2439
865
1967
243
711
2421
1445
2358
1824
1499
52
2546
623
1467
1580
2752
1261
2419
1126
2039
404
1720
1429
826
1468
2176
2451
2316
1459
1173
1745
529
124
1360
2713
2192
866
867
1906
374
862
1716
1386
2368
803
2660
2520
1661
1115
176
1335
895
825
50
536
2254
1797
1781
1996
794
625
1902
891
1075
2684
686
66
1161
387
2413
936
1433
1875
670
1848
2375
203
2048
287
646
1857
1146
2696
2140
2308
1856
2313
1881
1989
1762
262
1783
1153
821
1029
1195
2617
465
506
1583
671
2001
121
1930
1420
2434
2248
373
479
383
748
1687
581
2024
2151
657
1620
1629
2227
1402
2890
2555
2353
2902
1960
1888
1319
1494
951
1069
2477
619
335
1918
2231
1547
2778
131
1243
2810
175
1775
556
2321
2190
527
120
438
2513
2250
437
486
1359
1541
2073
108
2661
1865
2186
1099
908
1990
1371
1196
2330
1771
278
424
524
1246
2319
682
1030
195
1764
2690
1977
58
1440
1650
1121
139
496
2341
2497
979
1903
2305
1836
1897
1008
1997
2364
469
99
2739
2773
210
2114
2786
441
2659
2056
1416
311
2771
56
41
430
1519
503
212
2500
244
2270
2892
2612
1876
590
2780
758
2653
1306
2269
2212
2710
615
1682
882
730
1533
485
1449
1713
2793
2640
397
1976
2379
1233
2003
1516
1100
1866
505
723
2079
2871
2418
325
2718
2014
1144
714
1803
2297
1345
321
939
1945
769
856
1505
137
635
1517
1561
523
1610
563
1585
2310
2774
2489
1884
313
662
1452
357
456
484
2637
2806
1954
2100
1968
2645
1012
2505
1337
2915
265
1744
1101
2299
1814
2834
691
539
127
229
2817
2811
1188
728
2521
661
2002
2238
499
612
351
1166
538
2257
2374
1556
2205
2626
2667
302
454
1081
1108
666
1139
1485
1175
2273
2828
2593
1204
907
837
1909
2795
1891
1399
970
2815
504
1786
898
1201
326
2427
1148
2222
727
1708
2390
448
1497
1759
270
201
958
1271
664
2378
2472
1131
2063
1573
874
2471
725
2741
1601
1911
125
1178
980
2119
310
2782
2664
2807
2258
1724
793
2699
1168
1376
1339
1004
788
1914
2776
718
2743
985
1659
2789
415
390
184
721
2559
1792
173
1548
1203
2322
1397
2688
2638
1077
2309
2268
249
200
1858
647
10
2136
2818
1944
571
815
2655
857
1937
660
2503
2197
1624
946
676
1327
817
896
312
1321
1778
1658
2567
110
540
1130
2215
1010
1837
407
2207
393
542
2698
2340
92
1486
1534
2551
487
2110
890
1190
2490
925
1919
2906
595
2061
2013
59
2139
1127
2433
148
269
763
91
2262
2235
2691
2206
90
1676
5
1210
206
747
1362
378
1928
2717
1948
1667
2000
2897
511
2788
2401
2514
570
2314
1802
1350
2905
273
1263
1079
510
548
1278
2332
1164
1651
1172
11
2687
2754
1068
2174
2785
2462
502
347
2576
1899
2841
2466
1312
1791
16
272
710
2160
820
1756
778
2683
2865
562
2296
1183
2006
458
1023
2325
1738
2403
2464
779
371
258
2232
488
241
1469
318
396
2919
1833
2062
168
2553
67
2535
860
165
150
1088
1089
1151
198
2747
294
2410
1947
46
1109
1808
2650
1874
2475
1826
1034
807
1569
751
2624
2060
899
490
582
639
1770
1105
2578
286
584
2264
344
2009
205
1311
879
2051
2856
1752
362
2304
2138
1374
343
868
905
1739
2443
746
2417
2885
333
62
1165
1958
1103
1893
26
1475
1681
2036
2240
2537
1780
2457
919
844
83
2019
1209
2882
457
1820
2361
987
738
631
1673
959
2256
113
30
602
2347
435
1553
655
1597
213
1951
601
1428
1377
526
644
2835
559
1952
2700
645
172
77
2225
900
579
2572
217
2265
840
1987
2734
759
1431
838
18
1852
2004
1032
1470
1635
1626
742
2076
572
771
2255
2468
253
78
835
2290
1923
130
1722
1460
491
1502
2324
225
467
897
147
2751
1571
2582
1348
2385
802
770
340
2716
1074
587
2886
2767
1290
1633
1873
2303
1478
1424
2276
2169
2901
1524
444
696
1829
1412
806
2031
2884
621
297
1758
2271
346
724
2633
543
2106
1789
848
1882
2644
2483
1304
167
1562
1021
140
2613
1247
1147
1526
606
1685
2868
2072
426
797
605
1890
2573
914
1395
883
1453
2370
1390
1543
2540
251
2343
2516
2586
188
2064
2447
493
114
2456
1985
417
1199
2532
648
722
1574
2797
115
1461
2152
220
382
1299
1750
1660
2825
613
2078
2846
901
2863
266
808
1926
1714
2907
1972
1087
2386
162
402
32
2312
716
111
1491
1782
1984
597
2474
433
2045
2442
2880
1384
1798
1576
2643
1941
194
2398
2263
1812
1167
1239
1365
2209
509
2424
1863
1702
2199
2816
1913
514
413
1532
2760
915
715
2585
2903
1462
2233
2038
1310
2200
1133
1910
911
386
1033
2311
1551
455
144
2625
1124
1895
768
1787
256
1642
1595
1741
1198
399
2400
1640
2726
1232
471
2596
2414
2611
2910
641
2444
2168
2211
2210
701
2933
1842
823
2177
2432
1495
630
853
569
1588
863
1867
2124
1356
1005
1181
193
617
1844
317
828
1832
2107
2914
1699
2252
642
295
1085
733
443
2015
561
1260
804
749
827
1020
2099
532
1525
2620
2601
1275
629
179
2681
1177
1735
2354
2143
63
1170
1180
348
227
2832
