2931
1768
2010
2625
2721
2597
1926
450
614
2617
2474
255
1598
1594
2419
2142
1354
544
2233
193
1319
1817
2087
1145
1070
0
1944
2744
2469
668
1708
1013
2673
1320
1841
2520
993
763
2652
911
1203
530
190
1628
773
1259
17
1240
2252
2589
1237
1847
2574
908
1680
2844
776
469
769
2192
2092
1870
307
287
362
1623
2886
630
115
1748
1830
2124
1049
1641
2822
93
2448
2763
1277
2035
2664
1267
852
2677
1429
2929
1246
1553
2310
687
1263
1876
2746
1229
1631
2197
2782
1476
1466
1903
1362
775
94
920
446
654
814
2480
1446
2522
2750
2556
1182
1247
1436
1055
964
283
1895
2215
1743
2352
893
127
950
2641
2188
1033
618
2043
838
1307
2734
1160
2082
319
2309
1067
2312
1448
175
885
514
2042
1047
2901
589
1089
23
810
1891
1601
875
1754
1782
2612
2908
139
608
767
2872
1949
2694
2055
2787
1372
889
882
1431
1885
2546
1076
2072
559
1605
933
2234
182
841
2046
1101
2668
865
2260
547
856
2814
1864
1529
2731
1773
2097
2182
2621
1837
505
2785
2850
2311
2887
217
262
2248
467
2415
2733
1518
1481
2651
1220
1661
2554
2441
1051
674
1578
1568
2306
2223
2054
934
1549
2380
1457
2405
1793
2177
587
855
1919
2869
1383
2452
2416
2528
1867
2783
1344
2128
133
2598
815
2858
1056
171
1912
2502
2499
2560
851
1028
1270
1583
314
2683
884
658
1239
392
180
2799
2791
1562
1816
2181
1302
1440
1296
2704
735
2093
1129
1551
1021
1756
1698
1235
1786
2437
2710
826
679
1197
1289
2360
2294
923
2149
1860
2899
684
1445
642
2038
1940
125
2232
2708
2743
1752
292
1710
1281
945
2037
566
1990
1421
396
317
1941
1851
2264
2742
2209
1967
657
578
2348
2002
2357
2150
496
503
1492
869
7
580
418
663
2767
1971
356
2195
2747
2511
1565
2698
1137
785
1952
2638
1905
162
1960
2720
2428
2270
2752
278
2622
2088
1030
2774
827
1118
2436
1426
660
921
526
577
439
2425
1909
716
550
51
1499
1654
150
483
2308
417
2888
1873
2337
2661
1173
1200
357
701
1516
1707
329
2322
971
1088
355
582
1638
2206
673
2022
2578
486
1285
189
1517
2421
1279
970
176
1986
401
2492
1760
424
1341
2140
534
1818
2049
1389
2304
569
659
198
1755
373
2258
61
1186
449
286
729
2792
2517
2561
2918
1767
2892
913
2442
2643
22
1998
1379
2577
2402
1102
1692
1184
1587
1479
1493
1914
929
1921
726
436
523
2458
1507
807
1882
1465
782
2812
1541
2350
984
1923
1295
1834
2924
1675
2008
1152
1552
2925
2329
2438
2770
2917
628
2045
2717
2426
366
2137
1198
787
1626
1139
1746
1366
1632
215
2547
1709
2823
208
2806
1148
1513
267
1140
2883
181
1845
963
2194
2389
1300
2741
2753
2815
1935
410
581
1776
1308
2330
1063
2290
48
1397
112
922
273
62
502
881
1468
1571
282
2392
1744
1435
2476
1666
2824
1948
757
2427
2857
731
372
1258
2484
1489
1659
978
2314
2594
2325
683
2881
1831
874
2101
771
1665
867
591
1276
2902
551
2333
847
1843
2535
1716
1138
121
1242
2219
2834
1350
2267
135
2400
2649
31
1988
1938
2759
2854
2628
1844
691
1896
2347
793
295
1293
1642
1936
1509
987
1371
638
586
2121
562
2280
2678
1893
1282
491
1775
2456
2809
936
2203
2284
1600
1078
1141
2453
901
2771
1901
1932
1889
1024
2585
634
974
552
2331
1734
1450
1883
2579
1502
500
244
2805
4
2848
1216
1004
2024
2155
2923
872
2712
233
2654
80
2176
2249
2716
1995
2686
2385
2737
2003
864
335
671
2730
2080
675
2262
1144
1849
575
836
2067
1726
2518
2604
50
1978
2254
744
1608
46
2912
705
1065
1406
647
601
2367
1510
2289
1993
2236
809
2157
866
2344
1095
1512
1487
261
477
1974
2503
1792
1880
980
2650
2846
904
1122
2168
906
2837
2495
1189
939
2365
65
2117
689
968
352
2875
460
1234
206
2341
709
625
2524
2910
650
1761
252
516
2009
2053
734
250
2259
2036
73
2418
692
1984
563
2728
1038
1787
803
2040
2351
2479
639
177
2462
989
842
16
1367
652
1846
2533
1414
947
27
2644
1607
2800
429
1890
1644
1892
2296
699
1745
270
2768
1384
1728
2868
1750
1123
636
67
2315
831
1959
191
1151
2210
461
155
1330
170
1824
1609
196
1447
914
104
2523
616
497
472
1331
1983
1104
861
407
752
1094
1418
1881
720
169
857
1269
2729
2762
132
1217
2276
2171
1684
2245
2184
2052
2030
230
2904
2074
2336
1179
1163
1008
2032
57
251
1321
440
2667
1034
498
2283
685
2784
2253
1956
1947
1231
2468
388
1690
1800
1742
154
2565
1670
957
1262
2430
1798
2145
242
1314
1215
1297
136
2144
1115
1225
2636
1369
2676
2472
2098
2860
986
2066
2907
1147
567
1809
825
2610
2696
839
2057
89
1900
832
368
944
1380
2600
1403
420
1335
1732
789
870
1813
174
615
130
1863
1785
1226
1353
459
1982
2007
565
2481
1794
86
117
1827
1058
1044
1404
1195
1490
2532
344
423
409
2089
337
1924
1922
519
218
1590
2627
1679
1805
1937
958
1400
704
2251
1326
2795
2445
1683
41
2632
397
672
448
719
1449
1945
403
1711
2160
70
1991
1975
951
145
1026
1053
2222
844
2485
2808
2340
2371
2395
200
883
1561
1116
2758
1566
1176
2691
573
509
736
2355
1165
1156
1443
2786
1360
2471
304
930
2397
345
1177
592
2175
715
2103
1676
965
1550
528
236
2000
2193
2023
555
1194
2359
39
1504
238
2514
2679
696
1045
158
83
1774
1584
149
2777
1409
2107
768
546
1299
1737
1323
1208
419
602
1121
682
1284
2915
172
537
1275
667
2725
1019
1942
1324
414
2346
1048
880
71
103
2682
802
2603
1878
2543
2866
2583
1741
2403
85
928
2882
1125
1839
2626
2530
533
1682
2185
1855
753
2873
656
470
2275
390
279
840
2068
302
1117
106
900
611
274
1498
2871
2701
1042
2127
1422
2550
2339
2039
2285
2635
1629
2779
2263
1606
2396
2801
697
1213
1544
1603
669
2614
1722
2680
1250
890
2031
2083
1159
1113
2719
2379
2301
2250
361
2675
202
1408
622
2408
2376
690
1149
2874
331
2513
1483
291
2646
1925
92
894
1388
862
2161
1146
718
2455
239
728
1456
1079
2797
2112
435
342
1611
2014
493
2363
924
2165
522
1461
873
29
1662
1648
371
1073
2863
293
412
751
2906
276
1168
453
2706
620
1398
2020
26
113
220
1356
799
1169
427
1351
985
1017
2429
2740
918
2500
1432
557
1543
2196
2867
823
988
1124
912
698
2212
2512
1778
2382
2807
2927
271
571
68
1312
784
2272
1212
1228
2700
1394
2811
1582
811
1589
2221
1943
1523
1096
1205
1434
2433
2271
2388
2796
2071
1907
1358
1355
1342
1994
926
688
377
1927
2803
2064
1069
919
2515
2216
1808
1612
1348
2630
2247
205
434
1712
359
2224
877
748
774
1031
2726
1871
1987
2109
69
1057
1964
819
322
1519
779
2671
1558
445
2817
1352
2114
1920
1430
164
160
1810
2695
2291
353
383
1072
1723
24
695
2769
456
321
1688
2326
953
468
1451
1505
2498
940
1127
626
613
159
2684
2302
2303
2482
732
1546
25
917
374
607
1452
384
256
142
1478
795
2076
1751
2831
1766
712
653
1534
1181
2911
326
2202
2477
168
1178
1230
1738
235
790
332
129
2061
376
2663
2629
2173
572
2540
2891
1268
655
288
1112
549
1569
2413
1087
1946
703
956
2390
693
2928
590
2619
2487
646
2033
226
797
1772
617
1206
2889
641
2657
818
404
336
1066
2870
1573
227
1966
1243
834
1484
297
878
1884
2016
741
952
1256
816
772
531
2727
316
2748
1209
464
2838
1570
2063
58
1564
183
676
90
1762
1455
37
508
109
1318
2537
1547
2699
1223
1099
1635
2648
2029
1576
1874
266
122
2335
2320
527
1261
1462
1691
1328
84
1643
101
762
2919
98
2266
400
1664
2703
778
2715
1420
1210
2277
879
2772
1405
55
1142
143
1086
2398
1770
2825
1357
402
1725
2027
47
281
1
1219
540
1508
1106
972
2865
2794
2516
2890
1536
507
1535
2435
2106
2623
2587
1467
1361
739
850
8
2230
1515
2607
664
2847
2862
2827
484
1303
966
1930
466
1475
2094
887
1211
1084
788
1779
2298
186
892
234
992
1010
909
184
209
2913
2050
2749
1706
2122
2798
2494
1393
2832
1645
711
846
599
1538
284
173
1622
1264
1624
194
2422
1970
2213
328
95
63
301
455
2362
2048
713
96
2342
1155
385
1997
1015
2190
1539
44
2541
902
1000
1749
1255
2642
49
2136
2018
1951
1192
2571
2119
187
1602
1423
1272
2141
1185
1807
1343
954
1415
584
1329
2584
666
2624
2922
309
2205
542
2116
1221
1158
2757
1783
1266
1950
2434
2439
543
798
1806
443
858
66
1453
1305
1730
1658
306
512
2580
462
1501
2204
899
1241
2300
2006
248
2637
609
1989
2616
2166
1981
495
2885
305
2412
2021
2851
837
737
1090
2148
100
706
2172
72
1580
213
1747
216
2077
2611
2685
2916
421
511
606
2130
118
2755
1530
1532
303
1391
300
1704
2761
1620
694
529
1375
2231
520
365
1474
2497
2618
627
1043
2132
766
99
817
1915
541
2431
621
479
786
2855
1540
1387
1091
905
643
1526
212
2566
1164
1979
2582
2316
595
214
2778
2391
2592
1796
199
2381
1494
354
1427
2169
1480
2361
2773
1280
137
1804
2332
2548
1248
524
1557
598
1563
2217
1382
1674
225
2521
2688
1428
747
931
961
1765
2926
432
1061
1188
2104
981
379
596
2810
560
2180
1441
2451
2595
721
463
1136
275
2079
740
2658
1667
1685
1386
561
231
247
2256
2562
5
2044
761
2133
2401
1496
2713
2017
1126
2563
2186
2058
2576
330
1715
1009
1018
138
1105
1224
1131
1054
1254
1472
52
2909
2220
192
363
1111
1639
1291
1939
2041
64
425
2125
2417
1574
558
1619
19
441
1171
723
1859
1586
759
313
2656
245
2399
243
1062
2207
311
2615
806
2510
2135
203
2504
207
1757
700
746
898
2877
1868
290
2655
1364
1227
1374
2903
2507
348
1657
339
2605
1848
820
631
938
2321
2261
75
1637
1795
40
1376
120
167
1025
2159
1953
2527
2454
1458
1910
2218
430
1249
1023
2187
1390
1473
1852
2211
492
1346
2804
745
1560
891
876
2464
1781
2081
568
2672
481
478
1190
1183
843
1337
165
1333
349
2084
312
2443
347
2735
2692
1615
1416
2921
975
2674
1074
437
2552
1193
375
2060
1110
1899
2129
1412
1107
2569
2920
2432
2257
1336
2897
2075
3
1739
2099
1655
2243
2775
482
2843
977
2711
156
1471
2631
457
896
2833
488
2
2835
1784
1801
1575
1265
1170
2383
1202
2118
982
1316
1286
2531
2086
2751
6
2880
2893
570
583
1524
943
2158
147
1253
564
722
1271
2113
157
2690
1377
2828
725
2100
1506
588
340
2377
792
808
1463
2244
1460
1196
2225
854
848
750
1788
828
605
253
1934
1437
2689
2879
996
1588
2697
1161
830
886
327
1298
269
1311
1694
2588
2894
399
1671
195
2226
538
2590
1763
1613
1877
28
2570
1630
1080
2853
738
395
1703
717
1204
1695
2859
2191
1814
79
126
1433
2900
813
1769
1439
960
1029
1701
1980
228
2126
1591
1595
15
2366
1812
1313
937
1309
43
2765
1238
1729
518
942
1581
1157
408
2840
1835
1251
995
1616
632
2898
1992
1537
123
2292
1897
629
1278
2461
800
1888
2557
1020
1977
343
946
1325
263
2334
433
2905
2660
13
141
1135
2830
710
623
2489
2404
260
1636
1886
1035
394
2364
2591
2409
765
451
1525
1825
707
1098
1491
490
1819
681
770
1727
1283
990
2056
415
2146
2167
246
2602
1236
1257
2895
1340
1407
2553
1071
1120
513
2581
2793
2120
619
2567
179
2501
1500
1143
1288
2601
1797
42
110
2669
1167
999
1969
1668
2201
2659
114
1740
2790
308
2085
1199
2876
2424
1735
1032
1687
2639
1411
2864
2317
2633
1003
597
1252
320
221
2820
579
2163
2265
510
1119
1545
1060
1363
1007
30
2288
1133
758
2139
471
1175
2447
1803
325
240
2525
2356
1928
2343
422
1853
1187
2287
2466
2028
447
1150
2375
959
2457
976
2073
2836
1290
640
1866
1022
2384
124
272
1689
285
1174
350
1454
2444
1542
2573
438
501
1039
517
1599
2483
2488
2665
1999
1469
1597
1172
1108
536
2229
791
1294
2268
1799
405
1459
991
2722
222
1486
487
2756
2702
648
962
2613
2776
1244
2558
1046
1872
1686
1036
644
1162
2813
38
1789
2147
777
833
1482
1764
2143
2465
2238
2470
1678
1954
2047
1097
1016
2295
1232
1153
489
1511
764
2551
2496
2707
2930
20
805
1902
1477
33
74
1005
2373
635
535
2034
2852
389
2078
77
2242
97
1359
1621
1579
2319
1425
2069
1191
2802
2478
1233
1347
2724
1287
556
334
128
2019
1759
485
378
1985
473
2152
1006
299
1092
111
2255
480
1548
2606
259
1083
1514
1820
1064
166
2754
2536
1301
998
2896
1317
661
1906
2599
2780
1627
2374
1370
2914
2519
633
2839
2760
1014
2108
1556
2745
2406
1381
2736
476
2123
504
475
1050
2095
465
224
1651
1577
1596
1736
268
1821
1444
2816
895
1134
1068
506
932
2393
1012
2323
14
431
2666
2110
2235
1865
969
318
2051
2001
264
1081
1856
81
2463
2200
1464
973
1673
34
1327
2491
2766
1128
2354
756
1567
2026
406
254
743
152
54
2394
333
2154
2529
1857
53
310
1714
2278
2328
2781
102
1093
1850
915
1385
1724
1052
2423
18
1697
2821
1640
521
1652
1378
2467
444
804
2878
249
1555
2732
1528
1829
398
2281
2586
2829
346
223
2091
2505
2269
2849
265
812
903
1908
1862
2473
134
1401
2369
2179
821
686
1904
1365
670
2681
714
232
637
2818
381
1720
2841
983
678
1649
2279
948
2327
600
1304
1339
2307
367
1705
979
1334
1963
289
585
604
916
1913
185
1497
1520
2156
257
2709
2555
2764
1614
2005
1085
665
1585
1828
351
1027
87
2353
2227
760
925
927
1916
783
1771
2096
1245
824
1396
2449
2789
1410
845
1911
10
1758
1875
835
2446
1559
119
2645
2282
2189
1413
749
277
323
108
910
1610
822
2620
935
1260
2386
1931
2826
2534
2739
1201
387
2349
2440
1780
1521
369
12
1338
298
324
2506
1402
645
237
1669
2640
2237
545
1933
258
2170
796
1721
1075
1973
1572
1322
1693
1495
140
1681
204
59
1634
897
2318
1037
532
2575
1858
151
105
1373
2475
871
45
593
1815
428
2228
2411
2134
859
1826
2305
574
78
1677
391
146
2819
1310
201
1442
1332
1957
2687
1214
2460
2593
1656
2538
1424
1527
1753
1207
2861
1791
1166
2174
2062
1059
1485
539
494
1592
2378
382
1717
9
2273
662
1660
1918
576
474
1040
1077
708
2508
1777
2246
680
211
1306
2297
2239
21
2414
1879
153
967
780
1109
411
1894
554
2647
1593
2111
88
2162
2490
2131
2493
56
116
1625
2198
955
1604
2011
416
2609
458
1618
1672
1100
651
32
1832
1633
2653
2387
2372
442
2662
2299
603
338
1696
2105
148
2526
1617
2544
2199
1731
1898
144
358
1833
2059
1790
11
1961
702
2004
454
1823
755
868
2705
1972
1842
1713
1836
515
1082
2856
801
2370
2090
1965
131
2845
1001
1349
733
413
853
36
1802
1419
1955
1503
1180
1958
1130
2115
188
1653
161
2693
1218
888
2025
2932
2459
1315
2178
1132
1274
2545
76
1811
197
1968
1854
1838
2293
1103
2714
2183
1699
2564
1470
107
730
2286
727
794
315
1700
393
2670
386
2788
370
2634
1041
610
2012
1917
280
863
2723
781
1840
452
594
2368
2568
35
1733
742
1154
294
1976
1718
724
1962
1650
1114
2559
178
2164
1861
829
341
2015
754
219
2572
1719
380
2842
1996
1646
2240
2539
1002
677
1663
2345
91
2420
649
2153
1292
2450
296
2542
1702
525
2102
2208
229
2274
949
1392
941
2608
612
2407
994
1488
860
1887
548
2013
1869
2486
2324
163
426
2718
360
241
82
1273
1395
1929
849
2884
1222
2151
1011
2241
364
2410
1345
1554
1647
2065
2214
2509
2933
1368
2313
1522
2070
1399
2738
624
2358
210
997
1438
2138
1531
1533
907
553
2549
2596
1822
2338
60
499
1417
