399
447
636
2511
862
1433
1355
938
2228
2278
22
228
673
2286
2279
2902
968
766
396
1046
511
2653
1532
1336
1674
2754
960
1876
1559
1150
2370
2390
1118
1684
461
2099
2391
801
2385
250
2336
963
525
2290
1486
2400
786
890
230
2839
772
1709
546
2198
1112
1764
1378
2466
1389
536
335
162
184
1477
1197
2536
1000
92
998
909
1036
291
1320
2137
2558
499
2348
2231
178
1021
2121
2233
1172
2310
453
538
1649
370
2329
1696
19
1457
1338
1409
570
2633
2422
1940
2735
2209
1671
1038
94
659
2139
1374
1941
1247
1989
792
322
1582
547
2358
2895
27
1889
2678
2040
1583
689
1933
600
418
1539
58
15
2767
1849
2908
818
1509
1700
928
1039
1123
613
2395
1705
728
2734
128
700
739
699
2337
2162
2425
2181
2644
380
1894
2454
1907
1630
556
464
134
2346
2043
1071
1220
1094
2703
2774
292
1952
712
1458
2632
1694
21
326
2057
740
798
442
2048
1784
1295
855
2351
358
2790
1728
1806
316
2441
1720
1980
934
933
2898
1316
1422
2396
1832
1206
111
2731
1785
2341
1521
2244
1540
2626
2924
1208
1670
1715
29
809
237
477
644
2190
911
2563
1724
2591
881
383
2798
285
1912
2325
1024
1609
428
1549
1226
2544
2641
2638
2737
1516
853
2522
555
1552
2868
2294
947
1463
415
2841
557
2507
507
142
2502
648
1267
1744
2785
502
966
685
1647
1945
588
2613
1017
885
2359
1950
1376
2729
271
2864
1312
2248
2108
173
289
430
1826
1847
2889
2364
2357
723
1888
2851
238
2510
1665
2792
1340
119
810
133
2594
2134
129
863
734
1714
231
595
1190
1944
1773
1005
1580
2773
2660
222
1480
889
767
256
788
2060
2386
2081
1426
2810
1314
822
1725
2585
2374
2723
444
2759
303
1843
312
2560
1333
2182
2625
1814
1060
2222
1254
749
1385
842
1167
607
1924
1435
1664
1740
2197
1495
2090
1874
1954
2685
10
455
1871
991
2842
1815
1742
2059
939
2751
281
923
2414
2365
895
1337
1225
2674
2373
2755
2589
2928
2165
1323
2034
1321
2715
132
2015
41
1545
363
1483
2306
970
692
1288
2683
631
2862
1754
2717
2664
553
921
2750
1686
2065
2777
130
218
2720
433
2044
1963
632
610
2017
1657
2100
762
2025
2271
1761
2402
535
369
2213
1937
698
2298
721
311
545
2078
263
2163
1303
791
2366
2046
2640
2478
2446
2602
2130
1146
1133
1020
1994
2367
1796
2912
2540
780
1695
1008
657
871
835
305
1253
2455
1129
1078
1432
1243
1290
622
2514
2013
1610
1140
1184
0
2055
2235
2525
790
1639
1407
332
1563
182
42
929
1258
2273
1326
37
1788
2083
1838
1721
86
48
1886
2243
1472
1062
500
1370
2609
1030
1528
829
974
476
302
2619
2533
1834
549
1881
1859
533
1798
1836
2442
1526
473
2152
413
2440
2224
1136
1825
980
2218
1625
574
2307
1782
172
663
2033
101
2010
1817
438
1429
2149
2031
973
582
2448
2578
2771
1687
2649
1051
1748
1201
6
2581
50
2056
1361
2103
2675
1274
1613
971
1593
2805
2599
2818
2858
2319
979
683
458
1469
8
1497
1895
1444
342
1508
2624
2850
2062
1562
813
2186
906
1960
793
1064
2074
1434
2184
1677
2932
1212
1841
432
2230
1402
2277
1851
70
2668
1080
137
2281
2672
1869
948
927
799
95
209
1654
2001
706
1612
2534
1012
623
2780
1151
1569
2424
2828
1278
2608
306
1276
1126
2546
2416
2499
563
2500
816
903
2331
1747
752
236
618
1334
2467
1926
1870
2802
795
1399
460
1158
400
2871
2072
2575
2340
2894
254
2289
1327
452
1745
2447
193
716
2726
1779
434
1377
1936
1872
120
2296
2652
1890
1111
492
746
2200
708
1821
1455
1820
146
753
1141
1943
2853
1268
642
419
2160
2795
1488
262
2343
1738
2509
605
24
1967
2482
758
1049
1619
11
1043
2811
1904
38
2342
2746
619
1262
99
537
2824
2027
252
900
1803
1865
1629
1009
232
1835
2752
1421
1162
2322
1867
100
1607
1324
660
584
206
888
2706
2786
1216
1242
2681
674
2696
2527
221
2820
940
1743
56
2739
1769
1182
2468
926
2276
1637
1667
2648
1231
826
922
2875
680
1927
1318
2450
200
1149
198
2831
1329
1845
1697
141
1762
1885
2489
1930
1662
2000
361
2045
696
1135
294
1533
1221
1390
2018
732
1028
2816
1388
2849
2700
1040
1791
498
913
2643
1749
2432
1193
54
2905
1359
1566
1977
2368
841
202
466
1013
561
1010
2656
993
931
1844
1007
2647
684
1537
465
2843
1205
1419
800
309
2295
914
1946
2210
98
1218
2383
185
1587
717
2779
2716
1710
920
2413
2312
1068
293
508
1905
2506
2196
2379
704
211
1518
253
2238
2263
1855
1973
1969
2220
261
932
737
377
1734
2687
2317
2253
2012
2140
2438
1868
2813
1223
2844
2178
2173
1164
426
1297
626
2145
1479
1403
1899
2488
2817
1368
1181
2066
2610
243
1474
554
1641
2808
1236
1916
1780
1286
1252
2112
1513
1120
2493
2909
2526
725
2223
1816
886
2270
2311
1470
1601
2156
2264
2662
2110
2122
817
1098
2023
917
645
2463
751
2503
1546
2297
686
2607
2708
2538
1787
564
1325
1502
1349
2035
580
2529
898
2490
76
1235
2900
2022
2302
1102
422
1645
1560
488
777
977
451
2537
203
343
1138
379
2561
1575
1604
1663
1631
1507
858
1557
2727
703
1284
2444
601
153
1729
1188
1328
371
1025
2021
1416
463
1789
2032
2616
1942
1770
1137
1230
2067
1891
1902
664
2092
2239
836
317
1461
75
1198
183
1606
2008
3
2916
2096
1069
462
1792
529
2087
569
472
1842
2338
2227
2453
1767
2005
1391
2709
323
1411
2496
169
2166
1853
1524
1420
985
2692
2803
2115
1683
1484
2070
1373
138
131
366
705
160
1730
190
2557
1719
1159
2670
662
2631
1584
2724
2671
587
456
1837
1589
1273
2113
2775
919
2929
2819
782
1277
20
235
2240
2574
2917
924
2161
35
290
596
2242
1261
2094
1857
2927
2132
1760
2485
1689
333
681
2136
1490
797
591
1795
1398
345
2378
2124
2194
2403
2255
2761
849
1682
2430
2657
783
1462
1456
2206
989
187
1496
1739
115
454
896
205
834
1259
102
1925
1712
1551
297
1668
528
1335
807
785
770
97
996
44
1880
750
1678
1401
2548
1585
364
1077
2552
2188
1804
168
2039
1931
857
760
1500
1759
1775
565
156
394
2570
2102
1124
2615
1794
2361
2475
2645
1656
45
354
1691
682
387
2890
1634
1959
666
1305
148
1568
1382
225
1186
1635
1143
2292
1588
1991
1070
107
1882
1466
2089
1445
2205
352
1547
579
2107
2680
1413
1296
983
1831
1083
1722
1988
63
1948
96
2491
2309
2189
226
497
1938
2303
1084
2409
1315
526
407
1887
1014
1387
2075
997
870
2736
2760
2354
1706
639
411
2923
242
1
1999
2665
268
2147
1294
1047
794
336
1044
668
2084
1139
1765
650
1356
1157
2697
520
1219
2415
356
71
1045
738
2881
1506
812
1819
1345
171
2590
994
897
2355
1553
219
2460
868
747
2918
2236
1578
832
2832
427
2002
1347
690
624
2154
2314
2327
1921
1651
1910
2553
2904
2878
2339
255
2481
1877
165
616
2258
982
66
907
1713
1985
296
2272
987
25
2353
2710
2019
893
2397
310
575
320
1909
1735
440
2888
643
1269
1608
1087
437
611
2744
298
1949
1142
482
2701
2728
1232
197
1679
1932
328
542
161
2547
1183
1131
2919
79
52
324
416
789
1602
2009
395
2332
1901
803
1802
2855
2747
77
338
1596
615
2305
425
1438
2661
2577
1873
1708
936
1192
2748
778
1801
2788
2584
276
1381
2073
1073
2801
2120
523
216
860
2382
522
2274
1173
594
986
1037
2
1171
443
2793
2427
2694
2269
2428
2267
969
2426
2053
1029
815
1572
2006
1822
1271
2133
40
1448
2320
1632
2472
270
2903
2821
241
2401
357
560
2508
1317
1384
140
2144
284
1280
550
2869
2583
2251
2807
2004
2252
2743
2388
1475
103
1896
1732
2192
2080
249
489
2906
1059
272
278
367
1439
530
2517
1082
2702
2202
1542
1063
1699
1406
28
625
2682
2492
2667
935
448
362
2770
581
2171
957
2914
1805
2722
1548
334
2452
2211
2930
840
2265
179
90
5
2474
651
1085
1478
1763
374
2410
1512
2104
2497
2690
1984
1997
2603
1394
2646
1379
2845
2421
647
2600
1089
2214
1134
2483
1397
1116
265
1092
593
378
847
2642
1482
958
1093
157
2419
1955
1031
2835
859
2863
1558
1103
1850
251
905
224
1633
1707
475
2480
2011
2535
726
2203
544
1100
892
1319
962
1727
887
2283
654
2177
856
2323
2580
229
2907
831
1839
1718
2435
2651
1289
2829
1527
1241
1248
2051
2569
1611
1313
1992
661
93
1209
373
2347
331
2445
1646
954
1163
978
1840
1431
1774
1042
2494
2606
1717
2058
2369
247
1115
483
1363
1238
677
1302
2893
2588
1599
210
1543
1592
614
1698
1386
2473
449
2477
1396
49
214
144
318
2175
2304
2910
748
1180
2847
1264
2880
91
1372
1864
1913
2318
13
105
2782
480
2732
1541
1923
412
2627
186
1228
385
720
819
2833
585
2334
2417
2825
514
1174
695
1344
846
865
1758
879
1436
1961
471
2877
2300
1430
646
1597
2225
1576
2128
1964
2666
1291
988
2899
603
2159
1531
2742
307
2199
2330
1022
2168
2827
1442
410
1122
313
445
1983
638
439
2806
239
2185
2915
1348
1177
2326
757
1505
1152
679
1304
2109
877
1222
2498
2636
2629
2712
2598
1690
1776
1292
2344
2559
2617
787
277
368
349
1493
244
1224
566
1544
389
1878
1790
2212
1383
1538
505
1079
1752
714
299
1620
450
33
670
902
1617
2020
2408
894
527
2050
521
2131
2891
2658
1564
1956
1777
2167
1052
1898
965
1768
1733
1573
2232
1928
2783
32
2407
2135
487
1449
2562
1883
2479
2469
87
1570
1331
1702
1004
573
2028
2431
174
1981
1424
516
1623
1245
912
1737
675
2707
745
2126
2063
1132
1443
1239
1200
697
2879
2356
1240
2180
2148
114
346
2659
273
796
282
2762
1050
1812
1154
1951
2129
348
398
339
329
2757
2776
1202
2245
493
314
2037
494
2249
2301
1793
217
1357
1033
2523
981
2541
1187
510
715
2234
1736
1861
2920
308
2026
2730
1121
649
719
2384
9
1846
408
1081
2262
955
1522
2882
1003
2612
2505
1514
2389
1766
2285
602
2758
117
2219
125
60
1410
1603
266
2550
2423
1250
1536
2349
2745
2247
1972
2362
1827
2288
999
688
866
576
1196
2566
53
633
2201
2846
154
2049
283
2169
586
1104
2693
321
2913
2669
4
823
953
177
1627
2528
420
436
2036
1095
414
1525
2381
2085
2138
1353
1086
2487
2614
355
337
2486
2261
491
1265
2077
984
1058
2519
1018
503
1661
1473
147
671
2926
1440
2749
590
2699
155
515
351
634
1371
568
731
2097
2804
64
1415
2512
2127
1897
941
1342
724
1287
1581
539
1979
604
1818
195
713
2611
773
1195
2554
1153
1468
2376
1194
1011
961
1130
1660
883
562
2922
629
2571
627
2618
1168
2822
80
744
1179
1990
2531
2501
1741
2443
1866
2117
2016
2826
1783
925
621
764
2377
1800
2791
678
2412
884
1001
295
2293
2462
404
2392
2024
540
2714
1299
1939
1425
149
2719
1829
1987
233
2865
908
2284
852
1213
1622
1096
1002
1971
2778
827
597
2459
2476
390
279
18
2555
915
1511
802
286
1492
2886
2069
945
2086
687
1966
2764
1207
1101
112
2123
2158
429
1362
2859
1351
176
1034
481
1298
784
1797
2856
267
1996
2118
950
2524
372
406
2595
733
2892
1638
486
771
2174
423
2471
1048
84
1863
2116
1498
2179
814
1860
2530
1405
1485
891
1367
1145
240
873
509
742
1491
2713
755
952
31
2380
1272
431
2650
1579
2768
1605
506
864
693
854
51
776
1233
1968
1027
1929
124
1517
512
1161
152
1309
1170
1364
2434
2371
839
2030
1109
2567
2157
1757
381
258
151
1358
1903
1237
1459
2439
1099
1530
1369
1621
1809
344
1650
194
2874
2254
2593
2082
2565
319
192
1452
904
1185
2857
1824
1811
2711
1920
2689
2259
2897
1343
875
16
1922
2698
17
1918
1879
730
637
495
2854
1624
257
2456
769
1471
1786
1501
1249
72
1418
2437
61
640
1673
845
1598
781
707
676
2834
2360
1464
2539
82
701
376
598
382
1716
116
874
467
2170
199
1856
391
2246
1830
269
1852
2769
2335
1178
1392
215
2176
159
1090
1642
1652
39
589
833
1577
1279
2352
761
630
850
2596
1503
811
2718
1332
2042
711
2420
2542
36
88
1534
1778
2753
375
14
990
672
2635
1128
759
68
763
2741
1615
1618
1310
1428
532
2704
694
1175
1799
1628
2321
2586
837
910
2207
158
1962
245
1648
2620
2763
1330
2418
2551
136
2451
401
2870
135
1451
1113
1644
386
2686
1307
2151
577
513
1998
1828
2925
2622
393
1437
620
2256
1203
2405
1594
959
126
2141
583
1114
1408
424
1688
743
1026
1263
2787
2014
109
2721
59
2372
828
2848
1669
1156
2375
2291
1555
2007
930
1515
1655
2098
1169
718
1117
2515
1147
62
1935
2191
223
139
1423
2605
1947
180
2393
1450
808
1858
1165
1591
2105
2495
1234
259
2836
1155
201
2324
1107
1176
1556
1550
350
2516
196
441
2204
2601
710
127
992
2091
653
1884
1057
2623
872
2800
2639
918
2911
83
1255
956
1892
2521
2038
1054
347
1731
330
123
722
2823
541
1053
2931
2187
1900
340
2287
1965
2797
166
2872
145
402
1375
943
248
2513
1481
1055
2350
2921
2457
2597
2576
942
2029
617
490
1032
976
1993
1035
170
213
655
2883
1953
260
1504
2328
1067
2433
163
1119
1056
756
1680
768
606
1076
2095
1823
2333
1281
1692
2604
612
524
1341
2061
2740
1074
2076
2564
1726
2573
2470
108
1065
2155
531
2216
669
30
2229
1075
1813
1006
1285
2064
2684
2654
1693
2582
2404
1915
1487
1023
150
641
2781
1958
164
2315
12
2621
1676
1211
1753
1854
775
74
1061
341
964
1807
2738
1675
1810
181
1781
1257
774
397
300
34
89
1251
1350
1616
2316
1199
2543
1189
2784
2676
2860
1746
1567
2677
635
246
1244
2884
2691
2399
1703
1565
1072
1755
359
867
2208
916
2260
1108
1215
975
2799
2838
1554
2733
2705
55
729
2387
1088
2688
572
735
504
2280
1711
1106
459
1266
207
1256
2725
1019
1600
995
1210
806
1204
899
2313
2268
1862
1097
1771
804
1519
1227
2587
392
2345
110
1808
901
1672
23
1404
2111
741
1750
1217
208
2458
1957
501
1893
1974
1041
2520
821
1091
805
478
2789
2933
1214
1066
2556
1833
608
609
2518
1346
287
2866
2052
2852
2125
2308
2363
2429
1906
519
2079
2901
628
384
1160
2266
951
212
2679
1976
1360
551
121
403
1453
1191
2867
2579
2630
1494
754
882
2695
2545
417
1465
327
167
143
1148
517
552
824
2634
315
191
1454
78
937
2411
2041
1934
1339
1917
1125
435
2193
1467
1306
2885
1144
2054
2215
2464
2896
1653
81
1282
1586
227
2275
485
1499
2071
2655
2226
264
1995
567
1393
1982
275
2830
2766
1986
1283
1756
2794
765
1446
1015
2840
820
2237
2765
1640
1590
353
280
876
1447
1489
2837
304
658
1529
2673
727
2814
2146
2568
1300
2812
2150
599
2164
2756
1427
2549
2143
1417
1723
1016
122
2153
944
946
830
2142
1659
2461
175
446
2465
1701
2221
1911
2628
848
1908
220
736
571
69
1293
301
1441
1380
1626
1260
543
1681
1975
365
1704
2217
861
667
1110
2663
1166
470
457
2406
1246
1301
1595
118
85
1229
548
65
2449
2796
949
46
2484
1978
1412
838
1311
779
2772
234
665
1460
2572
2119
1643
189
104
2114
1561
2873
518
652
1571
558
825
288
2436
1105
2250
1275
47
1636
534
2093
2183
409
474
1685
559
1919
1520
1970
1614
2887
1308
878
1751
702
1658
691
1270
1574
2809
869
1354
1366
2815
880
844
2398
7
843
1352
2003
325
1414
2172
421
67
2106
484
496
2047
851
1127
578
1875
2876
479
1322
113
2861
2394
2592
967
469
1510
592
1476
188
57
43
106
1772
204
274
1848
388
2532
1395
1400
26
2299
1666
1365
1535
2241
1914
73
2101
360
709
2282
2637
1523
656
468
2504
2068
972
2257
2088
405
2195
