377
2211
1031
1034
741
1963
2798
685
2307
555
1790
438
76
230
1831
2738
1378
1794
31
276
1695
2136
1527
2171
664
1993
2057
272
1518
990
758
1064
2901
2879
2806
475
2786
2520
910
471
2686
2337
2929
1003
1558
1978
1620
2269
2158
2249
553
766
2519
676
2190
1057
1258
485
1913
2086
986
1890
2369
2075
509
1845
891
742
511
434
121
818
2406
1888
1261
2278
1535
1427
1060
2791
1748
2054
2821
2757
504
320
2515
1621
2425
653
2154
950
2244
2540
704
260
2796
1411
1482
155
2862
2119
1573
2693
2689
2052
699
1292
1283
1708
1119
1486
802
1139
327
541
302
1092
1168
2825
686
1202
1375
2160
515
67
2634
2360
2765
2084
998
2009
2871
2393
961
1541
1315
57
1497
1616
2077
2751
652
806
192
861
2289
2818
525
476
44
1539
2454
1368
2769
615
1718
1089
2193
1286
2622
675
2527
14
940
287
1175
2728
418
1543
627
517
1657
1609
1457
846
1044
2049
946
2597
1494
2187
1083
2875
985
188
2339
1158
1898
1567
296
2003
451
1649
496
2882
1685
1797
2584
1323
60
2001
2543
246
2123
1423
1505
454
367
2387
822
2471
1565
1464
2537
2534
1960
2272
1090
58
1944
2424
2034
2251
1951
2344
462
2127
1643
16
2924
1932
75
2643
306
992
673
2427
412
1872
375
1254
975
2081
1878
1875
2585
1640
2787
521
621
2050
2319
2816
1335
1048
1556
2681
144
709
2489
421
2613
1342
1069
725
1793
2829
2277
146
1645
2137
526
2616
2746
1808
682
395
1958
324
1703
2175
1359
244
468
2306
91
1264
1142
909
1509
2314
1672
527
969
2580
2058
1470
2417
1488
2645
2463
575
1594
1499
630
2215
643
726
1360
1492
817
602
2602
830
1769
1574
2653
1313
259
1803
2526
2146
557
1344
446
2026
240
318
1284
2382
2142
997
2615
158
2108
2225
1804
1162
179
529
1636
1304
1605
2006
1329
0
1101
585
1115
2747
1087
1667
1080
2265
392
750
1184
467
1588
352
2510
942
2043
1228
2731
1762
1037
2470
1294
447
1285
756
2794
2331
1864
1784
978
175
1146
1178
1918
142
1301
1571
2864
945
281
1029
1709
1925
2859
2273
219
2370
712
243
1303
1693
2149
2040
2535
1105
1751
126
596
270
1867
1908
2354
2399
1684
24
1547
2467
1358
1555
2066
177
785
693
274
113
500
1924
307
1974
661
384
677
2795
939
1405
273
1948
1387
2836
973
605
2775
2014
1776
268
2311
1436
951
2288
2610
450
601
1670
440
300
1754
1339
2402
59
933
2104
180
2906
1496
966
1614
34
2276
2807
2451
1880
1131
2682
1722
804
165
2243
844
898
965
2824
671
1398
1764
1602
1495
2359
2065
2218
2626
2023
2909
2865
2118
884
1865
2246
923
1399
964
2472
1032
2271
92
2884
739
1108
2619
1720
1432
2364
1923
2135
1957
224
202
2552
89
433
1577
2256
689
925
1945
223
51
918
285
401
1215
1190
647
2297
1716
1660
2605
1020
1752
1345
674
2926
695
2376
2783
1068
1367
2365
1682
1632
1920
2294
1197
487
2830
1807
1443
214
1389
1127
1123
2076
2024
484
1671
2675
1333
2671
1506
2321
2533
2033
1386
1545
1503
178
915
733
1730
920
2739
1598
764
1763
1575
2378
1442
2916
512
772
106
2579
1984
2708
444
1905
86
2759
1837
2020
378
2564
1929
1296
2724
708
2683
206
2541
2620
1325
1086
117
460
1597
2310
1727
1
432
617
2335
2919
1968
2866
1930
295
789
129
770
2109
1798
1644
2834
1058
2030
1327
1659
1364
1564
415
2236
2499
2121
1181
1560
2538
1036
2777
2850
1782
470
2545
1382
2706
1995
1569
1063
1507
2462
2445
1240
1266
108
2892
2012
2780
1054
2725
2893
2672
1194
2745
1257
1318
1319
2227
2439
19
2665
263
1475
546
1903
2110
2752
2180
1077
2217
1328
2831
2229
777
1581
1964
1306
1680
136
49
1279
1221
312
2607
2295
2465
1760
1977
1852
2486
1966
1855
900
994
254
1998
1278
944
2548
852
2687
796
801
95
429
1484
1681
1857
1599
531
1655
1758
64
1334
1188
1004
1914
1207
2258
2141
1943
258
2659
2107
2656
2313
2234
2676
1268
746
2213
111
1591
1295
2729
543
2856
859
1099
548
2105
461
1033
1883
2241
1276
2334
1737
892
1231
1452
611
786
1815
1467
1705
2629
323
1897
2785
2482
1402
1778
567
1562
545
409
1356
2228
2083
977
363
2618
2900
2091
1967
1388
831
2513
650
2002
2440
125
435
1851
2036
1195
2733
574
1983
2573
510
2518
899
1876
2159
2684
1862
80
2799
749
478
337
443
2152
761
949
2474
1459
2792
1766
1572
2881
1151
2435
2781
606
403
1824
1205
1138
1725
2593
164
775
2723
353
251
419
1469
1435
1953
2433
560
1291
167
1354
1437
231
1732
355
2318
991
1838
1533
2264
2008
518
1694
572
670
492
2452
2530
821
42
1235
71
2657
2282
488
1702
1653
1912
1487
1234
222
1750
649
938
407
2554
1741
1274
349
2380
904
8
882
1894
1962
1311
1420
1224
148
267
2560
648
1886
2744
2754
1201
212
1173
2460
2296
980
795
913
1595
2685
2347
1607
2430
63
2092
1921
2897
2379
1046
1683
2485
161
319
465
1819
36
2721
333
2007
1055
2
2186
2089
1061
656
2442
936
538
344
631
299
729
362
927
1361
1012
2505
984
1217
967
1971
2679
2448
855
1357
2508
1582
2254
628
600
2624
1522
2128
431
2386
568
550
1534
1686
2461
1842
2087
1630
2880
2588
1761
1460
1900
633
834
2221
513
1140
2293
382
2581
2810
2021
1980
2062
361
2820
347
1317
624
96
1289
765
2106
2348
705
2697
2566
2132
2391
1008
970
2844
1426
591
2898
425
325
1480
1403
73
1916
1907
1586
1498
930
1174
1287
1896
1887
2384
2323
2400
2638
2609
242
2734
139
1370
1047
1065
549
381
1658
2168
2661
482
2576
2071
2426
2060
928
626
714
313
1770
987
2713
1477
1094
1352
1739
248
2532
186
619
1129
971
2353
2599
2730
769
941
2122
1568
1028
2542
2068
926
1132
2761
499
1380
952
162
2654
1635
921
1120
1639
2080
1624
1931
2270
278
2405
405
559
2509
65
813
1936
330
228
665
2878
328
1510
981
1629
414
2192
2298
1454
843
221
2237
79
2701
953
716
2139
2720
1490
1985
1006
2808
234
2188
29
2275
908
841
2931
1248
220
2625
2664
2617
2838
308
561
1723
1220
2385
1321
1024
1340
919
632
2042
1955
181
373
1109
1634
2503
145
2169
1419
459
810
2640
2869
115
1417
10
123
2432
1830
2361
1074
1147
255
473
1647
2466
760
1611
1045
2325
2414
448
2832
1481
2438
603
124
2677
1989
109
2138
160
1729
1015
394
2233
1084
728
1349
1889
1320
53
1052
1049
30
1010
322
227
1814
387
477
194
1463
819
1707
2184
2067
2598
1650
82
812
1800
1143
2612
799
1593
2000
309
1856
1343
1578
314
1833
1305
1668
2312
1200
623
2299
1196
1187
610
1675
1396
114
2558
1866
1759
239
868
668
1088
2883
1801
1299
2375
1687
1911
380
479
1988
2401
1743
954
2603
1440
1899
2205
1854
2100
410
2494
609
1171
271
825
2649
721
2407
1148
1839
781
2428
889
2383
1067
1892
441
1135
989
1982
2183
1840
2468
1949
2214
237
972
562
616
1038
428
2263
552
2342
1549
2257
1946
2709
612
2641
45
1009
1137
1410
1121
2333
1409
503
197
62
2913
210
1125
2219
1362
1134
400
1300
2855
1516
1172
658
1654
1939
163
1909
2179
2753
1604
2300
70
1017
1104
2350
757
2490
297
688
2094
1016
2642
1821
2608
173
2703
402
1881
917
1736
911
417
1512
1767
1160
2377
1182
634
1554
2668
2870
2766
250
1390
50
2903
182
213
1237
233
2858
697
2492
1249
2301
723
1290
2805
423
754
1783
2496
2279
1351
1935
901
1550
2161
2902
1408
1193
857
1039
2932
1431
2164
2717
1106
102
2553
833
1256
1877
1041
453
2874
1383
2019
1204
1242
1056
1154
294
2727
1214
1917
829
738
463
68
2404
2849
1542
782
2309
2201
2332
711
383
1990
2191
66
130
875
2074
2423
2854
6
2051
290
1606
2910
1371
1070
2655
1942
1314
2223
143
1785
2741
2457
2010
2772
399
364
2016
304
1310
1170
2514
1247
732
573
894
474
963
2894
1915
780
1169
798
2416
348
2673
547
1615
235
1199
442
2835
1563
275
2776
1991
1719
279
150
1806
185
2740
773
2888
1919
578
1548
1774
2443
1786
2590
1700
906
2148
1161
38
1515
748
883
1789
2419
2784
1954
47
638
1400
1882
360
2737
1580
2714
554
2524
132
1742
256
2774
536
33
1177
2497
2604
629
2667
1374
1662
404
1391
1735
226
2876
1826
1425
2601
280
1772
824
2053
225
1717
2660
170
604
1439
2185
2018
2557
2031
1910
1561
1646
147
286
2345
119
2848
1418
379
134
1904
586
2116
1596
1715
1307
216
865
2197
2011
1124
2082
310
2658
458
752
481
1513
2546
1525
372
2868
2758
2735
931
2441
1275
2144
856
519
61
1005
2789
408
249
430
507
48
887
646
751
1229
1324
1019
2055
1293
426
698
15
2455
1453
1062
1622
1959
1745
1933
1474
1992
1332
1447
2126
823
262
152
2231
2801
1472
12
437
201
2280
2355
828
2326
528
768
1018
2238
2449
2539
2815
659
253
1956
2933
2028
1183
684
1825
534
820
1608
1885
2648
472
1466
962
2429
2925
1288
1192
1689
205
2826
37
1280
2635
2202
863
469
127
1013
1724
657
2099
2041
245
1779
1633
315
1987
489
1532
1802
814
2410
391
864
999
2447
2650
886
2755
1519
2476
1366
1544
2756
2840
218
2117
835
1085
291
439
141
2266
792
1663
968
2327
2475
77
2291
1040
947
2261
1406
2177
1714
427
1809
706
2063
2328
2702
1149
1777
2212
169
2592
2763
1524
1592
22
850
203
922
2502
2096
993
199
2039
1152
1975
2038
1832
1341
23
1583
935
1407
1869
2712
2453
839
1517
1025
2203
614
2647
2481
357
2750
332
2232
2556
1781
2283
2582
1433
1734
2174
1478
1191
815
149
2061
85
2220
2696
2600
1926
2651
494
1397
2606
976
608
168
2394
1438
1198
2409
851
1133
329
873
316
32
803
2911
2559
189
366
594
1241
1523
1243
1969
1377
2356
1270
687
1775
2555
5
635
1895
1110
2336
1051
1072
2130
1030
396
542
2550
1504
2872
486
1603
1239
1493
2773
4
2544
979
7
2473
345
1023
1811
1246
872
153
881
1972
2814
1934
2167
1827
20
897
420
1976
832
1141
683
860
880
2491
128
2547
1994
1950
424
1812
874
137
1450
654
122
838
890
1050
2569
198
1688
807
1818
1238
2046
2374
809
2005
356
1102
2594
1415
2572
1871
1066
778
46
1557
1244
298
1706
827
1468
69
1502
2726
2025
2129
25
1250
341
1157
960
1810
912
2044
54
710
996
505
370
2914
2004
133
1627
581
2480
1218
1312
193
2204
1326
771
2330
456
532
1652
539
1473
1213
2045
842
2688
702
776
393
445
1379
1500
1816
1738
1448
1756
2863
2163
1338
2182
2324
2692
358
1928
2088
1601
715
2143
1381
524
2782
1947
1870
1348
406
116
1114
1265
2663
583
522
2889
1166
1267
800
1128
840
334
1906
974
2285
2165
1973
2079
1451
1245
2885
1446
1835
2292
2770
589
570
2861
183
2762
2507
1281
236
943
172
2459
2259
261
2308
21
1081
1546
620
2456
2506
413
2627
1164
2670
1093
1091
376
1082
593
1455
2699
43
351
105
2488
1747
104
2322
2253
793
2235
1626
99
1792
2133
2928
41
1079
1765
1227
597
1559
2495
845
847
2522
1165
2372
1674
866
1485
595
544
1122
336
2102
731
2207
2822
385
2484
1111
1223
2748
1805
27
1584
2047
40
2078
1617
1979
176
1970
1491
2252
2226
1404
1336
159
1429
1095
2411
535
1150
397
530
2469
784
516
190
1691
701
1531
1699
2124
284
1331
816
2112
1001
2722
1874
2037
2145
2358
959
1579
2208
2549
2768
2268
1850
1076
1590
2340
1350
35
717
2103
564
1434
1430
2623
1445
1208
1253
1873
2591
1996
3
1656
118
2250
1849
1625
2017
1528
2113
667
1678
1118
1393
174
836
2415
1014
2286
2809
988
655
2156
2562
2873
196
1859
2680
1696
2639
858
1271
2678
2531
2035
2764
110
2209
679
663
1788
1585
2662
2793
2153
2853
1489
696
2412
853
1236
1097
639
388
660
2029
957
2366
2500
1576
140
2563
2523
599
1795
56
607
805
2732
2098
1879
2390
876
2085
1780
2363
1538
191
1269
1136
1272
2644
1612
791
81
2125
2583
2421
837
2842
2134
1521
1740
493
2860
2064
1330
2927
730
625
321
2479
2551
2255
1641
2368
1035
390
1570
1211
1965
1813
1232
1394
755
1648
2281
491
2478
2899
2222
2843
2114
1587
1628
252
641
1746
1159
2240
2367
1027
208
2056
2905
2095
651
457
571
350
983
2837
2329
2908
2567
449
1444
722
2434
1282
563
495
794
1791
1884
1071
1103
1483
346
1514
2059
934
914
1180
93
398
2694
579
867
1710
2111
1893
1309
374
1613
1536
436
2303
582
644
2923
1255
2877
335
1733
498
556
2242
1117
1458
195
1316
2090
483
2351
1392
343
2418
265
17
386
1163
2698
301
78
929
157
1353
849
1623
2216
156
788
1414
120
2779
2800
2632
566
339
1302
1413
2504
2305
1721
2381
2093
1098
672
2155
1520
207
1176
2173
1078
184
2749
1209
576
1847
636
277
1167
2189
753
2408
72
2707
747
1107
2852
293
995
1479
1026
2817
1940
1212
2813
2577
762
2320
2797
797
2389
1665
1618
229
2176
2357
1642
707
932
2652
690
2511
2436
2841
1922
577
2917
166
2895
2802
100
2918
1476
2636
2373
1376
187
2239
1252
2395
88
1465
2498
2904
2150
1744
2069
588
2790
877
232
1863
540
1638
2501
903
2695
622
1834
905
1347
2710
28
1100
501
2248
269
1144
1206
1817
289
878
2575
2195
592
1868
1600
2586
2700
2633
331
1511
2194
1589
2811
1155
90
737
2630
1262
2561
916
1156
2823
2715
283
2115
2315
2015
2803
2267
2521
1385
1999
211
342
871
1961
2847
151
215
2525
2178
879
1412
1043
2362
18
1677
1337
1526
2120
1844
2388
523
2595
2517
713
340
720
411
2516
1508
2646
1251
2444
2022
2845
1981
2048
1637
565
2210
1022
924
2157
2200
691
1664
1384
2170
2260
2206
1757
171
2304
907
2245
694
1053
2690
1773
1461
2827
2147
2718
84
826
2284
1753
1096
209
759
1711
2666
1902
1471
2631
584
1373
2920
1822
1075
2450
2621
39
2887
1179
811
1226
2922
700
1346
2669
101
1428
948
669
1848
1540
779
2767
2396
1697
2032
1952
1369
112
1277
2589
2172
703
870
369
790
2346
200
1823
257
783
2857
982
2349
2302
1230
1828
1701
1363
338
1853
618
2912
464
1846
2896
103
1841
2287
2614
1551
2413
2290
2140
389
416
745
2930
734
365
2338
1424
2907
2317
1007
94
2162
2131
598
2571
2392
368
1203
2574
2719
497
1297
692
1938
1233
2568
537
1661
2704
2628
1566
1219
1796
2812
1726
2596
2512
2101
2711
640
2431
1298
1901
2477
533
580
241
888
466
480
1441
1712
2166
282
735
1698
1858
2578
2151
1112
1843
305
1501
885
1210
98
1011
2198
1395
2403
1073
895
2771
2464
13
2420
1690
774
2637
359
896
490
2343
1216
1728
452
2819
2705
2851
2921
1941
2890
551
1771
2224
2570
238
2833
2743
902
2736
1153
2691
1222
138
1651
1820
266
1860
26
1679
1530
958
2483
1260
569
2397
2247
1308
508
1449
502
763
1731
1537
848
2199
662
678
83
1462
303
1263
1372
956
854
1322
74
514
1861
11
1937
2371
2674
2352
808
520
680
2398
2446
217
1755
767
2073
1126
52
2565
2437
2778
2867
724
1669
2529
1704
740
55
787
2487
326
2181
1456
2742
1768
2013
1749
204
1529
1927
666
2422
587
2846
893
2274
2070
2839
2027
2828
2458
2493
862
1552
311
317
1021
1000
869
264
744
2196
1713
1891
292
1365
1673
1401
637
642
1836
718
2587
455
87
1799
371
288
506
645
1416
247
558
1186
613
131
1355
9
2611
1997
2230
1610
590
2716
2528
354
2804
1787
1185
1829
727
2760
1116
422
97
1002
1189
719
1225
1421
2316
2072
1422
2097
1113
1692
937
736
743
1145
1631
1676
2341
154
2262
2788
1273
1059
2886
2915
955
2536
2891
681
1042
107
1986
1619
1666
1130
1259
1553
135
