712
389
1485
2649
93
1054
1921
1063
654
2429
2900
1872
2445
608
2862
1594
2822
2768
2195
1296
385
564
1524
2074
1985
2710
816
421
934
1593
2255
2806
65
1519
2176
1213
2867
293
2149
2380
1077
1010
246
576
602
2543
1771
2518
1454
227
1116
2322
118
1737
803
1512
2592
855
2849
2773
374
698
1670
1374
2441
12
1952
2662
894
2406
2229
298
1210
640
1916
1595
344
1571
1634
2224
2678
1492
1858
1276
2455
1671
1713
1245
2731
1865
1347
41
1986
2042
1403
1999
2887
349
183
104
1274
1391
2888
1466
2052
2729
1393
189
1628
1742
748
1385
598
2028
356
1081
1944
2893
1487
2877
2268
1642
696
2411
1918
2915
1468
1467
105
316
1184
411
1452
1187
839
1351
2838
2070
2313
25
958
1826
1610
1658
1277
1645
1871
1428
567
2231
2523
2635
1041
2296
71
2321
2874
473
1262
184
2107
1228
2407
306
2745
941
337
177
2179
2759
2305
1295
2252
1656
1531
2350
2688
1917
1425
1048
2058
1139
226
396
2452
173
2525
2007
408
1446
530
2284
1781
2480
425
132
277
2435
2436
946
2815
51
813
383
1828
2857
1426
230
1725
849
1072
129
1926
2122
494
2359
2353
604
2932
586
2086
2346
986
852
1922
194
2006
1475
478
2501
1515
1514
440
120
2478
1659
2430
1439
431
1741
874
296
1854
2752
2262
1314
2885
1444
211
2626
518
83
1611
1811
1051
1993
88
2323
688
1222
2819
1591
1482
542
1489
361
2623
2770
115
2668
2105
2869
2272
768
606
2397
1965
595
420
819
1073
2111
1673
367
1529
128
321
228
1784
2317
2476
57
1901
2349
1093
1299
2561
2863
1025
2594
1266
1435
1840
384
1186
1209
1491
519
1268
122
1107
1523
2464
1589
1735
424
1104
2607
1929
905
621
1208
1886
980
2312
2293
1732
1066
1758
1257
652
303
2610
352
2534
1699
1069
1251
1300
2647
2709
2783
701
924
2827
694
1409
1272
1092
237
1211
916
561
757
1559
1049
1747
1808
2391
2144
94
2362
1230
1880
2037
1149
1517
2771
2191
674
259
582
1717
1869
2126
481
921
1583
700
1992
900
919
158
1748
1120
1996
305
1516
2009
1097
1171
846
1142
507
1839
807
1237
172
2270
1533
1493
1585
1180
18
1196
1420
2486
357
2910
1962
13
2307
2171
145
2853
817
968
960
15
1052
1401
28
2779
1270
1105
2883
1913
1469
2240
2413
1622
402
510
706
690
2289
241
2520
2795
2693
2519
1427
2426
265
1019
2412
426
1647
1148
2444
161
971
146
2576
620
805
1640
588
1119
1976
2175
221
1388
2263
1086
152
615
2192
1796
393
1117
2844
667
2136
2500
1625
40
2085
1254
2291
131
1584
1271
1028
2018
1973
830
1080
1483
2427
1115
1112
2865
752
743
2539
877
984
2588
623
1767
802
1431
487
1207
1400
2121
216
169
302
1125
147
1704
2017
2611
2831
2311
1573
1738
2651
2012
2434
318
991
1358
1161
2484
1005
1974
2298
1173
2275
1709
535
1381
1600
2420
1113
2916
2531
2720
2896
1823
1064
2124
2552
82
2833
2497
1484
776
1151
1416
1845
2922
2744
29
2906
1297
759
1023
1058
58
70
2153
733
2310
1893
669
1663
529
139
1939
2128
203
1013
1596
1310
1075
1998
2050
471
460
188
1473
2714
166
2382
2837
1660
2309
1971
777
2718
2044
2787
1156
1903
501
2826
829
504
831
325
2092
1490
1123
1619
2027
871
1259
1960
1631
2646
2032
1935
2696
2553
888
1182
616
818
2
959
2750
1233
266
751
2590
1744
1768
403
1376
2593
1831
1727
707
1050
69
416
1334
1783
1462
718
1034
2499
601
634
2739
2187
711
1797
1244
2304
2197
2664
820
804
513
1188
2925
1003
536
641
579
1040
445
521
1498
1551
778
1554
307
2072
2563
268
2079
2073
2110
835
2727
252
1163
949
338
2926
2602
677
2554
546
2091
1437
2904
2928
271
2488
2902
32
525
1029
755
401
87
2113
467
2205
1175
2343
974
753
2699
1451
1614
1134
2490
1434
2137
833
2333
1363
134
1089
1770
2404
750
1212
2732
1868
1256
1408
1627
1785
886
1669
21
2451
1915
1337
479
552
1566
2873
48
2446
1957
1214
845
1825
2324
1661
1910
631
2367
787
30
160
2665
1964
2775
947
1518
1963
488
945
1618
1007
1561
885
569
1799
1506
1870
2639
1091
2663
737
2432
2108
1991
2933
2141
2258
719
1793
443
2273
1672
1423
156
2860
2025
2454
2145
1338
1221
613
928
1015
2373
1038
2245
2728
262
2143
528
330
551
1206
791
584
1159
2654
1261
1456
1773
2658
2013
2040
2694
2421
1980
209
439
9
2168
8
2340
1994
2288
1806
1372
3
1961
2043
1780
1241
901
1814
2163
260
2841
1458
2194
1836
477
2508
111
359
2914
994
1599
2135
2061
1691
1284
708
2354
1177
2871
2629
1267
997
1947
607
555
2431
2020
1958
679
1668
2762
196
2277
258
1199
741
1389
2146
2919
898
1683
744
1900
1453
2132
1919
1546
1279
1843
1234
798
1890
2832
2894
2643
1677
1652
429
2738
1603
2228
1833
860
459
651
1712
1959
2226
714
2796
2825
735
908
2667
684
210
2569
939
2097
2548
1984
2201
2619
201
2318
1764
2102
2494
2315
95
2566
491
2581
2730
2847
2462
448
1606
2852
450
1791
2774
2119
2618
1282
2316
176
2271
1863
17
2786
2190
2206
1907
1098
1782
84
125
1946
1953
1009
724
452
2650
1224
2861
953
828
255
2062
913
1503
2891
179
2140
2726
264
2217
592
933
689
2280
1324
1710
2169
1949
2855
1620
1046
2369
1815
92
1894
2053
2098
638
466
2748
2112
2148
547
2339
275
2843
2723
1071
1536
1857
410
890
728
2719
433
2438
1624
1576
609
2895
685
141
130
834
2463
2570
2630
1508
2924
1447
100
1383
2016
840
1109
739
1575
2567
1824
1378
1557
1106
1369
2918
565
1042
1726
2620
2334
2652
2927
506
2549
376
2181
2653
731
217
2670
207
483
1931
2180
2905
794
824
331
2251
343
2409
1749
368
2453
109
2243
624
730
2564
2142
1197
656
2661
1217
1141
1129
2698
2178
1930
2416
1911
2244
799
1190
610
1100
580
1250
136
492
1290
333
1848
861
559
1730
1360
869
2342
1856
422
842
646
2292
2388
2899
1649
195
2003
979
2164
1936
98
740
1127
2300
2386
2186
2155
915
1853
47
1720
312
1000
989
1501
1130
1352
2095
2510
2550
2200
865
1841
1577
2560
1734
1084
2766
2302
1956
1118
982
761
2087
20
619
866
1317
2266
2374
214
2210
745
2595
206
775
1842
1544
2314
771
2801
1057
1319
363
2290
2682
1333
2471
1056
434
1579
347
24
627
2358
1167
591
2546
1298
2529
1753
300
1552
1685
1354
2913
2675
68
79
2868
81
672
1597
2104
2370
42
496
2049
1759
1315
1001
2360
2876
371
342
1053
299
2851
117
826
2045
1761
2054
2173
554
541
1062
182
943
38
2631
1798
276
1809
80
1928
1216
295
1414
1143
2803
2908
2371
2655
444
404
811
2403
1289
2589
415
1987
2279
462
2233
767
2379
2616
2691
212
372
2628
2700
1174
1301
1543
171
2408
2495
163
2088
2442
10
370
390
1303
1223
649
2378
1275
2267
1152
1345
199
1933
1643
1555
1822
99
1700
1045
2886
931
121
1562
441
419
1693
1733
1650
1079
1655
772
1776
2075
2687
2493
1804
539
590
2640
1121
2139
395
1150
235
1540
1219
2335
1008
2811
814
1715
926
2929
549
1331
1707
1570
2437
369
378
502
911
484
1464
1153
2776
2038
1598
283
715
683
658
2093
2188
850
150
2337
773
310
482
2185
26
2265
2765
245
78
2697
681
2423
1495
2911
1405
46
2249
215
1183
1238
66
2882
1867
2234
1185
822
394
1229
495
531
2515
27
2535
2327
1430
1201
680
1361
1633
2872
2917
454
1578
1067
1934
233
2213
1024
1615
2621
2526
2069
537
769
2390
793
204
1472
1754
2002
1716
2232
2199
891
2735
1526
379
574
657
2015
1884
2220
67
914
520
1085
2864
882
261
912
599
1065
2389
749
430
648
2578
2657
1090
2878
1059
594
1341
164
54
1265
1390
1146
1756
112
972
2344
1881
1087
2834
1682
62
1278
1020
380
2204
224
1463
392
2235
1739
2659
73
1626
281
2671
2506
365
2839
1535
2747
1477
442
2721
1424
895
2338
2264
322
827
2702
2376
1801
1521
1899
2078
2572
1728
1459
334
2763
1542
2198
2422
1838
2051
2458
942
1375
1122
1382
1982
2331
137
2219
2582
2722
568
2856
2481
2881
1775
760
867
2448
896
2692
1601
710
2474
2557
563
526
102
1897
399
5
825
2345
643
1612
795
340
697
44
2684
2845
1778
785
2672
1202
2125
1432
1648
699
7
1873
186
1586
423
2889
967
2808
2772
1812
1144
2081
1674
1132
1380
2103
650
596
1320
2328
1135
2239
31
538
1231
1721
2489
2817
2704
465
476
455
1422
2622
1162
1281
202
902
2507
2890
2482
884
37
282
1088
1395
270
1723
856
366
1449
1198
2387
286
1169
1827
39
2850
1438
234
1978
2023
1402
1205
1679
2286
2355
2109
2283
301
682
2363
2793
248
2545
543
2797
2450
935
149
1891
205
2221
2101
522
2848
1565
2820
2575
2707
1997
1937
2802
1496
2395
1795
2571
341
1942
1892
2638
133
544
1800
438
2457
2758
1346
1399
2884
2603
2713
1418
2443
880
2741
633
2366
1260
1387
1349
2237
2579
2216
1572
2487
1455
925
1155
1044
784
2295
1366
859
2880
2573
2348
165
468
1055
2150
593
323
2479
832
35
548
2633
903
1681
517
1718
1657
2580
2473
2276
1179
240
1308
2483
1819
2612
660
2634
1788
1309
339
2468
309
218
159
2701
1396
1406
1590
1236
2375
642
704
364
2398
2082
2809
2568
2669
1074
157
2209
2789
853
2470
1609
451
1864
1731
1249
2238
391
1653
2689
437
975
2513
2920
2504
2491
1835
1193
725
348
2533
2866
1138
973
872
1348
1166
1507
1567
2014
257
2524
1323
174
2227
1951
1696
2285
2241
2223
2743
1292
1344
2207
1413
457
703
514
1686
269
1293
1772
1168
2130
1325
511
1021
229
854
2740
2492
645
2931
2158
2138
1803
800
1461
1860
2184
219
1343
2800
981
2308
1460
1912
2528
1588
2596
497
239
2254
1560
1189
2100
1925
1329
1102
1002
2116
1513
1548
2047
1948
2299
1398
2010
45
1253
2477
2846
1481
653
1904
2784
272
1480
2749
870
2281
629
2034
1587
1018
2392
1898
381
1283
2760
883
2556
1876
1327
1851
225
2466
2708
1940
2835
503
449
878
185
2909
2036
76
190
2608
1846
2503
1307
2644
2674
1697
1967
964
1602
2824
1534
2319
198
2792
2683
388
1830
1235
232
716
792
2502
1875
140
2330
2641
1407
515
2361
387
2475
868
1342
2377
2859
1769
324
119
2676
686
756
1137
1832
1006
954
1017
765
2405
862
1988
1630
2624
1694
1200
2706
575
475
1178
2046
1476
1450
127
499
848
192
1924
1714
1232
1471
2465
2236
2414
618
1532
2165
1377
417
1240
2005
1330
2428
2870
702
1243
336
1855
1392
1708
2737
1035
782
2617
1273
1227
909
187
1820
693
1818
52
1340
1902
1777
1255
1285
1746
116
250
1636
2118
1497
1332
509
2278
952
1412
1417
103
2892
1194
2068
284
2537
2585
1684
2222
2347
263
75
409
2055
695
2259
1574
1022
2419
2225
635
345
2056
1316
1158
1817
1605
2115
142
2011
2218
1786
523
2521
2724
2807
858
1359
560
1850
675
1724
534
622
317
2625
512
2269
354
1541
1528
498
2123
1357
382
1766
1608
1750
2332
178
291
2600
1353
2467
1203
766
1644
2656
2019
1941
655
1030
1191
2415
2352
1306
2303
2712
1977
2680
2022
897
508
746
936
612
1616
180
1582
585
2875
2794
167
956
1311
2325
2764
1879
1101
1945
944
2512
1604
796
2372
729
1736
801
461
1504
857
763
2000
1305
254
6
2799
1165
2356
2131
2106
1805
2907
815
1488
533
243
1204
893
2679
332
571
168
181
910
1286
557
1039
770
2511
1335
458
875
1082
1989
432
2584
1379
1932
2485
231
153
335
783
1639
1499
1365
1246
789
873
2614
2117
786
2368
1859
353
978
1384
1441
2591
447
472
1312
355
1972
1036
2341
2858
527
1909
2247
1688
2326
999
1442
540
2189
1883
1888
2385
191
289
2879
1505
977
2715
2161
1258
2761
1862
2294
2383
1821
516
2542
1027
2351
2090
2021
143
742
2160
2574
1429
1790
1433
2558
1047
2156
1729
965
1157
2301
1370
1692
1242
413
253
2417
906
1094
107
1794
1722
637
1356
2767
1666
1664
2041
1927
1326
412
2725
1816
1060
2555
929
72
717
2089
1
1411
2174
1486
1520
1757
1457
836
2690
1147
86
2810
397
1966
2469
329
2536
1755
2402
1592
1440
2211
1763
2742
2705
97
446
808
1938
1448
736
2551
2459
242
2048
1762
1810
524
2151
762
2357
2830
1553
630
1133
428
889
665
2897
676
485
2538
1889
285
1280
1248
2172
2065
573
670
2297
1465
668
2242
315
1478
1494
1095
892
1638
1164
2903
500
2836
435
1675
1829
33
1126
2250
2686
1678
244
2212
1350
969
2064
222
747
955
639
2030
2498
2394
1861
1690
721
91
2177
713
1745
2923
2609
2456
1695
664
2033
1662
932
1556
2785
2816
90
2399
990
373
2393
1225
738
2613
2559
2059
754
2472
532
1539
1110
1581
313
2805
821
2627
53
1701
2685
144
2182
328
2547
2424
2001
1702
1802
2133
1355
1550
55
662
2565
556
844
16
1882
123
1445
2287
1510
1983
1970
2306
2642
1026
1068
400
108
2791
106
2597
2031
851
2645
1287
843
2586
2842
970
863
256
2157
570
951
1623
1878
470
1470
2751
453
2257
2812
1537
1502
213
2695
774
101
2605
1703
1291
60
2505
963
2677
2418
1522
2734
1083
2460
937
114
493
2066
1779
985
2681
797
810
2921
2162
1181
456
566
23
1751
1975
962
1304
2788
273
992
1033
2060
678
722
1288
1012
350
1621
550
2035
77
957
1895
577
1955
1397
659
918
19
838
1568
1124
386
1339
2648
2736
1031
847
170
1646
2410
2711
11
987
1136
474
1364
666
34
2166
1837
1474
1743
1394
1103
940
1665
436
1419
2167
2615
2099
1014
1061
124
14
2094
876
2577
1443
617
1792
110
1689
1834
553
1908
2756
2400
1613
723
2912
2540
2782
2396
490
2214
809
279
732
2071
2196
61
2067
611
314
988
1705
247
2134
2898
155
581
1547
1765
2202
1076
1410
22
781
2522
0
1629
249
405
938
692
2509
1500
1032
208
2057
2260
2829
2147
1195
950
2401
267
2076
779
1269
2601
1264
138
1866
545
628
236
904
2230
2063
154
2828
1322
2583
308
2256
2039
1386
1479
2544
2084
2077
614
2541
661
993
2496
2514
2821
1131
1920
1218
920
600
2282
2384
758
1813
1990
2733
2599
1070
2329
2673
806
43
562
56
1569
1651
998
200
790
2261
327
1632
148
4
983
2170
2248
961
1170
864
1004
625
2755
2823
907
1844
1302
2433
2083
578
1043
418
2364
923
709
2780
74
2152
603
1321
1172
2666
930
2598
2253
151
1371
2208
671
1263
292
632
320
1680
558
480
2439
2129
326
1294
238
1108
2447
879
1995
36
841
288
2753
2008
1099
304
1368
1436
995
1530
587
2530
1877
319
2159
691
881
2604
1545
175
362
1617
59
1367
1558
1215
996
223
2154
2114
948
85
976
1421
583
1943
346
1641
1252
358
50
1905
636
705
463
1950
1328
2517
899
837
1525
1852
1145
1923
1874
2336
1580
360
2029
489
287
1774
2365
505
1676
663
1706
464
1687
274
1981
1954
2637
351
1011
734
1176
1968
1226
2717
1313
2813
1336
1154
2804
193
2587
2790
727
788
2461
2274
1239
2777
2381
2527
407
2716
2901
1096
2660
1654
126
96
589
2024
2449
1752
2754
1511
1247
220
647
1220
486
1719
1128
2781
812
1114
135
63
1016
2203
1667
251
1637
2440
2120
2636
2096
2004
2814
2320
1549
2703
2127
375
64
2746
2532
572
1711
1564
1192
780
113
2778
414
2769
2562
764
89
1914
377
1885
605
673
597
927
887
1111
1415
1979
1807
311
2080
427
1760
1607
1787
2818
2516
1789
1635
278
2183
2632
294
1896
1318
1160
626
2606
2246
2840
49
2193
1538
1847
2425
1849
297
644
917
1362
1906
280
1698
2215
966
162
1373
1563
823
922
406
720
469
398
2798
1509
1740
687
1037
2930
2026
726
1887
1404
1078
290
2854
2757
1140
1969
197
1527
