2395
1652
2676
831
403
1795
725
1153
2157
1579
2229
1941
2376
637
2573
1493
2015
2750
2144
69
1664
966
2429
347
1078
71
2169
2050
814
2520
358
402
616
335
727
714
2665
1410
2816
2388
2808
2645
2271
836
2115
1265
561
1317
2453
2356
1014
683
1942
280
207
1617
974
960
1311
97
1975
892
1969
2685
1226
1181
308
439
1177
79
2583
1647
2510
1754
2333
717
698
2254
2177
1692
732
609
2232
602
2247
1400
51
2867
2863
363
1415
575
110
2365
1609
34
295
2693
656
2316
2426
843
1680
139
1143
2075
471
2152
2174
190
890
2514
55
2326
180
2340
1964
949
165
1602
1329
2701
1530
1027
1455
1848
827
1959
420
807
1450
1253
2892
2190
2449
489
340
905
1819
1628
134
1739
1903
2394
942
2501
1196
343
2699
1905
2841
1322
2262
1929
2134
523
2076
650
1733
1363
33
2817
405
386
136
26
1071
1811
2188
2474
269
2770
1070
2039
488
1858
1388
2607
2258
2302
98
1108
529
846
2373
1878
659
106
1656
1697
1331
1601
861
2226
1336
1141
1788
259
64
965
1220
681
255
2608
620
2837
2702
1885
212
1127
1665
1314
1244
28
1538
2741
2014
2097
608
675
1542
484
1704
1074
1434
2933
1549
2433
1540
1156
1775
904
798
379
721
32
182
597
926
2492
740
778
504
2360
2581
1677
852
58
2026
2444
2566
166
2861
2165
1551
75
559
1525
682
87
2847
641
326
2836
1509
520
1976
927
1213
2239
400
1755
1643
1349
1266
1698
2357
1567
309
2708
983
1229
2844
194
2538
2352
844
1076
1911
2647
937
968
940
2756
1543
1820
401
1948
1451
642
2377
2242
2587
1715
961
2798
1897
1562
2462
2003
1719
445
2041
102
2383
21
153
2185
273
1574
383
114
913
1871
1732
2710
928
1122
660
2854
1779
2348
1430
2793
509
2858
1634
1499
2372
12
1523
646
2432
1034
1469
2363
1513
2436
2368
377
860
2761
2559
1764
312
483
2622
869
2674
1372
1085
574
2337
227
1684
1582
2919
2925
305
2684
2575
2132
1594
1232
552
1000
556
2255
1347
138
2119
2642
2870
2496
801
2681
2582
1544
1381
2556
2454
2532
336
2311
499
281
661
945
105
1416
2662
2891
592
2079
2529
328
782
1557
899
2439
1113
566
1738
2551
228
1611
1653
1030
1273
1971
2748
1943
1685
819
10
263
2489
1956
1818
1320
2300
1812
1330
2675
2070
2057
1194
425
2687
2783
1323
408
2055
647
2780
2594
2596
265
389
1091
177
2831
291
2800
2206
1445
537
2552
1417
2829
1554
316
1651
2888
1436
1982
0
198
1221
1380
1678
2533
2764
89
2172
658
512
1581
1895
344
1546
2766
1832
85
221
2503
990
150
2730
2435
909
24
1835
2420
900
1586
293
600
1992
1919
1600
497
612
2304
1338
1752
2161
2664
362
99
1045
322
812
2635
1902
1889
1279
588
2470
2205
1374
156
2332
2652
2497
1438
950
1727
2804
2614
2058
1529
2523
2728
266
2565
1592
1053
1107
2400
86
1856
858
2370
2396
1720
2319
689
2790
2200
876
1257
480
2253
78
829
805
1318
919
2731
1539
1334
2921
2646
784
148
1640
1165
2475
1171
356
146
430
2795
1206
2314
774
1770
1335
2513
1925
2502
567
1844
1283
760
2539
2499
213
2021
596
1216
750
1025
91
76
1454
2260
2742
1682
1876
159
930
2657
2082
1900
1587
1075
2786
453
455
1258
932
310
711
2535
676
2820
2225
867
617
1147
700
874
162
1005
1743
464
2412
399
1713
1393
1414
517
1459
50
2760
572
1836
1877
2590
1766
444
468
1882
626
1015
2875
643
897
276
2004
2207
2186
7
378
2146
1676
664
912
1095
2092
2609
842
2440
1920
2140
226
101
306
1327
2310
1796
2911
1782
2202
1361
1912
1255
585
267
2032
1928
1035
175
729
1210
2617
2175
369
346
1065
1057
1868
2659
2866
2584
703
1667
6
704
1064
2624
1568
1613
768
2211
1036
941
1169
254
187
1009
2716
2815
2325
2204
135
2916
793
1042
1072
607
2819
1233
43
2849
2639
2932
2257
2572
2703
2840
381
1119
1725
2813
127
1526
1007
1996
2922
554
644
2107
2825
486
1482
2629
2221
2666
284
365
1626
770
573
630
1503
1391
1837
2876
2491
640
2067
1789
2240
678
1750
946
406
2139
173
775
1749
1502
706
388
2803
2149
1869
1146
1261
2324
1962
1521
100
2592
2024
119
2318
1768
2393
746
783
2839
527
2546
2223
505
2469
345
1047
1387
1648
107
2201
1870
1649
2390
1639
1022
777
1201
1356
1803
59
433
1787
759
1637
952
2387
325
958
2779
564
2288
2063
1316
1898
1705
2743
2547
1794
680
907
2002
132
1995
2776
1806
374
922
1487
88
1460
868
1073
1681
1572
1383
1707
2246
2341
1790
2327
1862
1994
253
2788
1760
2571
1058
491
1008
779
2895
2117
2411
2696
2415
2600
1299
2375
210
197
270
2110
1250
2649
997
1731
73
2404
891
1440
2464
1783
2534
1621
772
1744
458
2374
2405
196
2306
978
1908
2579
314
2597
2877
372
2052
1618
1635
1494
38
1981
1193
1172
2720
2231
2899
94
916
1622
2386
2791
2354
2555
752
1116
290
544
790
1694
1151
821
872
2369
2610
2484
1492
1607
2633
2483
1325
47
1780
93
2874
2401
282
1187
1875
696
2303
1745
357
204
2008
1773
2236
875
2706
943
1759
884
1980
479
1003
45
1163
60
1921
1762
2855
37
2670
558
528
2054
1264
1781
1032
549
2035
2812
262
1375
2880
1341
2012
1740
2179
967
1131
2868
716
2422
2192
2410
1121
2738
565
662
423
2159
545
1448
449
2118
2862
2353
2714
840
2903
2753
2677
2488
1096
832
1301
1933
1054
1633
1827
2163
1051
2468
1287
169
787
2080
441
618
1904
1724
1641
14
2641
417
1274
2299
975
991
2917
1615
2754
108
1056
1012
2826
1620
837
1303
1699
2049
186
1013
450
636
2301
2216
2833
416
1292
2141
2778
2441
349
2346
2267
2344
144
908
1721
2427
2744
2142
2521
955
2765
2506
2218
1006
2787
2151
2414
699
1049
115
2713
2806
590
224
2524
2120
415
1467
1501
1369
2822
635
2094
1630
944
808
2486
2125
2189
2569
536
796
1282
2586
1309
1081
611
2339
1059
917
1026
1339
2264
1670
371
1215
1367
2636
1422
2763
2878
2818
878
1158
1957
1701
1952
1179
1290
1089
2843
1978
1288
393
1211
1545
1686
1774
823
1846
475
969
2611
2563
2458
1313
1130
350
1977
122
2842
794
1663
1916
806
1324
522
2259
116
1048
1588
237
1937
2516
297
737
1457
2722
2007
1041
2471
677
303
248
2416
1117
1458
2123
964
534
1484
1935
2457
66
424
2154
1610
1294
1359
2073
184
1984
1306
124
510
490
1547
1496
241
1480
1312
2128
599
850
2810
1246
1821
1802
1672
351
2409
2894
2797
2481
1207
1584
2853
2451
1144
1138
765
2769
1533
2069
1674
2549
2625
2263
1275
2519
570
2000
448
1068
802
2219
1650
2156
1149
292
615
1023
1927
571
1860
68
718
1077
1784
2697
1202
1769
104
2158
1638
2237
866
2241
1688
1360
459
988
354
2834
2421
442
398
95
841
246
2112
2698
2456
154
236
2618
147
1148
2111
1103
1826
1397
632
880
1623
1737
1625
35
1315
532
516
2531
2695
1170
2334
1110
1377
724
672
348
780
2450
1453
2755
1520
324
2199
1845
2087
2567
2398
476
1891
1735
1689
2656
1864
739
2494
1251
2074
715
1965
1901
568
2628
1167
1392
2554
1693
2781
1867
1792
251
495
250
2250
2056
1679
1843
2930
1481
1491
2759
1227
19
1405
972
208
120
722
1124
896
2447
2774
720
688
1472
1241
1178
2616
1495
1914
2758
469
749
2568
2711
2269
2907
1709
498
1256
2100
437
2153
810
2668
2784
1998
2019
918
925
2627
2274
1932
707
1001
1033
788
2789
1814
1857
1079
663
1342
181
1160
1011
579
771
31
757
557
394
229
881
2924
1785
2660
1123
2005
418
1390
2715
911
1252
1310
1552
142
195
830
533
2150
862
2342
205
1593
1403
2928
2284
1228
799
2330
41
2678
2683
2883
1742
929
1504
2663
695
691
457
1537
1326
883
1308
2212
1092
603
1797
2379
1293
307
2723
2824
2036
2589
422
2138
1599
1548
1627
143
822
1223
1063
1510
1500
2283
824
1893
1046
731
2606
994
1515
145
1300
1824
1098
1807
2320
1671
252
1471
2487
1371
2098
1039
1890
1612
2011
2298
17
1401
613
245
555
429
1152
606
1268
70
2909
614
352
92
48
2828
1793
1939
1924
2821
2873
1157
1512
462
1718
1353
2585
1917
2037
2170
2736
1716
299
1473
370
1999
2292
2923
2543
223
2528
435
2438
2482
1245
2208
2912
2553
1657
2313
428
4
1286
1291
693
133
2230
956
414
2423
384
1951
2256
1150
934
1412
1485
1490
2217
404
1519
2113
730
1465
2045
410
46
1728
1966
244
694
2281
981
2709
2016
2643
466
112
2224
1112
2906
1174
610
164
979
2228
1395
815
1944
1979
863
577
2285
2293
576
443
803
274
2460
1106
2805
239
1853
2467
2308
2359
2227
1002
2690
1140
174
631
985
117
2428
628
318
1337
873
1595
2407
530
951
15
1278
2929
2068
2276
2686
2700
886
5
2485
1840
2667
2480
1815
242
2673
2009
2752
1830
2137
754
623
1508
2871
1488
2245
1247
1880
2417
2558
2261
84
800
1968
1746
2317
434
1531
176
744
1271
2498
764
2704
854
550
1730
1489
2233
1340
1420
1772
2557
2479
2717
2619
1505
2135
1578
2448
232
375
1955
151
547
189
1591
2408
743
2749
158
201
1799
2243
1418
2351
1118
185
1741
1466
2879
1173
1277
638
652
833
481
1896
2027
792
323
2671
518
2823
542
726
1105
2289
1028
421
1913
1109
1683
2347
2561
1560
407
279
855
2500
1321
2637
1195
2130
411
2570
1031
2515
1188
785
1974
789
738
1585
330
1534
1661
474
898
1804
29
1024
1446
2472
1230
1829
2162
2234
2694
2634
1736
2927
1243
648
171
2830
1429
1090
2171
1191
2782
996
342
920
1478
719
936
2053
1382
1706
655
1296
2680
1498
2560
2389
828
413
1463
795
456
2771
1037
666
1136
2446
2640
2252
581
845
2086
2689
813
553
465
2184
1833
1180
54
959
1439
1197
2071
2799
1132
2530
742
786
653
96
1886
1660
622
2434
2658
1646
2020
2392
2851
1483
2180
2084
924
2527
639
701
838
2725
733
2595
669
1208
2661
2081
2391
667
63
540
1946
1083
396
531
1126
2089
1452
225
1972
1142
2191
438
2495
1690
1723
432
1018
1596
2335
2385
1695
477
1183
1182
811
1302
2215
2768
2315
670
948
2814
1950
1456
2096
2329
2183
1168
391
2881
2424
1189
629
337
2505
1069
1961
230
2062
103
1507
219
2688
2605
1297
1524
2345
686
773
1155
1134
419
218
235
2078
2835
130
1559
989
2692
998
1289
2010
767
1798
1379
879
2562
649
1432
1884
1809
889
192
1137
2309
1989
747
2463
261
781
1190
452
446
2517
1205
2147
214
2718
1235
1922
1527
2312
2104
563
605
286
506
1402
1655
2931
2832
587
973
1675
2631
2848
202
206
1729
2777
2827
871
2418
2613
1421
1357
57
1894
2106
141
1535
1477
2108
2088
2726
679
2355
2222
2129
2296
1368
2751
1816
1714
1384
2732
2905
278
1571
2773
2593
2321
238
954
271
2001
2588
2918
723
987
256
304
1726
865
2136
472
287
2860
2323
1351
1936
1087
2733
39
708
1424
361
1231
1120
2478
1385
848
1125
2682
1426
2913
1447
1873
1990
1004
2402
30
2735
1038
2064
859
1570
1949
1284
817
1114
1973
758
1866
211
1461
1222
1624
1066
1365
1580
2910
382
535
2203
460
62
2792
2926
1396
1435
2644
353
1333
2747
839
1831
364
334
2133
947
971
1364
548
2182
2724
893
2852
2213
856
2273
619
2442
2093
1295
77
2648
2047
3
1938
315
624
2537
275
1909
2511
2173
294
539
2578
791
2322
1842
1910
2090
496
2072
1717
395
1985
933
2801
2167
2124
2101
2176
1983
2384
2413
2630
125
1645
519
2490
665
111
2343
220
461
2897
1805
1378
2721
870
1576
2908
283
217
2886
583
1879
447
2166
2358
1761
2193
149
1437
2382
2059
2739
1963
2802
222
526
1566
953
1757
56
200
2265
1556
751
2
1166
90
2042
61
1040
903
20
2187
514
1366
25
1428
376
188
470
11
1346
2235
1470
560
1269
2220
2864
1528
671
2361
1162
1605
1669
1536
1175
27
1734
2796
2890
1589
687
2085
1849
172
2601
81
390
2691
993
902
1343
2872
1673
1800
1242
298
2380
1423
2040
1411
1825
1236
1224
2164
1947
485
2772
129
1777
1029
1687
2604
1631
2214
797
327
2403
1209
601
804
359
728
2884
215
2295
385
1088
2328
1237
1328
2455
593
83
501
82
1642
538
18
1094
2437
1558
1940
834
320
625
1404
1128
980
2785
1934
1444
1021
1017
13
1462
1553
2443
2210
1260
2023
451
137
1135
690
2901
2620
569
851
877
1394
2809
2196
923
231
2099
1043
887
735
2287
1352
2143
16
1192
2397
1786
163
2653
1813
1702
199
1238
288
745
1362
598
1111
1751
502
2294
595
2367
1763
2452
260
264
1616
864
2297
492
1810
705
341
2251
1892
1887
1129
1055
2603
2655
1145
857
1413
74
2109
1184
2017
1408
654
888
1855
1841
368
1270
1945
1771
440
1711
1573
1285
302
2893
1319
380
1604
152
1479
931
1767
1332
1569
1753
333
1847
2381
1953
1093
1101
2025
2767
2734
2425
2006
2168
2550
939
589
2856
511
1399
2272
2043
2121
2632
338
1906
1691
1828
1710
736
1086
1668
179
2249
895
209
2046
118
1154
1020
2522
809
2541
2838
1475
168
684
673
2612
1756
234
473
1203
1712
1986
2178
2882
2378
2278
126
1988
2244
2105
1280
906
2430
427
2598
816
1614
1259
2160
1062
1823
128
1307
1583
1133
1373
478
525
2018
482
1550
80
762
2060
1822
1931
2507
769
1082
2266
167
1345
753
1376
183
674
1386
272
2307
2083
72
300
2672
761
938
2030
1506
1
977
2621
1102
1703
2290
339
2545
2898
2126
2654
2127
668
594
1899
392
2268
546
1398
2707
2915
1100
387
1052
2399
2349
2493
2540
1776
2431
277
40
160
2869
604
2651
1468
776
1431
2102
1564
2033
123
53
65
984
2920
755
1930
1115
2859
2526
2131
1517
584
313
2279
1497
1474
702
2857
2626
591
882
289
1801
1464
332
1204
1541
2051
1449
2536
2887
1176
329
1164
1084
1758
1997
1370
1629
1350
963
1872
515
1298
2729
2029
1355
1486
2896
2580
835
820
2286
1097
2148
627
1619
1852
170
957
1516
2181
2061
1522
1159
1658
1993
1200
487
1575
49
2850
645
1722
2065
2544
1511
1636
1883
2048
1632
524
1765
543
1185
2900
1958
1267
894
541
1666
2338
1603
2445
317
2577
1861
1406
285
2282
1561
2615
311
1514
1219
2576
2807
685
901
1248
992
249
2508
914
1104
756
157
962
366
1050
1161
1016
1926
2350
2865
1563
2518
1433
1240
2091
1344
1606
1139
633
191
319
712
1598
2504
1700
360
2564
999
2366
1019
321
1644
1010
2095
910
1696
1198
2028
849
1305
634
1608
2623
2602
1991
507
233
2122
1987
1859
161
2270
921
976
2477
22
748
2013
2248
67
155
508
243
2727
521
52
1425
2650
113
1555
2038
42
1217
2197
1239
494
8
2591
2291
1888
1281
651
1443
692
1817
2362
1597
995
1881
1865
2757
1834
2280
1577
763
203
1659
1654
2461
1851
2336
580
2114
2762
131
178
2305
1067
355
2525
2679
1218
1874
268
1234
2194
1915
373
1532
1708
818
1923
1389
454
621
1212
1918
1304
109
9
2476
2277
697
1354
2745
2419
825
713
1662
1442
766
2275
1409
1850
1970
847
2914
1748
1747
2902
986
982
2712
426
409
1518
1427
2364
1249
657
970
1199
1044
2195
2574
2904
915
2465
2103
1407
2459
1863
2512
586
296
2145
2116
2719
301
885
1099
2775
367
2238
2669
240
1590
2406
2466
1254
734
2705
2548
1476
935
1960
257
193
1907
1262
1839
1838
1791
709
2022
1967
741
467
2740
582
1358
2889
216
1276
2044
493
2473
247
2638
2077
331
1954
1214
2034
412
578
2885
2794
397
1060
500
503
2209
2811
2331
2066
140
513
1080
551
1061
826
258
36
710
2509
2846
2155
431
1186
1225
2542
2371
436
2746
1808
1419
2599
562
1778
463
1272
23
1348
1565
2031
2845
1854
44
2737
121
853
2198
1441
1263
