219
1054
1746
867
1694
1246
2492
1455
1348
2733
1106
1006
50
1494
2329
1276
1671
1483
1066
1198
2498
820
1618
399
2454
922
896
882
1714
1684
497
1250
2007
1603
74
2926
441
1718
2190
698
12
2671
320
1436
2551
1080
213
1610
549
824
2175
1406
382
1624
1549
2469
1744
2093
1119
413
242
1681
868
1240
1446
2614
2728
611
448
1022
1249
1827
1872
2012
2375
467
1581
1590
2192
335
732
821
2747
1950
2902
2526
1532
2487
1531
102
1731
1460
1677
1943
2746
1647
1338
757
863
36
2641
1457
1219
2814
2931
2100
2673
1088
2310
1928
1931
801
2765
308
2020
1513
1040
1696
2185
1587
1539
2725
187
1546
2558
1464
2922
1186
2369
1077
2715
2567
2085
2359
2543
120
2142
2073
1875
1017
428
235
1755
2208
1882
2605
2403
918
2046
1018
1341
780
2395
1227
348
1886
456
54
2894
2647
2458
375
2606
137
92
2415
332
1520
2032
1091
1267
1389
643
1168
1147
2799
1764
357
1405
2300
2040
733
2406
2813
249
2756
2506
613
2364
1393
1315
702
1070
848
2805
2262
519
1890
2583
1089
2910
358
1299
2045
389
166
1358
2120
445
322
1637
338
2270
2697
2398
1104
2642
479
250
1633
2763
965
1506
274
1295
2819
925
1788
2417
2408
2610
1058
670
2027
1880
967
1732
1736
2306
2322
131
2528
1835
616
2678
1314
650
716
1437
849
996
1504
1930
598
574
168
2354
2917
2740
287
237
2734
547
9
1247
864
2590
2172
897
2282
2346
2160
721
136
2383
972
1871
1294
971
622
1792
2442
1450
1340
1959
1547
2651
408
1630
2138
83
303
379
490
174
2600
954
1302
2511
2201
276
2521
1144
10
2448
1486
17
2791
336
439
1676
1254
2748
981
1016
2056
712
2112
319
1117
1688
636
2064
188
2657
1949
537
877
1909
1552
1616
1897
1211
2719
275
2376
202
228
1907
2901
1720
2536
298
2754
2402
2685
2578
2193
37
2098
909
2087
55
2128
2750
321
2923
1076
2412
1007
2365
1430
1036
2920
2546
803
2532
1675
1711
2557
2559
839
1815
2426
2857
565
2800
2527
1293
1278
927
1304
742
1885
2428
859
553
796
1418
973
385
161
30
997
198
543
1721
1612
1311
697
899
26
1599
1715
1876
2318
1255
493
1051
1989
2062
2214
2216
2577
277
1635
2221
1160
253
1952
1970
2479
2015
2357
2271
857
2615
2741
1602
1822
1881
929
1466
760
98
1747
1487
527
2769
627
878
1758
645
2466
393
1507
1129
1891
133
980
2807
1181
90
2036
538
2711
2589
2700
668
2144
2602
418
1069
904
2099
1608
2449
159
1251
1370
604
79
707
767
948
1116
2028
2477
1682
105
1697
663
1795
208
1566
2576
2776
873
1569
1641
1108
2890
2650
528
416
2167
1048
182
1997
1296
2397
2407
682
1589
684
2053
1540
683
512
1738
1861
255
1733
1929
2778
160
515
1778
709
2613
1719
919
582
2518
25
777
392
2509
1843
2277
1243
2644
366
2817
2698
2875
2535
1708
381
1627
2816
2260
162
1555
928
529
1214
410
1729
2846
2545
152
635
2257
2721
831
1853
1046
1542
1115
1223
1394
2775
2055
309
1447
2315
2584
1008
119
759
2603
461
722
186
424
1416
2825
2429
2844
2689
534
1371
594
1857
1467
62
1107
623
2191
1898
1194
728
1903
2255
2630
1574
293
1887
609
1974
2305
438
2790
1488
2475
1072
1291
2706
1953
2660
745
1366
659
1399
2152
3
1783
880
291
1508
226
2314
1356
2774
2261
283
1855
108
816
895
2554
99
1777
1030
978
554
2074
1818
2141
265
517
2110
730
1344
560
2640
2298
1972
2368
907
771
1951
457
5
2772
2124
1372
1969
1224
285
2004
1535
2151
908
815
2244
2295
1517
2387
1726
2495
2563
1015
1388
2773
2478
1226
578
962
44
390
823
2686
2446
1425
1567
1233
586
887
342
2789
634
1330
563
2401
1404
1752
129
1595
913
77
2217
2396
2785
2762
2263
1094
139
2779
792
879
386
1329
735
2508
2339
2096
1185
130
667
2907
1727
1373
1658
394
347
245
1469
2037
264
1863
1235
766
2861
431
310
504
1829
2712
828
1901
2293
233
754
575
1999
143
2393
501
2284
2145
2392
910
164
380
2303
1200
648
1511
1730
2522
840
243
884
1061
1631
1706
257
1648
1445
2413
1968
1456
204
740
1557
1484
2743
417
893
259
2493
2063
1963
2211
516
1208
2643
1231
1183
2467
1620
1836
1305
625
100
2755
1837
1942
1112
2440
949
1868
43
1779
872
146
2135
866
960
755
2176
2795
200
2695
1335
1204
1005
1776
2831
514
704
533
2653
2612
2373
391
2065
1179
123
475
177
2692
1473
1845
1067
524
2094
2452
1337
86
402
2723
1828
2786
2200
1810
1870
736
1068
2051
8
2683
1766
696
1704
1281
1495
2494
2371
786
2483
2848
743
2468
1326
1316
2420
845
1209
1570
2399
584
2059
2656
2868
1465
2353
654
1580
1476
2097
2512
2358
178
2472
196
2500
1937
195
1659
454
2810
2461
2022
1029
1045
2349
1811
1421
1722
890
2464
103
1572
525
775
1526
1983
585
63
2694
2341
675
199
776
1149
474
977
2540
1703
2553
2222
970
2708
301
1502
1101
2150
664
2123
2006
2127
2071
2344
1444
2873
128
31
2621
673
1395
2105
279
559
1431
2619
2308
2153
2661
2292
2850
1793
337
82
2084
705
632
946
21
1884
2323
4
2235
407
260
2854
1210
46
2083
1975
2709
2066
708
2456
1011
2279
715
617
600
1044
2328
2571
305
1683
869
2794
1586
1415
1514
2
832
532
433
1432
191
2118
1614
753
1600
2604
1750
324
405
2893
1180
1735
32
1497
1956
1528
2336
2335
2332
289
1378
876
1695
793
2919
2513
2437
2149
2158
485
1759
1025
1230
318
2115
2146
2411
567
2034
1680
1690
1332
365
1701
2645
1670
1031
2250
422
1103
2297
1400
1916
2575
1799
787
1171
2075
2405
2738
1667
2659
1189
2537
286
2912
1814
2106
1912
665
2168
2809
630
1816
1381
1283
1717
688
1958
443
2761
505
2327
1407
1239
2838
2432
1221
1071
834
1055
1442
1367
2338
1554
189
695
1632
2616
1412
1544
1932
2078
790
1978
2366
2041
435
1639
571
2471
2173
369
492
2113
2560
1075
2457
436
1919
1429
858
1516
720
1159
1841
2804
292
544
1142
2077
1078
295
597
1583
2109
1883
1342
1287
2796
1170
2018
2608
306
2299
2626
1560
384
345
2690
2177
2531
2274
579
1768
94
1562
2130
614
2104
2632
773
541
1796
1236
2714
499
101
415
1474
1550
2627
979
540
800
1307
2507
1201
1257
258
1131
1310
463
602
974
2830
783
2377
125
488
1899
1628
1248
1275
810
1217
1128
511
1661
2269
573
1154
1663
217
1678
1536
1234
2470
1576
646
1561
38
1385
1143
1668
2212
1993
1577
271
472
2382
1734
2231
2629
685
2147
421
1157
2288
606
1617
1665
2899
920
679
61
2267
220
2742
552
2276
764
1666
1646
1237
995
2623
881
1386
353
2343
2871
1512
1862
1710
1463
482
1762
1713
2601
2116
1840
2837
657
18
590
2233
2637
2771
1292
2555
2635
225
847
795
2628
2764
1565
1782
2203
944
572
2811
871
2533
1594
212
2002
1062
1279
1409
360
933
2169
39
2445
1660
1982
2892
906
990
209
1994
66
236
580
24
2883
689
383
1382
96
1601
1771
2491
2213
278
1971
404
6
1138
1579
1854
2245
148
885
1501
1346
2450
2434
215
344
1153
2525
1336
588
2909
750
171
2818
2345
1789
158
1644
1839
2259
2585
334
361
2256
2760
1397
1322
2313
2309
2766
1478
940
2758
2076
1459
1593
2598
205
190
2753
2751
1510
2510
2836
861
2639
1347
2095
1621
531
1995
2574
507
2906
729
7
85
1398
1019
2591
1739
2770
2266
1122
19
681
905
1652
2691
1052
2460
1728
280
1584
807
2324
2165
316
2726
542
2409
1428
649
2079
1396
587
1906
2878
1642
2864
2882
2538
651
2568
1023
723
2834
1966
183
2580
1109
484
2107
1375
892
2787
1698
1165
583
1199
2249
1794
2735
1260
1558
836
557
481
1522
653
489
1541
1285
1377
1380
2294
1923
1864
2347
1453
1033
799
1979
772
1439
486
1343
530
1761
2088
2389
570
2070
2196
2287
1268
170
2072
1471
2849
2739
1202
1188
2248
184
1655
214
2164
1443
426
2562
856
935
2236
739
147
943
1751
661
889
1767
1039
1297
813
1034
1823
2355
1141
782
373
731
2422
2566
1867
1282
2352
778
1065
2730
791
1781
1218
1964
1158
2503
1640
551
2720
35
254
618
1417
1743
959
2622
1014
2086
1441
89
1820
2675
2060
680
1833
1866
835
955
446
2052
2693
1851
1319
1242
1819
1038
633
2348
420
2579
2853
2823
2679
1241
1323
569
363
2681
356
2624
1099
2829
2933
1207
1553
1992
2863
2114
1166
624
2523
674
2667
655
2419
2117
1939
522
28
193
916
1904
2330
2242
2490
1440
465
526
1774
231
203
862
34
2156
2597
2556
2802
2283
1203
1798
141
2163
1084
302
726
686
1672
483
1402
169
2699
388
451
2133
951
1435
1172
846
1215
299
2677
471
2319
1858
2367
947
1354
1900
2903
1790
1874
2822
1100
2777
1772
763
2784
2918
1083
2552
2665
957
608
468
2326
414
442
116
1187
2842
942
1306
762
1256
221
1082
2607
1842
2501
2265
2134
67
51
272
2655
2433
1973
0
2561
2430
672
2159
423
1775
2895
827
296
281
2189
2281
1113
2544
368
2484
2502
2652
535
1009
1724
1834
1813
2599
1812
984
2682
662
2047
2082
2441
1021
1032
2872
2278
2684
2569
464
1001
2547
2783
595
886
2731
1003
216
2821
568
2016
804
1261
1010
73
2333
1184
2039
230
826
234
2896
2026
1984
2913
2268
1926
671
2529
939
311
2519
1832
1597
1047
2904
2843
2539
2361
1791
1654
2240
714
1164
1449
1111
1365
2111
2649
175
2103
2887
2311
621
76
1740
1118
1271
156
1413
1945
666
1938
2331
1496
975
842
2340
1151
2010
2826
509
894
1124
1074
2737
669
256
1699
355
1213
1662
2362
901
2476
22
1499
2847
2210
1312
1896
477
2380
112
1492
1333
2840
1284
1114
1924
2042
2251
111
1357
1245
2410
900
2035
150
926
1163
2180
2688
788
2504
2136
429
1838
1012
1987
1438
520
2727
2444
270
966
2855
756
2162
746
2672
2384
2226
304
470
915
2609
2900
27
2011
2050
2517
2793
2238
898
2891
1273
1529
397
631
1986
1327
2143
95
758
2768
374
2707
1753
1707
1691
2674
403
1351
2716
1392
692
1423
2781
2388
2618
80
566
97
1134
1290
1700
425
2043
1238
2381
1525
612
2218
124
1687
2550
2296
1097
476
2386
395
328
2824
70
500
1472
2798
952
738
2224
1797
65
911
180
23
976
2207
1619
2091
2670
2436
48
1915
761
2929
1364
1911
1976
138
1826
2307
502
647
1817
765
1626
924
1846
691
1889
2713
2541
1821
2404
1300
1598
455
2014
419
1908
165
1607
313
284
2001
1623
1773
2497
2232
1913
991
596
261
1270
1195
1806
262
440
1220
2515
1551
2356
2161
2044
1825
2125
227
2155
1451
1521
2702
1132
88
1918
2204
1948
114
874
2379
2378
1933
1902
854
503
1515
992
1563
269
325
218
1895
2119
2184
891
1368
619
453
2788
1363
1477
805
769
2852
1303
78
1985
701
748
2021
1573
2752
2024
1824
1946
2199
1320
1420
151
312
1988
1289
2586
2337
149
244
2780
1206
1196
2596
194
2170
460
377
718
2594
2005
1096
2687
2703
2564
734
1060
749
2181
784
163
2030
2757
2886
1064
536
711
1253
751
1800
64
2812
1611
2394
2916
2617
1879
427
2881
2744
1524
87
495
1452
1920
2663
2732
197
122
2565
2792
1401
1537
2195
2489
1609
2648
1801
1127
447
2877
2858
1723
2068
2549
626
1269
2646
1807
2122
1653
2856
2033
434
2520
1391
2481
556
2485
1376
1458
837
601
2851
406
2696
1028
2425
1361
1145
1086
2548
2889
1649
545
2625
1043
508
1498
2080
1785
2705
300
2516
983
1433
1362
2482
2029
1686
411
2634
157
1509
710
323
106
2360
870
1716
2736
1434
1737
923
2290
1178
1935
1955
989
781
2722
938
2061
1564
1852
267
2008
1098
207
498
211
644
118
641
817
797
2431
473
1850
2915
1167
2140
724
1505
1087
593
2880
173
2908
326
994
690
779
2003
1578
315
113
620
1133
2400
768
1802
179
1629
2154
2188
2927
950
794
2316
371
2069
642
2808
865
251
1073
1222
2524
1384
2669
1585
117
2704
1725
1748
252
2013
1765
121
351
1288
1328
2126
1957
1980
737
1190
2860
153
1947
134
2089
1770
72
2228
2447
2363
232
378
1893
1606
2835
914
2219
2911
229
1259
2724
1591
1705
294
16
45
2870
1041
69
678
1500
838
246
1592
1921
2390
2031
1090
1645
154
2350
2374
56
327
699
2139
2782
2198
452
853
607
2435
833
2081
2924
1917
660
2803
1140
2898
2668
2542
1538
1991
2421
1657
317
2462
1318
462
1152
1859
1961
15
1490
288
1944
1596
852
449
201
1780
2301
354
934
2496
1056
1232
677
2862
986
2876
2572
2595
2587
1161
1053
1139
1650
1527
401
1489
1135
931
550
1410
1390
58
1274
350
2092
224
811
2101
798
961
1615
1331
2582
2631
42
1037
1856
2865
2638
2171
2334
1095
843
747
1769
223
331
1910
2230
1301
2209
2488
1352
1925
2325
494
921
1905
819
1519
2439
706
719
652
1130
2745
1272
1742
466
81
2588
2654
2179
1359
1787
1808
1339
1182
1575
1265
2049
727
558
2701
2534
109
936
562
2636
71
1848
818
1309
851
1757
145
1
2304
1137
1656
2243
518
1702
2129
115
1427
2729
2866
2223
1263
2710
2717
1805
2264
263
1353
1869
2680
2414
2888
1050
1518
2839
1387
741
1482
241
1571
506
2928
2241
2025
29
1559
2453
1013
2187
958
2424
387
1162
185
1216
2121
1212
1063
1831
1643
808
2480
2427
629
444
1205
2418
1493
2023
1622
2925
825
2090
2108
2633
1634
1258
1334
273
589
1079
176
510
1673
2237
2320
1877
2174
1298
694
615
2054
658
1349
1784
1317
1860
829
2017
1954
1786
1093
430
47
2499
1461
2246
1693
2285
1530
1027
1847
577
1543
240
57
888
1277
2884
1709
1922
68
1685
932
1830
1568
1110
1749
1990
2148
2827
2019
93
1844
110
1674
1965
1225
1651
941
725
2932
248
576
2611
2859
1313
2767
247
2815
1229
1383
2182
2058
1533
266
2438
192
555
1414
75
1712
341
2514
2206
564
144
812
2370
789
340
2102
1809
343
437
210
1545
998
52
1035
1024
1865
2832
2662
2592
104
855
1914
956
1936
2342
1556
2897
640
687
2239
1177
1411
53
478
1345
370
2879
521
1379
2321
409
1266
1403
1894
2372
1967
1424
2252
1468
268
809
307
1155
1136
84
1146
362
968
1625
1588
1981
107
1105
2749
40
2258
1280
1042
841
2048
1689
2581
487
1092
1756
1350
2416
637
49
1264
297
599
1638
60
330
450
1998
2289
1692
142
1888
945
2273
1419
2463
1169
2806
2505
1197
400
1582
610
1174
167
1121
1934
1479
282
2197
1669
830
985
1613
1534
2254
2183
2833
432
2234
1173
1491
513
1175
717
396
1156
912
1745
132
1636
903
1927
13
2291
2280
346
2391
155
2658
2038
238
1763
1176
1426
2205
172
2225
592
2227
676
2275
1252
1286
181
639
14
2312
969
2459
2317
693
1878
850
2845
561
2451
844
135
1228
2874
1020
1892
1244
1804
1355
239
1462
2247
1754
1996
33
2009
1941
126
802
548
2443
1940
1741
1192
982
376
2820
1873
581
1849
2573
496
127
700
814
628
1485
964
1125
1085
2132
2057
1049
2664
2620
290
1150
770
2157
806
902
1026
2465
883
2530
2202
1123
987
2272
2473
1081
2921
1470
1308
1605
713
459
638
2801
2841
2828
785
1191
412
480
1126
140
314
1523
1120
20
1325
2302
2229
744
1422
458
917
2067
930
1962
206
469
1604
2351
2718
91
2131
1374
1448
1454
875
2570
774
539
491
2666
860
822
398
2885
349
1977
1148
1193
1548
2930
329
752
339
11
953
1321
1475
2486
605
1324
2914
2253
603
2385
222
2286
2215
963
546
2137
59
359
523
1960
993
2000
1408
1480
1057
1102
2867
988
2869
2186
656
937
352
1760
2759
1360
372
1803
2220
1002
2194
999
1262
2474
1004
2166
1369
1000
1503
1664
2905
703
591
364
1481
2455
1059
2676
2178
333
2797
2593
2423
41
1679
367
