155
17
3
1320
1554
790
18
40
2214
1216
1583
2589
1562
941
1553
2286
2232
2499
2872
1178
1608
2178
917
1275
466
2595
2193
1040
1049
1019
1220
260
2324
140
243
998
2459
1068
2930
1888
1626
901
2844
1460
1917
1910
2259
2420
1413
1394
1181
10
1242
2069
1223
1661
2653
2353
1870
2316
2301
2496
1595
933
538
1363
1207
2384
1774
1369
2161
280
377
2530
2609
2068
319
2156
239
1641
602
311
773
1874
720
2712
2222
1173
653
896
1566
1750
2243
1924
2081
152
1063
2602
1007
2457
1995
208
2001
1432
846
772
1470
26
2781
1703
2750
830
2521
1549
321
1692
1208
104
2305
88
574
492
2419
1267
621
94
2912
482
1836
2677
2142
141
1355
1612
1682
1365
1326
1137
2076
2215
2182
14
2302
2661
2922
744
1579
2038
2577
62
2789
949
2092
2267
1946
716
2551
1171
821
2541
1681
1491
2743
2778
2396
2245
282
2435
1077
1417
1748
317
2704
240
2293
130
69
1441
2746
2389
2101
2654
1705
2134
1060
2928
1872
1832
789
1088
1643
23
402
708
1696
859
2196
2197
2515
1763
2041
2418
727
1255
2822
212
1516
1325
2340
147
1918
105
1235
1811
6
2854
1892
2329
1371
24
2800
2768
1300
617
2314
1657
1299
249
2796
2225
2364
2162
45
352
2886
840
1555
476
923
973
2053
1183
1990
2846
2635
1889
2839
2752
1050
2399
2888
604
1816
218
2103
1931
386
392
1288
956
1706
2398
2600
522
411
815
1835
180
1351
191
1434
1099
1013
30
2452
440
2355
2702
809
1211
1456
2279
2734
762
2406
1374
465
146
135
1828
877
2239
2504
2440
618
1092
1911
38
2242
922
461
187
430
2775
2332
2891
2658
2929
1478
1271
2505
2797
2833
424
2151
309
1645
774
145
675
1263
1448
828
2741
578
1905
1376
2091
166
1361
484
326
2656
360
2234
2915
2565
1189
1507
1186
279
1533
1592
1800
548
1660
416
2191
2139
50
592
1953
681
1808
545
1818
2141
2883
2705
1310
1711
607
1605
2114
1985
125
1430
154
2583
2787
897
2710
943
598
1738
1904
2523
2667
544
2657
689
511
74
2405
1041
2469
812
822
1792
529
2863
2597
573
1712
1778
1055
1281
67
740
177
1311
2777
2382
1914
49
235
2792
2104
2812
1630
792
979
1619
2377
1781
537
2783
1698
642
1224
1005
234
1269
1011
1976
1438
892
1751
638
1676
1506
347
784
1264
1226
1789
2432
1312
1700
627
452
1921
192
2764
1773
271
2033
1303
2292
287
1819
168
214
669
2773
1141
1465
2820
1175
1551
268
1138
737
2208
2223
1511
1633
805
2181
1120
1831
363
2278
1807
707
2453
1367
1102
442
2090
2303
1273
433
556
985
2834
263
1687
2260
1804
1318
2404
1710
2498
2629
1716
19
946
702
1877
403
2235
1960
1876
2250
519
2484
1843
695
1826
2806
1149
1621
662
1373
2921
2902
2884
31
1179
2575
2408
406
2079
1287
399
2388
2064
460
1981
1666
225
1382
2017
1466
349
714
2070
763
323
1859
725
1746
1532
1890
565
982
485
2726
2126
2171
1552
765
507
477
1522
1512
864
2403
2594
64
2754
1174
1176
862
58
911
1164
2462
57
2827
2662
220
1499
2390
2254
1536
2472
2491
1037
1503
378
188
2075
320
1519
51
2815
683
2281
330
2599
1160
295
159
2567
659
1340
852
176
2642
1416
2306
1903
1653
2633
2056
2409
1115
1128
1254
2374
82
1066
572
1309
1022
2157
685
2318
2344
1971
654
1030
1403
1277
1970
1581
2338
491
1577
1108
2870
244
1745
1370
2456
1769
664
2816
733
2333
2158
2885
616
1480
2559
2679
2696
1458
1850
1072
2366
2317
2352
2903
2218
455
513
1477
1009
591
1524
766
2115
2580
640
2825
1528
203
2059
646
1069
1214
276
2711
2516
959
407
2116
868
1406
376
555
1439
1724
536
2795
2756
851
256
11
2828
1572
1618
905
853
497
2054
2026
1728
2308
1020
2217
489
1635
1627
610
2709
583
340
970
1291
1846
20
579
888
156
1000
2487
2027
52
2464
2655
15
2733
2165
2911
1975
342
2564
902
2467
1652
1422
2315
2587
221
1823
1366
157
2824
2379
2748
987
1162
2264
1932
712
525
554
1980
517
1415
1949
2363
68
857
2310
1426
1302
2057
503
894
799
2908
2300
1614
2841
2507
2073
514
2200
186
2466
353
1871
967
2177
1749
2295
478
1796
183
385
1715
400
842
670
2506
2821
126
366
1893
2524
969
2212
940
2481
1196
281
1857
2716
1123
2402
2813
2431
1262
1106
739
2411
1400
1101
2596
2369
148
724
2463
107
2183
2253
1293
839
1074
2370
2547
1735
2093
59
2566
734
1563
1548
100
1967
1467
1172
384
2556
1091
1489
182
1883
1840
312
2010
1419
1909
358
2612
1014
2164
1725
1032
255
1061
2346
1157
487
1453
224
1600
1393
1845
2931
2443
1950
1723
89
710
2003
1252
991
2168
1879
2646
2284
2862
1292
2345
804
1770
1180
443
1450
964
912
2582
446
1543
743
2111
1862
808
153
2814
380
305
1463
1795
1372
1266
435
2274
2549
1129
2180
1046
1589
2817
2861
2000
2622
2784
793
213
1574
1221
1317
2742
1193
2907
954
2471
2016
216
2519
817
2522
2083
2708
128
2760
2649
2630
2578
523
1933
947
1639
1405
2417
318
795
2562
1837
1594
258
2013
441
1984
541
2391
509
2291
2535
364
2837
87
1116
1570
1880
2666
1708
1260
1244
2780
42
1777
242
1474
247
605
2676
231
2879
1517
296
2022
1409
1782
2738
359
581
1854
1289
1702
419
1638
2023
316
103
770
1760
1239
502
1956
1024
2144
1305
1132
2590
1447
2736
1105
2132
726
1259
307
190
1833
2282
1229
382
2163
327
2179
2153
413
1051
39
2261
2213
1658
2012
431
2558
473
2299
1304
1558
825
1111
2205
2660
1440
2923
2437
1875
532
1864
2652
1151
934
1261
2062
677
1759
2198
1561
1530
730
1649
1508
2572
1730
2616
1095
1839
354
1540
1580
394
167
775
1713
1392
1624
937
55
2563
1168
1693
759
960
2804
95
2236
1383
1557
1200
1699
593
562
741
2442
470
948
622
1814
2044
1794
1028
367
1752
2160
2080
426
2048
1615
2842
346
2714
1332
990
2448
2603
2905
1955
1860
37
791
818
2136
2512
2339
1408
106
895
1757
1071
2311
684
2323
1885
122
1227
2449
73
989
1195
2875
2913
2428
356
494
1219
798
1861
1531
769
1425
891
2085
1991
2625
1762
1671
1518
2194
2167
2560
112
944
1591
2427
1556
1316
1709
28
590
1739
1085
2819
1569
2729
1527
1721
248
2618
228
2098
2130
1114
2277
493
2337
158
1054
110
2880
1086
2761
425
1587
396
2050
1237
1145
1690
2341
1942
1190
728
2188
2325
113
1482
2584
1881
691
508
449
1646
968
2422
1089
1815
986
1327
1314
2626
1444
1961
2228
580
1897
1665
2393
2451
390
2898
1731
2920
983
2765
417
634
564
668
2140
2029
2424
2441
2387
2322
996
1841
2051
2906
409
1154
636
2601
43
1575
2170
534
881
2238
647
84
810
2669
1963
539
2378
596
303
550
835
920
2343
322
1929
512
771
116
2492
832
2040
2169
2203
365
2927
1907
60
1609
1768
2365
2039
2460
1204
1895
1333
645
524
80
1446
945
90
1978
2701
2349
205
500
2608
2900
207
310
1395
797
1611
2244
2066
2410
35
2690
2531
542
690
661
1202
75
1131
286
787
338
2247
1505
1664
899
445
1809
827
120
597
1928
2745
1064
2089
2131
2276
21
1793
468
2065
2539
516
2749
2269
1274
2776
72
2009
980
2025
826
2681
2557
865
395
1952
2207
275
266
1934
794
1783
981
861
254
1806
2483
459
2671
729
1521
2571
752
1067
2680
1156
777
1992
415
2568
2851
2724
2100
2032
1637
1962
2019
871
2645
1502
644
575
2137
404
2099
814
1848
483
650
2753
612
1799
252
1983
2042
1476
1497
2619
873
2468
999
2271
758
2933
173
965
698
869
61
343
2849
1651
1423
2145
2650
2529
2899
680
2593
757
867
1650
2836
2272
274
1900
1920
880
530
1599
2347
1906
510
567
1194
1455
438
1471
2514
1916
118
713
699
641
2251
515
1053
1787
1622
1689
337
974
1640
2478
2598
1674
1342
874
1994
2847
1350
2818
1021
175
46
2873
1896
2713
563
884
631
2174
265
2740
2699
283
2614
2321
1481
1349
1357
267
1855
788
93
988
1437
957
2613
2148
2684
1187
620
890
2648
2240
56
2416
44
2058
2555
1829
2107
977
2686
1935
170
845
2545
2372
1529
849
2125
904
114
1148
1234
811
2691
1520
2415
2226
136
2509
994
1939
1571
2028
1486
2155
1385
2500
1343
1124
108
939
2211
2447
1810
0
1754
2351
1270
2727
1966
2288
995
172
2561
293
1059
1217
613
2744
856
582
1334
2786
1094
1930
328
1079
480
2631
1136
368
2326
2632
1153
344
506
1231
796
1297
2296
1240
779
251
2893
749
709
648
1943
630
410
1743
2865
2175
782
1097
2826
2328
745
2901
1341
2413
1083
1147
609
1418
2607
2751
1510
1251
1732
138
2536
2077
241
2889
278
2809
547
1802
626
2071
1560
931
202
2673
1718
1121
373
731
2067
667
1704
2895
1504
474
464
1130
1249
7
1849
2909
2533
335
1006
2060
223
1695
855
1734
5
1937
628
1922
1321
1642
585
198
270
2767
1535
1306
764
1044
475
907
2490
1188
910
820
2072
362
2258
2233
115
992
1987
1648
1397
603
2289
2002
2628
908
2527
984
1443
2297
1004
2610
1143
1586
1411
2004
1169
676
1607
2477
2574
199
2357
2694
1127
1998
1493
1435
2386
448
32
1791
2195
1078
133
936
2273
393
1827
2454
1858
2554
2280
903
1606
1122
2831
1526
1926
2721
2046
2488
1683
196
657
127
2579
2436
1322
1025
181
1278
2011
1675
1813
219
711
761
2634
262
427
2313
1125
1853
1159
1272
1222
1972
900
109
1525
2043
85
665
978
1997
341
1454
2360
2659
717
1538
2381
1753
1390
705
635
2722
2128
692
2617
1158
819
2298
2668
222
2143
993
518
1936
2770
878
1139
1396
2638
950
2855
96
2485
1107
232
1484
2255
1038
883
2793
453
1402
1248
2877
99
457
1766
2835
1775
444
2294
2857
1161
63
408
151
1899
1894
2869
2576
2788
2095
1381
1852
2150
1163
2262
1323
1722
2362
2876
2082
2394
217
660
233
2304
566
2763
2120
929
22
336
600
65
1451
1797
673
1359
1714
1988
1707
2334
1830
768
2739
2534
1282
1449
2503
1509
2537
813
2086
2644
2210
304
194
41
369
2494
2896
767
2637
2525
663
499
8
2486
1228
2882
2621
2426
1279
2423
2932
2791
1087
1056
935
2801
732
1485
735
2687
2395
1057
831
1927
1498
1631
2461
2476
2904
1919
429
1628
1670
1034
551
246
2858
1678
1015
1205
315
576
171
2703
837
1452
559
71
2874
1301
1495
1851
952
1104
2762
2159
1313
2732
1023
1564
2438
2532
308
1319
432
1475
165
637
918
2495
786
1784
2015
1203
200
1356
1764
632
1685
1891
2843
174
1256
25
1688
2683
1199
1459
601
1534
2185
1429
2860
2061
2528
836
2096
2475
2688
2133
101
29
1680
1496
1822
1045
2794
760
2700
543
2354
1986
919
1100
2201
2802
2230
1758
169
833
1112
748
2544
1133
1126
2246
2624
2664
976
1500
1328
870
1241
1656
1427
2018
754
1428
700
1286
1488
1431
2692
1947
2605
1644
2035
1307
462
2685
1568
2094
1647
848
2856
927
290
2127
132
1884
785
2335
1197
1625
144
2757
2202
2799
1236
1944
2049
1142
1948
2429
163
2123
2146
1691
2823
1098
2651
351
383
1590
1008
76
666
1908
504
1424
1979
401
928
2502
703
2444
1182
854
329
250
2774
521
454
2675
1873
1720
1598
2479
1842
546
332
2268
2138
2227
1923
1331
143
33
882
391
1080
206
2894
302
1389
906
54
955
885
2785
1821
48
2647
98
1144
2224
1210
12
1192
2237
195
755
2779
1771
1250
16
1514
2206
834
1230
1140
1412
463
2320
2037
1901
953
306
1017
2878
1213
2811
571
893
2772
2730
1468
1578
1336
1805
1253
1824
1620
587
889
1483
2055
2546
2336
2790
2859
1776
1886
2189
829
966
379
872
1677
1965
1462
2517
2392
1999
2916
1913
655
1387
2307
301
1940
2199
1026
2102
915
866
2674
1375
1729
1756
1386
111
1421
1604
1364
2866
1550
2373
1399
2570
2088
753
339
671
1898
1118
694
2400
2319
1191
2108
843
2172
1134
1206
2412
1003
1547
1362
1378
2367
844
1344
1268
2663
117
704
823
742
531
2832
1442
389
2414
1368
1941
1110
2
1384
264
594
2636
1993
2897
2723
1844
1335
2434
586
2014
1338
1329
1539
179
77
1209
1717
291
334
719
688
1812
2266
1996
1052
1404
611
2725
1541
1596
1513
1347
1601
1902
1868
1537
1330
1741
1407
1082
1296
682
2918
1170
479
615
2585
625
387
2252
1662
164
2693
1308
2020
1825
1096
97
1515
678
137
1501
1218
2682
2290
2187
1740
2698
1247
2731
1337
887
2285
2216
651
1772
528
863
1166
1298
589
2356
1103
229
520
2623
962
227
599
66
1464
608
331
1016
2670
1974
1117
2735
1588
298
2864
2641
1603
2024
2728
1073
802
300
1742
501
2113
656
2917
2047
2204
942
238
47
1565
588
2401
1201
490
553
875
299
1617
1167
776
930
2840
2383
2695
1410
693
1672
2097
398
1798
2848
1043
2045
2359
2718
1834
1523
1542
1969
1246
1284
1353
1315
2511
2327
1623
2030
185
1084
614
1959
2919
355
2581
1352
1042
1090
780
134
2135
1982
193
2190
397
2542
1433
230
1238
2853
2309
149
2914
1001
2186
345
139
210
697
778
2606
418
2497
277
288
750
1576
2887
2220
2270
91
1585
2588
261
428
718
1354
2510
469
2371
2766
423
1035
860
1048
963
2446
1018
2501
2380
2715
624
747
1391
1280
971
236
1377
2550
2759
1989
450
1358
81
2229
2553
70
816
701
2256
629
211
2697
850
938
1388
1957
1070
2106
142
1912
284
53
1360
1668
1559
800
2154
925
2152
1058
1029
2007
2078
570
472
1109
2375
649
486
1694
2087
1887
184
292
456
527
36
1119
1065
2807
1150
2248
2474
1036
2376
533
2871
2118
1584
623
2348
1461
1567
2717
1847
1544
2798
633
1185
975
2758
123
245
1283
1198
1295
652
1613
2052
2737
1075
2465
1597
926
119
674
2231
2782
1719
568
381
458
1755
273
1490
2265
876
2397
526
1803
1436
2176
2615
162
78
150
1062
27
2573
847
178
1257
807
1573
1215
2149
549
2672
560
1155
1838
658
706
1863
237
481
2473
333
2084
1232
1663
2830
1031
2852
1679
2640
722
1915
2445
2925
806
1669
1629
83
886
2008
414
2241
272
439
2520
92
2358
2890
257
2263
2368
2543
756
2249
2109
1010
723
313
1686
2719
1
1593
2122
2287
1487
1856
350
2665
2771
4
2209
1865
189
297
2538
2926
1925
1285
2063
2867
2275
1152
1345
824
1177
1243
294
1684
914
1012
1785
916
197
1820
226
1294
672
535
2620
2192
1736
1867
2747
557
569
838
495
285
2845
2005
1245
1780
639
841
370
467
357
79
388
1866
2121
898
1673
1258
2720
259
2552
2219
932
2021
2330
997
314
421
2707
1492
496
2604
783
858
2910
577
643
1445
2808
451
2074
1346
447
1469
751
2881
1765
1472
209
2331
2755
1265
909
2480
1632
2508
1135
1801
951
1113
471
269
606
498
2470
2257
201
2829
686
2458
2312
2421
736
2147
2689
2034
2361
879
1701
958
1737
1726
715
1655
552
2407
2433
679
2493
1878
1788
2342
1212
1093
86
2006
215
2110
422
1379
2129
961
2892
1414
2518
1339
2112
558
374
2548
2489
1610
2430
696
1457
1727
1398
1401
1945
371
687
1697
2526
2643
1546
2119
434
1076
102
1348
1033
2803
595
325
13
2117
1616
1790
204
9
405
2184
1667
1869
1479
488
2124
972
2173
2805
781
738
1786
1636
2810
1233
1290
561
2868
131
1545
746
348
2850
1146
2031
1473
2569
2105
2540
803
2513
721
1938
2924
1420
2586
2482
124
1654
1747
1977
2592
505
1964
2639
1817
253
1602
540
2838
2455
1767
1954
801
2627
1659
324
619
2591
121
436
1027
1081
361
34
1779
1380
1958
1165
924
2611
1951
289
2036
1002
161
1634
1733
2166
1973
1225
584
1184
2706
1494
2439
2221
913
921
1968
1047
420
160
2450
2283
1039
1882
1324
412
2678
1276
2385
129
375
2350
1761
1582
1744
372
2769
437
2425
