375
2169
1020
2635
3381
1325
1514
245
2181
2053
1190
1363
3159
3008
445
202
750
1818
2708
1217
2483
905
1238
1538
872
195
2233
1995
2174
773
2901
3055
965
2082
1275
1266
3207
434
1100
2517
2814
3321
2567
1000
59
365
1371
2058
1180
283
1531
275
1632
1642
3383
2330
5
2766
345
3143
1764
1934
1776
595
3110
108
483
2755
128
145
364
1105
2546
1003
3305
40
607
2945
1490
924
2563
1977
1865
2127
2246
1670
609
280
1665
2652
2847
718
1369
1365
2767
1537
834
2369
3334
161
2307
885
3308
1945
1869
344
1796
151
2740
76
3276
1744
2122
973
2397
1860
2643
197
1780
2282
808
135
2753
1990
3005
1588
49
383
2132
1965
1114
929
2442
152
1400
166
2487
486
2193
2051
2500
961
2475
2984
600
906
3182
2823
3169
685
2927
3191
3399
2428
183
2375
188
1684
1579
1145
1902
828
2592
371
1478
1872
2731
680
1477
1399
3050
3026
2626
830
2902
539
2253
3162
859
323
1312
1590
273
1987
958
2597
1300
2551
2757
102
761
2461
3437
1379
1113
69
1472
1285
1282
1487
2859
1881
14
979
840
1468
1405
768
3071
3231
1191
2256
2545
1680
3137
1429
2494
1503
1066
558
1167
1898
1526
2595
3260
1334
278
2671
2383
3198
550
1657
1139
3177
3072
2743
2523
1900
2882
2870
3178
1848
2572
2522
1428
618
141
3220
590
1132
2152
194
1532
148
1572
987
2651
2201
3105
2327
738
744
1138
860
1034
1297
1311
3397
837
1943
2636
1611
3467
1454
3089
599
228
2467
384
3086
1681
162
3056
2376
93
999
2360
2041
2730
495
3419
1856
1422
3219
2459
2180
3259
1497
2023
1144
2265
1136
2178
2158
368
2638
2920
3257
269
2392
1425
3269
963
2610
1499
494
1686
899
2393
2109
3325
1427
3140
887
1600
1031
890
2694
3329
314
1447
31
2439
2524
3263
333
1082
1980
2075
2271
2578
2509
3322
3029
3340
210
458
2507
2252
1528
2227
2225
2972
1664
530
1692
1046
2484
2220
898
41
891
320
2394
2297
1992
2725
2709
1426
1546
200
382
3067
1920
862
1080
842
476
3082
1126
901
651
2000
1983
3161
535
242
3196
2124
3138
2967
1396
3133
1566
2410
2020
1567
1230
426
2498
499
253
21
2485
2371
331
2312
2557
1756
2250
2078
1182
2202
3336
2502
1882
264
231
1123
2804
2879
871
2891
3330
217
396
1262
1341
663
2131
419
810
3318
1552
972
1276
2791
2378
2566
804
2698
53
213
2192
1634
1151
2278
1933
44
933
555
2135
418
1211
1120
2399
2116
2405
1384
684
2861
2121
1006
2966
3465
75
820
2009
3299
939
878
3168
1239
2747
2210
1928
2085
3142
2634
2488
2450
823
1765
3175
448
1152
1232
1131
1093
701
3218
1258
1946
2224
2285
724
2133
3350
919
1640
3087
175
2810
817
1121
216
312
1806
2396
585
2932
2262
765
2922
1204
3229
212
1316
1912
1909
2649
1888
1629
2259
2527
1348
1638
2937
3021
1161
2476
1524
1205
218
2697
2700
1072
1709
1502
1498
1099
883
1387
2941
111
2263
2294
1941
1146
256
3134
1199
496
2356
2898
865
1018
1147
508
298
342
3252
3307
911
1753
3286
3180
1627
2931
621
598
2703
1051
3028
787
690
3104
3343
1434
1021
3384
1762
1482
326
2438
2028
2719
2909
546
2797
664
1125
3065
137
2035
2721
2501
2911
316
3039
2013
1891
2415
2978
3211
1240
3251
2104
255
1659
2957
3430
70
1442
527
1235
3272
1118
2100
1162
970
1609
1919
2575
1746
1278
1485
660
1476
893
196
2770
2218
1940
3004
1433
3418
743
2076
266
849
3041
1778
1896
711
1924
1706
3309
1081
1899
2254
1462
1505
2706
2625
547
3093
2466
950
1372
3409
87
2850
414
2217
3154
340
2056
1805
1173
260
584
107
1890
568
2844
1810
1715
1474
3007
2001
376
125
2812
792
1344
1153
1560
462
1539
3069
381
3250
947
1214
3431
2539
3025
1606
622
2315
2614
2742
1154
2146
1257
2681
1330
1999
1577
2805
42
3375
569
790
583
532
2490
1417
3124
1107
94
668
2542
2363
1981
1267
692
1853
1295
328
180
335
2372
1722
1697
2516
2197
1056
1903
528
1613
796
1732
484
1112
89
633
3436
482
1463
1076
2568
3448
1213
2599
861
306
226
3421
441
2664
2665
2821
1
1200
438
309
632
2541
2851
1821
2147
570
3248
2947
1176
522
819
2066
2531
2168
1194
3174
2802
1354
2914
121
225
1375
1150
2087
1707
2060
332
3083
453
265
1887
2196
1695
2787
2061
394
3232
3075
582
337
1711
1535
3095
3354
2800
449
1515
825
1449
1057
2423
2711
1160
2899
1074
903
521
1085
1636
1693
1172
240
2739
1783
399
997
123
1599
2869
1368
2230
388
1292
3164
1016
3078
2644
2890
1054
1914
252
2724
2089
221
662
244
3344
2030
2452
2341
247
2477
2380
2593
1453
1937
593
2186
2106
2336
2137
2057
1068
2033
847
2408
800
2777
2803
720
2331
3088
1317
2003
222
2348
2975
3440
2228
1998
3114
3190
2374
760
2345
2940
1797
16
2916
2606
2103
3170
3456
219
1867
759
443
387
858
714
3422
3312
1996
2486
2831
1618
655
2512
3012
199
3275
114
261
1804
352
2618
1382
1911
2002
1459
1201
1104
1324
307
2674
2554
884
2025
1959
92
931
1529
3425
640
3455
1097
2163
2478
966
1294
2435
1512
2444
2019
470
2108
1705
2400
338
500
317
2969
544
318
767
81
3205
1140
2564
2281
471
3068
1087
2455
3225
560
2105
319
1885
1346
643
2622
1717
1385
1208
1197
1063
1030
3045
408
2343
1787
3464
79
2675
472
1210
2479
989
490
66
2329
1088
3135
1011
1012
2493
83
1952
543
3243
3246
2245
2727
3262
1032
468
1601
1815
36
346
2126
506
3360
1117
2994
2964
1277
1849
3270
507
2860
2236
3059
1219
35
2658
955
2473
34
1873
2912
2872
533
667
1737
1305
2143
110
2093
2139
2974
2728
3189
572
1435
1864
3090
2549
2773
1265
2419
2425
11
1164
3063
2264
3319
1962
2583
193
3032
3214
1098
2654
2543
671
3224
3393
2913
3179
2670
978
1042
2112
2427
3236
3280
932
2508
876
2990
1931
677
2876
2630
1607
3184
879
2880
1540
3327
2239
2687
626
1222
1582
2048
2433
1740
2040
3247
2243
3274
2915
1443
1188
281
386
779
1653
1889
3046
880
1729
440
155
2853
1679
1055
731
1978
33
372
466
1209
3367
232
719
1667
3051
710
763
3148
3153
1050
2206
3462
1719
3199
740
650
573
2749
98
995
3284
1424
2589
687
1362
3221
1766
1471
1014
1326
2370
2640
2042
2027
2917
3109
2241
534
1069
2430
785
2952
866
2306
1095
1841
2906
2401
1189
1520
2120
1043
3200
2632
2472
3450
2796
1256
1894
1233
1723
565
1026
2031
393
3370
1942
2080
1954
3034
1028
404
1652
1002
1673
2414
945
1758
2445
3423
3186
541
1830
1185
1089
3002
674
2412
869
203
3076
1255
2448
26
1713
2741
124
1281
1691
910
3282
2867
239
1355
2987
296
2603
1743
400
752
2521
157
2934
1183
2492
2166
2845
2715
554
2114
2537
3337
2322
1412
1289
431
2993
277
3451
1437
3193
2388
2570
1984
516
2115
2296
2437
2270
238
2221
936
20
2065
2148
2702
3202
1798
2216
3435
2556
2760
2257
1418
2954
904
1669
1407
10
914
3173
3407
1522
2173
1964
1893
366
409
2837
2504
474
856
3420
3406
411
2326
1677
2921
969
1525
959
2351
2069
2125
2976
3031
2119
1111
1923
1293
257
184
2655
3459
437
1096
2631
892
2897
3281
1974
770
132
523
971
1752
873
1774
1544
1784
843
2611
3469
2200
3172
2309
1315
211
3316
927
1187
3215
2421
293
2991
1263
1304
3084
3404
1493
2970
1291
1272
2090
2518
1759
592
3412
144
1694
2982
1033
2071
542
3256
272
378
980
2457
976
1901
998
2495
2712
2581
262
78
1770
1710
1908
1500
1142
520
561
802
1038
1430
1779
224
3107
2353
1078
1309
2924
1496
2848
524
303
2175
581
72
728
1338
2067
821
2598
3222
536
2774
3285
493
1859
2781
580
518
405
1702
1972
1370
1495
791
1791
2083
3147
2129
1215
2276
1207
3197
2011
84
3122
1320
1337
1115
2417
734
1772
304
1866
774
315
3386
1794
491
3030
2883
2858
984
1704
243
723
1997
1064
1781
617
1077
322
1838
3429
259
1464
3396
669
2888
1298
502
2386
1343
2559
120
3378
681
341
1227
2868
735
139
2275
540
1306
254
1260
2004
587
1389
3416
1839
1904
1008
2953
1467
334
1792
2877
2395
1383
2744
1223
450
1621
2750
444
1143
2462
467
726
1413
250
2390
90
1925
1994
3042
2226
29
2113
1339
2167
509
2826
1350
1511
481
1932
3077
1248
24
806
205
1921
2005
3333
3249
2667
3037
2416
2642
104
948
3388
1660
3346
1880
3094
1359
432
2070
2337
3097
3146
3279
2843
1216
525
171
1137
2359
3000
1589
1119
2214
2621
1674
2720
1156
1716
2933
1110
517
2999
1360
1166
977
2808
2099
428
629
889
3311
2775
1803
1819
3233
2436
2780
2242
741
1749
2188
3468
2418
3048
28
682
487
3454
421
1202
1720
2608
336
2183
827
60
675
3020
3126
2736
2647
2032
3188
119
103
2496
109
2943
1814
185
772
2854
2923
868
1807
2162
1655
691
2587
3369
1460
1001
2532
385
1395
2616
2519
2759
2219
1541
220
198
1918
3120
447
3342
1015
1926
2136
1149
2469
2458
1854
2813
2311
2980
2347
3253
1158
1073
2482
3062
1661
816
3014
501
115
2407
1728
689
3015
286
3213
1533
852
2828
105
176
1420
2678
4
2464
745
2668
2769
2752
2540
1916
168
918
1376
3136
1718
2194
2661
3091
559
2646
112
498
2562
229
850
2881
2782
3112
2047
2420
2094
1617
2834
2402
2097
354
3074
1647
2896
1052
1938
3403
3353
321
1570
1045
58
3081
2096
1184
3223
2443
3194
913
3363
693
908
630
182
2825
2357
1906
2536
812
2373
916
3273
3149
1269
3268
2247
370
953
1993
192
3373
356
2607
3445
2677
940
2981
2317
1685
3103
2965
951
291
1554
248
1597
2268
2685
1270
3217
1745
2021
985
2763
1883
63
964
351
233
591
606
3453
1748
2710
3085
567
2942
1402
2895
1777
1580
1243
2320
415
678
30
2733
1416
38
2328
2998
836
2948
3352
2856
3106
1259
2299
3019
510
1444
2098
1895
1065
1411
1897
136
1307
2586
2705
577
1712
339
1598
3449
1886
142
1929
1701
2325
1134
2604
2692
3242
1451
1731
263
1727
1406
2149
1228
1877
706
653
3017
406
1950
882
1788
2288
694
3359
3266
3385
2588
1690
2449
485
1288
851
2594
2701
1949
709
1186
863
1543
2795
2429
2904
461
3192
1523
362
274
2029
3167
1091
3049
169
3156
2734
1390
2799
3457
2362
1682
1576
1760
2367
1287
2244
608
1739
3463
2379
2601
601
2391
2864
2404
844
1036
1847
1726
2063
2086
3099
488
1049
2165
2298
3361
191
1793
2349
1129
1314
722
1730
2456
654
1982
1203
1171
2889
27
2682
1345
1225
2526
832
822
2569
1663
2723
62
3331
48
786
1755
3395
1721
292
1635
402
1013
781
67
1386
1741
3332
1976
1545
2012
3364
1475
1689
324
23
2284
300
2840
2722
2237
1910
1506
127
1439
2079
3152
2544
3258
289
116
1939
2929
401
1953
996
2344
3283
2310
2426
2878
2648
2513
1310
2960
619
3158
2207
801
874
2266
1071
894
2346
1432
1639
126
1510
410
556
3413
1328
2919
1968
3408
2951
755
1319
2088
2260
3371
2155
896
2565
2305
2871
782
749
1703
2699
165
3163
3310
2633
1062
2110
1966
7
1246
615
2533
3
1986
2771
2529
473
2290
2150
1353
2737
888
2979
13
61
1551
2908
1109
1800
1218
3444
2764
2822
3415
1773
3128
1392
45
2389
2762
1656
1620
1834
2447
2704
3040
3398
2961
358
3013
2832
1124
2081
519
1878
3351
1521
2751
299
1229
1448
747
3427
1047
2117
50
716
1608
829
2992
2683
679
1508
2222
1824
2134
2238
2073
907
1327
1414
715
3304
1641
1767
702
613
279
505
3438
1436
1340
1336
149
2318
479
3203
3157
189
2361
3038
686
2887
2726
1461
2301
1198
2653
3338
1875
1631
2989
3446
2300
3254
2377
1957
982
3001
902
1103
3102
625
2596
3315
3018
2159
563
1733
2525
897
3303
207
2350
164
3023
2182
1458
2713
2515
2274
1163
2738
74
2334
1404
2038
2273
2690
553
2338
2605
695
3348
1754
2240
429
1157
1944
3271
3424
190
1786
2084
1985
2639
1700
2446
3139
457
1534
2657
1645
2319
2187
1840
1975
3387
3295
2153
766
3181
2714
1509
3212
1958
465
2836
3442
2364
3300
3150
3382
456
1850
1592
645
3287
2286
1135
2382
2280
1169
1177
778
864
347
2609
295
1102
1268
3345
1284
2950
2918
113
1542
1083
2064
2790
512
2809
974
2552
435
1397
1075
2451
3265
3239
708
1734
3022
2046
343
1884
2798
2049
251
937
2768
1044
610
3355
1795
2754
1826
1844
3145
789
1527
2092
2016
2321
1750
1279
2893
380
2471
1870
2669
1492
2365
2036
1822
2138
526
1342
636
3314
390
1799
1879
3296
1698
2289
459
957
276
3347
1457
1513
707
1130
186
762
3111
623
1846
1491
37
101
848
1108
751
3391
71
2303
1845
1612
1948
2503
736
68
562
3052
1446
2617
2956
1813
1352
3151
2534
2185
949
920
436
392
1782
1484
3064
1842
1585
348
1808
2827
353
597
2577
1022
877
531
2151
628
1687
1445
2746
1623
100
2314
2007
305
1175
2324
2574
2355
928
1349
235
246
1960
1771
1742
753
270
1358
3362
3317
1441
1094
1569
3098
2548
988
1530
942
433
32
1837
3237
2130
2691
2873
2716
886
3401
1668
571
954
2905
88
357
1735
3290
504
2059
2788
361
1625
2212
2195
2323
1519
313
3123
3302
811
1373
616
683
1494
549
1915
2111
1651
2629
1501
1283
2884
237
167
2842
3118
2693
1594
3414
1250
3066
2576
1301
2339
1070
2034
2044
2855
1466
2959
1829
579
1179
624
638
566
3466
2679
1603
1393
1206
1058
3366
1874
604
737
1564
665
2474
2164
287
922
267
325
2926
350
1086
1517
2894
3241
2128
705
1559
803
1148
1364
2666
594
1170
2015
652
2571
925
179
2010
1141
477
1549
2074
1556
938
1181
2786
923
288
3003
1060
129
22
1378
2468
704
1852
3289
935
639
1836
2963
2939
2928
1775
1473
511
3230
47
236
992
451
2107
15
2792
2680
1165
2819
3035
1220
214
1313
1907
73
99
327
3411
2600
3452
452
2793
154
2672
1308
1751
934
1299
1947
2223
1318
529
54
993
3058
1662
2776
930
627
2935
96
1763
57
2235
564
1007
2267
1388
2783
635
1347
407
153
2072
3441
2463
3092
909
3201
2434
1757
1480
552
1280
1019
991
3392
1857
1831
1421
1067
65
46
2748
1683
1833
150
596
1271
764
227
2637
3402
1245
492
2413
379
2465
1116
1595
2279
2806
389
1615
2535
77
799
1419
1650
3328
2811
2971
2335
3165
2815
374
3432
2619
649
2820
1956
1401
2962
1555
656
3298
2892
3130
712
1858
2171
657
917
2091
1616
2612
2145
2411
1035
2018
2839
1261
2686
3306
1133
1303
3043
2043
424
3297
2191
1017
159
373
2156
1193
1963
2440
1548
2560
2387
605
3294
3374
2141
3204
230
469
730
1377
3389
2499
2510
3365
807
2052
1236
3185
1025
2735
2946
2789
2553
1488
12
1666
1905
1155
3326
2846
2101
2213
1329
1578
1816
2454
1969
631
39
423
2520
2857
1646
1863
9
455
3210
813
3127
956
2695
2910
1009
85
2886
1101
1273
2944
2123
156
1575
1226
1573
1010
1252
454
174
3115
733
422
3428
1084
1622
875
170
3166
2729
2199
1628
2050
1593
2627
2995
2024
2269
941
2986
1196
1892
1039
2177
793
8
1302
688
1321
658
1296
1221
391
95
1961
647
1361
2008
1290
814
2514
359
1486
1574
1714
1605
854
181
3195
1604
3461
2102
725
513
2229
91
1672
2688
2406
2358
2550
2062
1168
2613
3390
3183
746
2761
1004
290
1423
648
439
757
2491
3255
1241
3144
308
3187
1192
2623
271
2772
2409
1366
2251
1571
603
2874
480
1431
1708
3226
3443
282
1671
2095
2958
3277
1504
209
3132
349
944
2818
833
2784
503
2949
2291
442
2160
2849
310
86
1374
3293
1817
1643
2707
64
729
425
1029
2506
3060
2547
206
2037
841
2248
3176
696
2997
2209
853
1470
1827
644
1174
1516
2938
514
2866
3121
1264
1654
2432
1843
2161
1868
1507
1768
794
713
986
2354
2403
3155
557
1970
464
1602
158
3244
2157
1518
2907
3073
824
3011
3323
2304
574
3016
818
1871
3171
2045
2287
1761
1610
301
1536
1820
3234
1090
2068
698
3261
2352
1688
133
377
2232
360
2561
1128
3356
297
1403
2205
3433
2985
1027
117
2756
3349
3125
838
56
3301
727
1973
1649
2176
1565
1917
3458
330
55
0
1935
3216
3027
2381
1286
1357
2852
870
3313
51
576
2779
2620
147
3160
131
3096
173
1048
3228
355
921
2441
1323
1801
846
2385
732
3434
3119
2841
666
2208
311
994
815
1410
80
2261
2732
1415
620
2758
699
6
2384
187
284
1381
420
3377
1967
2900
2835
3117
2170
900
3036
758
1862
1971
97
2538
2663
2863
268
2660
1254
3208
2204
249
172
1738
17
3080
2231
2659
3410
1322
2272
2925
2930
1356
1951
2316
548
2481
2885
446
895
2745
475
1408
2292
1812
1061
3357
661
2190
2480
1234
1040
1835
1059
3235
1333
2689
1930
1988
642
2977
2140
915
2308
2184
1557
857
2470
538
614
2684
143
1391
1736
1855
3100
2142
3267
2026
3460
1825
1591
2530
943
3010
975
1053
588
845
106
1809
215
1624
1747
3439
2172
2453
1811
602
1699
515
146
2833
416
2215
1630
2154
835
1547
367
2573
797
3054
2
2198
697
2838
178
1440
2641
3339
1626
2017
160
1823
881
3264
2342
867
2422
1851
537
968
2662
641
3292
3057
795
1253
1922
1092
1568
1614
1802
2424
2765
204
1769
3358
575
1481
912
2258
234
1469
1106
769
2398
2431
43
2014
2039
497
1563
990
478
2579
3278
2875
700
2673
2955
1587
981
1483
134
3009
3400
3079
952
1079
1398
463
670
2293
780
2179
1637
756
3101
398
2295
1242
3044
1658
130
2996
1586
1828
2865
788
2528
545
1212
2054
1041
18
2862
798
2211
52
2824
2801
2816
673
2585
805
2717
1409
3131
2055
1927
2555
363
1596
2817
3376
2590
2903
1789
1678
1550
1785
2591
1676
1455
1861
1581
163
122
369
460
775
1332
1558
3245
926
2988
962
3379
489
2505
831
1584
3227
754
2983
285
3335
82
739
118
2580
2368
748
1479
3053
1024
413
659
1562
3405
2333
1724
2615
1955
1465
3240
3141
1979
1452
1367
2189
1023
1553
1991
2283
3380
1790
578
2830
2118
2829
2624
1237
776
2584
3108
2302
676
3206
1644
241
783
637
2968
3129
672
2645
2650
1351
1005
771
1633
258
1832
2807
777
1274
177
1159
2144
611
1249
417
2006
2628
2973
1380
717
1913
2718
427
3447
2676
2602
329
784
3024
3033
302
646
1989
1224
138
2255
2313
1127
612
403
3324
1438
1489
1037
551
703
3288
294
3320
1244
1936
3047
2785
3113
1583
3426
589
3372
2656
2332
2077
2340
855
3341
967
1675
3209
634
2460
1335
1231
1450
3394
3417
201
2511
1251
1876
2696
140
3006
721
2249
1178
1456
2203
742
3061
3116
3291
430
3368
983
2022
1394
1619
946
1725
2277
2794
412
2497
1561
826
1648
2936
809
1331
397
960
2558
3238
2366
395
2489
2234
586
3070
839
2778
208
1247
1122
25
1195
2582
223
1696
19
