374
2271
447
1830
1535
2585
1567
2286
482
3459
45
302
1784
50
553
2590
1067
230
130
2794
1514
519
2722
1917
2123
2839
1964
2369
662
669
1734
1015
2766
1633
2871
1478
1898
2781
459
2143
3204
1675
3154
2052
3088
392
1907
3120
2151
2333
1320
2186
242
91
2501
146
558
1542
2074
1356
64
1879
273
630
142
1536
3447
1369
1052
2137
2899
3195
347
176
1310
1923
409
1541
2795
2710
102
3263
2310
1483
2247
3424
1380
2573
3170
79
1088
1793
2089
845
973
2884
1942
2892
2363
3301
1042
1128
1717
1543
3186
104
2414
1437
3125
2575
1056
949
3237
620
2705
3321
3389
2273
3310
2916
56
3168
2038
920
2906
2891
693
2572
1170
1301
3323
1006
1371
804
2527
2927
1033
2853
1078
2714
2174
426
3180
1309
2003
1807
2172
2478
410
2040
1018
86
2724
2077
2661
2113
3249
1248
1918
1071
1066
1763
1719
1432
2597
442
710
3294
2027
1515
2994
238
1109
2817
169
868
2779
1281
2913
632
1149
2613
3141
1388
651
1391
1709
193
2897
2959
1211
1476
824
1681
1695
1443
850
26
2570
52
2245
1319
2950
2929
3124
531
2516
890
2297
546
3029
1031
271
127
2491
2179
2827
1829
2657
2068
644
2896
2120
525
2513
3101
999
330
2018
2679
2569
1065
2352
328
3434
3185
3269
450
2880
1795
279
1069
3045
1000
2616
3109
2017
332
47
1721
3338
2655
628
1365
2621
552
1431
1206
1164
1295
1406
2706
396
1555
1477
1997
1460
225
1225
676
2584
1325
3140
2769
462
137
1528
810
1317
2732
2383
769
1218
3295
2834
755
3357
809
1900
1935
2299
858
2652
1219
2015
2270
2738
2633
123
3258
2992
1468
2202
898
1222
599
2601
540
3008
2561
681
1701
1673
814
321
317
175
1348
938
212
1166
1560
818
2694
633
2455
208
2908
690
1660
393
1992
209
1844
2098
1444
1556
3305
94
3368
2145
3393
3395
2033
1883
3288
2631
2645
2464
914
3231
1082
582
2481
2498
443
1346
3151
370
1689
38
589
1389
3066
3243
1550
571
2882
2972
2873
813
1953
1532
717
3303
2826
2395
436
2008
1641
3425
2828
612
2525
2294
892
844
2551
1777
1288
3133
1263
1571
929
2900
154
1293
37
1386
2674
1725
1623
1001
757
335
947
400
2771
1011
1152
451
232
1977
791
1280
2187
1331
532
1314
1843
1161
2578
2303
1290
2878
2078
3210
987
2851
862
1593
3387
1934
3198
3386
542
152
2043
2411
2221
951
1061
222
2942
2934
533
1169
3153
1546
2693
1270
543
748
664
1770
1387
1087
1667
1956
2636
3383
1986
2484
2473
3103
3174
621
211
2506
2968
2072
643
2728
62
1998
59
259
66
3031
2044
3137
840
297
3238
339
71
2954
2879
2198
3432
2660
192
492
1881
1714
173
2233
2493
3212
195
1828
3235
3427
477
2964
2741
2479
2329
505
2334
682
34
800
2978
2487
312
701
1055
2744
1588
7
3082
2858
105
235
2309
1659
766
1569
1175
535
3020
2339
1296
3059
2355
2249
796
805
727
360
725
394
1989
3302
2743
3270
932
326
324
655
1137
707
670
2398
408
2746
133
3079
2432
2365
1654
2849
911
2846
1971
2404
2110
1036
1910
2937
320
539
2176
1297
3352
1874
661
2105
563
1963
2526
1366
113
3297
3129
1864
2343
2997
689
1413
48
715
1683
2446
150
3095
2142
1126
405
295
1647
1523
2253
2788
1239
654
2772
1252
3182
2519
3445
2073
2146
2767
593
784
594
2930
1008
2167
1909
570
591
2039
1947
3457
1993
2782
3051
3264
2320
1893
2408
1198
362
564
1139
1108
1697
2278
3469
2632
1251
3163
1259
2756
2608
2332
974
2719
304
2212
1887
871
1973
3451
2809
2324
1842
549
986
1060
486
417
904
1855
2402
3047
1886
1457
2375
2874
32
2420
3304
1099
1914
1095
749
3250
1958
2923
1627
1076
665
2190
2350
2206
214
908
2341
2610
278
186
428
361
1708
250
2966
2654
1173
1419
165
737
1442
803
1657
2659
2945
3118
219
1326
449
2682
2711
2256
1589
1435
1871
1398
2716
1502
2124
1144
1243
524
1630
3236
1628
536
3391
3126
3363
69
2623
2607
1595
3205
1210
648
1788
2051
700
2461
2735
3355
828
1244
1341
1412
3369
1704
1394
404
3216
1805
2357
3402
2933
1642
1262
3314
1375
836
1577
2026
852
2094
1823
843
1421
2194
3181
1979
2173
2255
2816
1034
2426
1047
1313
1983
1772
780
2201
1197
3414
731
3113
1932
1040
998
1312
1273
189
2259
3086
1497
627
1814
518
1678
2053
348
1905
2861
1600
3385
3098
1553
2678
792
3162
2515
1081
2199
2029
1816
1
1741
3336
545
2539
2531
919
2062
103
3408
3259
406
3058
2131
1121
2951
1408
2
2482
2697
1891
954
604
2139
329
572
255
581
2605
2429
1580
1178
179
1865
494
2155
16
1146
3099
2538
1147
1445
1378
3145
2523
425
538
2599
2165
3392
1722
2742
2919
269
2400
1480
622
1192
1300
2281
468
3025
2932
316
1920
859
825
2483
1308
2204
960
1573
1039
739
2713
1605
1800
1803
1163
1138
402
3065
2842
3221
3384
1791
2191
1377
3128
1530
246
1745
440
2490
2232
3407
2388
1446
508
1540
1027
2237
816
695
2444
2265
2158
3077
705
3366
580
2019
2619
2230
513
2149
2467
2887
1393
1511
40
2983
778
3167
1821
829
126
1004
1357
2815
3218
446
3322
55
2785
551
2264
2664
2844
1529
1488
2905
3061
308
1354
2872
2609
2057
2533
1649
1495
1645
3233
287
2472
1817
2549
1544
3196
2390
418
201
1374
1894
732
78
3078
3130
3201
1846
3468
1849
1353
1209
3046
1826
694
1870
54
1028
1875
1584
2342
3380
2830
830
577
2356
2181
2847
3203
2644
2115
2681
742
1123
1819
1105
2831
680
1054
349
2468
2970
2936
2915
617
3028
592
1372
2921
1606
1224
1869
3419
2859
117
248
110
1750
3234
1425
1938
1130
600
529
14
27
1599
1671
2775
1141
383
1217
2765
2170
2603
3014
2184
2122
3289
2200
2911
420
2947
2995
166
1850
786
2860
33
2502
2021
1493
696
376
3420
355
1884
23
1743
226
489
1229
1533
1098
923
2699
3440
576
1572
1876
901
2138
2316
3404
314
198
202
2886
2497
561
1736
2786
319
2750
2777
567
433
1452
3359
3200
1755
107
2548
3225
3232
2638
2821
1773
1107
1409
2065
2387
2140
89
288
544
1903
856
1873
2901
2581
1187
3019
1383
1955
900
1915
3074
87
2185
2985
2260
2580
1833
1266
1237
2926
438
3018
3244
1168
109
1057
3241
253
1896
760
257
43
272
2628
2622
2666
5
933
2987
2457
311
2665
1799
2836
2001
642
1102
1382
3253
1694
3361
263
1083
3360
1461
2754
2112
479
1655
2267
1447
1587
1880
3428
1631
1521
679
3367
2263
2223
1333
3155
178
2752
3158
2102
1258
20
29
2475
2524
1002
3202
3193
1962
1679
1035
1278
767
590
1122
1827
2220
1150
2005
3227
1724
1370
3462
1208
2433
3215
2014
1524
3222
2492
2372
2156
2517
309
472
1154
3026
2991
1815
3351
3342
431
541
1112
2925
2789
274
199
1690
2650
3197
1111
1927
1890
3090
187
1234
2152
1622
200
1390
861
2445
1125
2571
990
382
1757
1029
129
3456
2736
2183
566
2684
1952
921
3021
2668
1110
2805
132
63
2153
3106
3192
2852
3219
384
1598
2148
1482
180
2022
608
1940
3069
924
3411
1518
2586
1334
1064
3119
301
2745
203
1335
2979
3112
401
2797
768
1613
815
2653
3132
2928
2222
2867
2540
2000
962
1980
691
2277
3184
2405
1692
1806
1157
1463
341
1327
2747
3015
1608
515
787
2672
1207
2587
534
894
2459
3403
1559
656
1756
1742
1307
2870
657
373
1765
3450
1214
2683
2401
2717
291
790
1025
3148
1626
1323
1305
3255
1089
2442
839
3372
1936
2485
112
292
141
3435
650
2940
2321
1525
2243
915
2980
480
801
3038
1507
3312
1068
2780
3401
122
1648
866
1838
1050
3293
1402
254
2625
837
793
414
3187
1591
262
575
2087
1232
1275
1948
1160
3247
2567
3173
1813
1836
1264
1534
460
674
2177
2924
1924
2801
70
2737
876
3358
878
1462
2577
864
734
1619
1215
2300
97
726
1392
1189
3275
1191
822
3209
3057
2990
2888
2188
703
1434
678
2547
1182
2793
891
2330
930
1143
1640
1072
2034
2293
2261
970
3343
1085
2244
2962
624
1484
1857
196
31
2592
2530
2465
2163
2192
3349
3464
131
2193
1185
3261
1792
2952
981
158
10
3452
2695
2322
2876
1474
2843
3190
3081
1590
2764
2091
1260
1939
2825
3000
2415
1687
2883
2856
2428
1231
280
1291
3390
1968
22
77
3183
1395
781
2864
991
2630
1537
1271
3224
1360
1762
2056
256
1856
421
3116
1563
2011
1733
1863
1188
3353
1551
1662
2529
1754
1943
2308
1490
2466
2394
478
2976
1230
776
2751
1179
946
3011
114
964
2893
1103
2639
2564
884
363
2282
893
1801
3005
1400
723
1156
559
3257
1500
2059
294
2611
2168
3306
1106
385
3097
802
1470
3041
2136
1568
1759
1703
3431
1925
1101
3062
675
2641
1037
614
68
2362
2824
672
2257
2440
1316
92
573
2441
1203
2518
2159
652
1912
759
2553
1100
948
1610
497
1228
157
1707
380
1269
1908
1929
3362
1176
548
2268
3252
3412
1049
667
1578
99
3455
2804
2998
1928
3291
2505
437
716
2125
1758
2814
463
2354
1053
1373
1199
2025
977
2890
1984
3376
509
881
2647
635
1746
1361
1616
2471
1466
3332
2993
1991
3144
197
3274
2319
1994
2474
3035
2307
3199
3307
1949
1304
605
1768
823
115
144
471
1022
1769
2437
952
1351
2574
3467
2103
2486
2868
869
811
722
18
356
2082
2658
2047
2723
2910
2521
3426
2629
461
483
1639
3092
325
2727
565
1885
1151
1220
493
1583
3208
2450
2462
299
1786
1614
3166
2430
2360
351
1810
1090
2712
882
1007
1451
1693
1727
3023
2563
2410
1852
2041
2799
1404
2552
2366
1974
2427
2759
660
1941
877
73
2510
1539
118
1831
724
2004
3256
1294
1794
1867
2535
25
3048
1043
1340
1650
3416
909
2755
736
2637
2894
3327
1895
432
1944
1832
942
3073
1796
2180
2262
1436
9
711
3423
1405
626
2311
2543
1328
398
2798
2251
2234
1469
3377
161
3280
992
3032
3111
2114
2761
2579
3064
2144
3161
2382
3381
399
49
2698
1780
1355
1602
284
3335
156
1299
1045
1682
2691
3104
1644
2595
2108
315
1510
847
2106
2006
289
1505
2397
1723
1705
496
834
3340
1118
3067
2734
1131
469
2774
1332
3022
3413
2076
2189
2285
1866
2982
2642
1835
2218
1901
3207
1048
2061
2566
658
3448
2511
503
2620
2095
560
2254
2885
989
2612
276
936
775
1134
1233
1787
2016
2939
956
2615
1888
2618
2413
2582
1698
1837
1302
2036
236
1761
1041
865
3364
334
842
2135
1298
846
270
702
3072
819
210
2208
2178
2669
1877
2536
2854
2820
586
798
2914
1235
692
4
2635
2989
2588
673
641
2050
1253
2651
1180
1676
1552
2276
2196
2205
616
1520
116
1748
3344
1113
3267
2417
2810
3397
1825
441
215
3285
3345
3206
2614
761
3439
470
2012
2813
1458
411
931
84
3373
968
1603
1950
331
1663
1522
1781
1841
609
2304
65
721
1547
1347
1070
574
3131
2763
568
1680
2996
439
1976
368
185
375
285
976
1306
2045
2225
2593
82
344
1003
827
1686
2231
359
3354
753
1086
2838
2370
17
719
1713
430
51
2550
2280
789
28
2973
1415
728
498
310
583
1171
2948
3138
2508
3410
2999
3146
164
1020
1318
1384
3189
3042
3030
2848
953
2596
1381
2376
2380
2568
13
1257
121
1889
1735
625
2097
3013
2688
2248
3388
3080
1582
1731
0
3
3309
1464
2958
1861
2967
2384
1822
2803
2031
100
2224
1751
1526
2157
1747
267
2833
168
3260
2832
2116
3347
1026
530
1216
1330
423
83
1479
2314
2975
260
3400
76
2407
2214
957
183
1972
1010
659
1422
1379
2134
1242
2099
537
939
3277
2023
2301
1204
240
379
354
1664
993
3127
2239
1433
3075
2730
2770
90
607
714
3348
1922
300
1342
53
887
2182
422
134
3449
391
338
2393
765
249
771
3147
611
1075
504
1798
1201
2298
1716
1677
2955
601
799
1635
61
39
1738
298
1720
1338
229
1740
1990
3039
80
2331
2708
2227
429
2386
1292
2111
747
1046
264
1364
2758
1906
943
2583
2323
3268
3115
860
718
917
2560
2857
1261
958
1283
1902
2219
36
2791
501
638
223
770
455
782
2162
2974
3084
2720
3188
1760
1221
2602
427
598
3438
3251
2070
340
3071
2617
286
2328
2130
1190
579
2823
3283
293
1691
1931
2348
1009
1728
897
3142
2863
277
2317
1858
720
1702
3370
182
1276
1581
3165
395
2399
434
233
777
1711
606
3374
751
2881
613
337
2013
3278
1145
763
3266
2969
1668
2063
3053
1129
1579
275
3398
2917
3334
2627
1091
3379
712
2266
1969
2541
1617
98
3076
3418
965
2507
2865
244
1205
2009
2895
2195
2347
1504
21
610
1696
2126
2702
2215
1183
1575
1084
3228
2075
364
2389
735
1352
1017
296
631
145
3123
500
2802
2207
756
1124
2528
2800
181
1574
2121
2423
1073
1669
1194
3017
2002
1776
743
2292
190
1441
569
1455
464
1339
2898
511
945
390
346
3054
1503
1774
1344
67
556
2673
704
1174
585
663
151
397
3050
1343
2748
3460
3365
153
15
2403
1410
3300
595
1241
1254
2594
163
3009
988
3394
966
1362
1744
475
1148
2291
1862
1119
2918
1818
3453
1548
1423
2046
345
2392
2604
3433
2048
2381
2409
2335
2943
2318
746
458
1349
466
2907
2396
1670
2085
2503
1516
3085
1513
794
2690
2305
1566
699
148
2792
2453
1519
2364
872
1596
1414
2600
353
305
3121
30
2242
1609
228
1282
1919
2689
3003
2981
514
72
1621
1195
1158
3317
806
851
136
138
239
2438
685
2488
2458
910
1363
106
713
171
2007
258
1448
1554
2418
484
1966
352
3417
984
833
488
3429
1656
2576
3331
3441
507
2235
2345
821
218
832
3330
2092
1557
2274
217
3466
1286
1096
2912
1177
2020
1570
3463
1245
1565
1764
2961
1715
3339
241
927
2346
1999
2272
1223
588
1753
752
1453
754
3178
1653
3016
216
3333
1987
93
1417
12
2275
1729
2238
448
1604
3324
3350
741
2646
2542
2378
521
1824
1859
1427
2634
1396
457
1586
3171
1959
3083
454
2562
1492
698
3135
3179
2971
162
520
1981
1385
906
1860
3143
452
3454
2557
547
2100
645
918
1501
2700
913
2656
3442
1284
1038
896
1277
108
1172
1592
234
978
1399
854
2811
1688
2556
265
3371
1016
1904
1475
2762
916
1933
587
3056
2425
2164
773
2236
972
2037
637
2807
903
125
2829
2686
1368
1329
1926
1812
849
1093
1625
1911
1961
3296
3265
3052
1988
1967
1897
415
342
1811
378
2349
1985
81
303
3329
817
2944
883
3117
3159
706
3226
2866
2166
1471
562
386
557
1014
2463
3444
2790
88
3337
1499
2306
1785
2090
1120
160
1023
2406
1092
2643
1978
1562
495
2431
46
3110
3012
1674
2443
2338
1115
826
2129
2422
3279
1336
1839
1965
615
2687
1612
671
3122
2935
1783
2818
2532
2367
2701
1538
2054
3319
1512
2537
2477
2416
2128
857
2565
403
3037
1428
2902
1062
381
629
2753
995
2768
1634
1789
983
444
2460
1249
2032
490
554
1854
1804
3094
2435
1672
902
2385
281
2373
1456
2171
2675
2670
785
323
950
147
1809
3177
3272
251
194
24
2060
1545
2064
687
779
3239
172
1063
96
1666
1247
3328
3114
2241
3034
1019
3070
2096
407
1267
3378
2783
1311
41
2084
2496
2312
888
2424
231
812
2855
1429
982
2726
1737
873
1236
1771
3421
3043
1802
35
774
2949
2371
2340
686
1646
367
1324
3134
729
474
1892
1074
2107
666
684
1376
2213
1921
3001
3382
2246
1485
2680
578
697
207
2377
1527
2226
1790
1051
2509
1032
603
506
3461
1473
2606
8
2677
640
979
2391
3399
1517
2379
1643
2470
2133
797
2819
2495
820
2707
985
389
636
2534
2545
85
1951
3284
1274
377
880
139
3211
1226
1624
2229
744
688
1250
2150
2326
2796
3089
3002
75
1779
788
1246
1685
2434
318
188
2035
1127
227
2359
1960
1411
3286
959
387
3108
2558
955
101
1030
3044
2835
2598
1615
283
2837
2161
510
996
2336
639
875
1954
1611
994
1996
2739
2069
619
934
2086
1618
3156
1116
1256
2284
2922
2042
2216
738
143
2480
2715
2080
350
3220
2028
1321
2209
388
3087
1350
2058
3149
1285
1487
3040
2589
1558
2109
3422
1778
2941
3229
2217
1878
3316
885
485
1767
2984
2555
2452
2337
3240
3325
2845
527
835
2663
3443
1279
1079
1159
2010
3152
1005
855
3194
2500
1576
3223
2439
2522
550
2877
245
3326
1021
1726
3068
745
2776
1930
2709
1632
1486
1449
120
1489
2514
889
2662
831
2956
848
3175
3102
3136
1868
358
647
1498
2313
119
512
1322
2685
3191
2210
2454
268
3409
2749
1665
863
3169
1585
372
491
1638
2141
1491
2671
2419
1450
3446
266
237
937
528
3245
1426
634
1140
2667
2703
3213
2117
926
1268
1957
997
2079
1077
2421
867
733
1240
708
2960
365
2258
140
1752
261
3415
2118
2718
2986
3055
1184
3091
1424
2904
1970
456
1982
1196
111
3160
1024
2957
1872
2081
3262
3356
42
1418
2447
1265
3060
879
2591
465
412
453
2953
1133
522
2476
2269
944
3311
1193
618
907
555
2649
3298
1766
1080
3246
2757
874
3437
668
3290
3096
1059
2875
1104
975
3308
1564
243
502
969
1181
1840
683
2289
841
762
2841
2784
306
1465
1975
1782
60
1620
1135
2154
2228
1459
3172
1684
653
2512
3033
1438
3049
1401
95
1531
2946
1212
3230
213
159
1661
1439
2721
1407
1200
3465
1440
1162
1851
2554
1651
155
2358
2626
3006
2104
3214
1337
922
928
963
1509
252
2088
3273
2132
1012
3292
584
870
940
740
2778
2203
424
1496
2977
941
2279
1272
980
2729
1882
2965
2325
2101
2327
3436
3405
2499
623
1142
1899
1114
1289
224
1847
204
677
3036
2119
57
2469
2559
1797
808
2504
1699
2368
413
3341
2546
74
2733
1155
2374
290
19
1629
3217
435
1732
895
1287
44
1481
170
3157
899
1700
184
467
205
1117
1916
3105
1153
366
1430
935
3107
419
2066
1013
971
1706
2211
1186
2287
2520
1367
2806
2869
2704
2640
1845
206
2049
1749
3406
783
1358
3248
2909
758
167
3276
2302
2676
1775
2024
2250
1652
2361
1945
838
2290
2489
327
1136
369
886
2083
2295
2903
2822
3150
526
517
1238
2850
2448
1202
1937
2449
2696
2353
2773
2725
3458
2296
750
2544
1594
772
6
1710
3164
2812
2808
11
2436
174
807
1820
3320
3430
2147
473
2840
1303
343
2175
2169
416
2963
2344
1834
220
646
2920
3271
2988
1946
2760
3027
3281
191
2288
1712
1165
795
1094
2787
1420
1097
1132
2494
177
1454
1167
58
3396
1506
1058
2456
1658
2093
1416
2252
2315
1561
1601
3254
3024
221
2740
2648
3315
499
371
3010
1467
2412
3007
2692
2071
2127
905
333
445
357
1359
3139
3313
597
135
1848
1255
1913
1315
3346
523
3093
1508
1636
149
1549
1853
3176
967
596
1637
487
709
247
2938
3004
1607
912
481
925
336
3299
2160
516
1403
2889
1739
2055
2197
282
1472
1044
1345
1718
1808
3100
2067
1995
3375
307
2862
2030
128
3318
3242
602
2731
1597
649
3287
2240
124
2351
1213
3282
1227
2931
3063
1494
853
2624
2451
1397
730
2283
322
764
476
1730
313
961
