751
1757
2054
893
358
1654
1897
1963
2294
2495
1337
1464
2297
2116
103
462
2400
2305
963
2697
591
1055
486
401
1789
2063
2538
1870
1476
820
1540
1583
1883
96
1801
1887
2070
1220
1953
1187
1
967
2534
122
194
2512
1323
178
2551
381
2464
654
524
2027
165
1500
1000
1859
1796
2149
1505
1603
2502
2332
85
1748
1015
870
477
2269
1203
2158
784
2440
783
2660
1430
683
305
480
1950
274
2218
824
890
643
544
11
1134
1048
1142
1108
645
2045
1415
106
2321
2278
1133
427
671
1067
1410
1252
1482
220
216
120
913
2575
688
1564
2579
2471
1938
880
2181
1340
639
832
689
979
1010
672
1332
1684
1914
2530
129
975
1251
1952
1849
169
1646
1651
2018
738
2324
2019
904
1347
865
949
1784
40
851
728
1480
270
2550
131
1879
1622
2525
695
174
1498
1892
2256
699
538
607
1078
504
1988
1737
212
1523
252
1284
1623
1494
2229
1921
514
1378
2634
2193
2108
2430
2203
2213
771
2163
802
2080
1254
1993
1352
582
980
2292
917
42
2210
1580
253
730
1923
1739
1109
841
2009
406
2319
905
187
1686
1107
1942
934
561
1986
1604
2338
1958
958
659
2501
228
1083
10
2094
412
1835
1079
1188
948
2605
2198
1111
1168
1001
2591
1344
221
1475
95
662
1081
581
1243
2235
868
62
342
141
1853
2266
261
1360
878
2113
644
329
767
264
2268
1584
848
1904
548
1202
993
2030
2422
2075
2283
1641
303
2378
2258
931
1894
1634
2376
2133
1957
987
1437
360
2281
404
2309
1282
354
227
407
1884
467
1250
1840
817
2020
589
2508
121
1333
211
723
2261
1574
1144
2310
1715
496
2254
1611
70
1499
2598
302
1924
143
2
2024
287
669
1845
1832
536
1199
2535
2220
1297
1128
279
1775
715
80
65
431
83
54
1449
2569
610
1279
182
585
1544
86
1234
2554
1758
41
1765
872
1734
1804
268
978
1590
237
1733
620
2139
2396
209
1384
1846
1356
1996
1408
1184
735
919
2290
1301
1553
292
2587
21
1230
375
703
2556
2494
1807
384
1071
2407
2477
861
36
1365
493
1805
998
2467
1458
825
1487
24
726
2585
1624
226
2222
1493
1941
1588
2542
698
377
148
1694
1817
1633
2460
2404
1330
1181
1012
459
2529
2272
172
996
2574
1922
1682
2062
14
2429
902
806
1058
2357
81
20
2247
2360
1730
1024
15
114
1054
2386
2189
1569
1982
1645
385
2146
609
1517
461
1037
357
370
1862
232
2034
1931
474
199
88
745
285
1920
1856
9
159
48
2523
1655
1696
1438
386
2524
133
1700
109
1869
1457
569
2003
2408
2450
899
2157
1287
2056
2436
2076
245
2106
780
1810
369
923
2178
2601
195
680
1447
1145
2562
554
2055
791
23
2683
1239
2369
2127
628
1358
1689
1004
2557
731
43
267
1258
555
2437
101
414
136
352
853
2155
2499
1888
1227
876
984
1082
2600
1350
2243
2626
1638
161
862
909
2180
1979
2648
347
1674
2190
621
2532
2373
710
1620
1490
128
1033
928
693
1582
1479
415
1944
297
941
638
879
1873
1180
1155
312
188
149
265
2504
894
757
2328
997
164
1662
749
1262
2459
1802
2612
537
452
146
1314
2573
701
2696
113
516
1403
1214
2159
1099
1625
2104
1672
1999
1683
173
2548
983
2581
1981
598
743
1045
475
91
572
1550
887
417
1157
249
2693
1229
1112
492
908
2652
441
257
849
1932
1534
2667
2306
339
1736
2465
2335
1204
2552
94
1385
167
2419
44
2689
373
927
1291
940
2032
1610
795
1707
527
762
2101
1891
777
1947
465
612
1747
2064
952
2040
2010
2466
580
137
1373
2475
1489
613
2187
273
2238
2364
422
2372
1916
2427
2087
856
1940
1235
262
1773
1976
823
736
272
2630
1503
1771
327
243
1860
534
1831
1226
73
525
1471
599
847
1718
374
754
636
123
1256
1793
2503
2361
1370
403
2067
1462
1422
2021
193
2606
1328
2322
881
1762
1327
345
2244
2015
1178
2563
816
748
1965
1551
2658
1139
1389
811
946
2604
2142
1232
2446
2505
2329
2687
2177
379
819
1351
1597
1411
2506
1029
2651
319
801
1866
1418
635
1837
1265
484
2202
2377
597
1806
2602
653
447
2482
1745
1640
1628
986
1529
852
718
711
546
1746
318
2646
234
362
2138
2411
1465
2156
2362
1424
2590
1690
769
2555
127
1823
1722
1844
763
818
1915
1917
1038
1699
1114
567
1912
921
446
1259
891
976
2531
18
1334
213
725
646
325
2145
1717
1127
1983
2572
2664
649
535
1053
776
2417
2271
201
1598
2382
1599
1175
2006
2347
1935
2340
2098
439
2656
2457
2454
1003
1068
531
778
716
1781
1050
2678
64
1558
1701
1404
1907
1893
478
838
2568
690
408
1827
889
632
792
350
421
1698
306
964
344
224
2303
706
418
1791
1166
1677
1196
1619
409
1461
316
1151
1561
2111
1452
685
2048
2300
304
828
684
1423
1861
898
1100
789
1322
52
130
956
1304
1440
1579
1898
19
1872
821
884
2071
2117
2461
2078
2257
1439
1723
1116
2277
398
677
1185
518
2136
642
2351
371
2233
1288
2239
808
2621
843
1289
540
571
1021
2073
72
1183
1752
77
2245
2120
2313
1407
4
1798
2412
1960
1510
954
552
1281
1727
125
368
1738
2298
2042
2624
1545
2148
3
603
152
885
2593
25
1543
1194
1865
1101
1720
1224
926
786
1710
1006
1022
445
1521
804
1676
951
2641
1429
2385
1448
542
1875
1359
858
2337
353
1708
845
719
425
2296
1518
1274
1057
1850
1825
242
2483
2553
774
1113
2439
210
1954
1036
1539
2589
168
466
2345
1405
367
1311
1546
1096
1218
614
1769
1316
181
134
2635
1955
1197
223
2072
498
1201
1156
1135
2029
1195
361
458
1606
1149
1785
1571
1042
2207
1735
2677
2154
734
1555
454
35
2588
160
45
657
2022
1420
364
1030
2349
2692
2500
2455
66
989
901
1663
2314
1266
200
1342
419
1913
611
2371
2134
1343
1198
753
640
1152
779
694
2632
834
2173
2672
2152
656
513
592
1044
831
1768
455
1657
69
2484
1631
500
1719
2037
483
1531
1189
1647
126
155
805
1451
543
2200
1212
153
1716
2167
596
576
1878
2462
2206
2363
1881
2192
1877
2253
991
2561
59
204
1369
658
707
766
1899
2410
874
661
33
424
2129
713
47
2307
2549
1381
2559
1211
2197
311
1363
2255
2052
1425
1368
2061
2479
835
2633
2124
390
1453
873
1167
1838
1016
57
1608
170
1393
1636
2366
2005
2453
2398
1450
2442
487
938
1552
1383
326
1697
2617
448
78
2088
1824
186
1444
2350
1547
363
857
2260
2144
2488
2014
1754
335
994
1868
2068
356
925
568
1627
1797
503
2456
1788
1755
2392
1217
1595
2334
2047
2001
670
1581
1614
1047
1485
691
1876
1764
2428
82
1146
1223
2011
1400
1951
939
1046
2434
430
290
2126
1313
2497
914
2661
394
142
1616
1794
1176
1814
1507
435
74
197
2353
1477
2452
2594
970
413
1432
2109
1991
2066
2513
2231
2211
566
2487
1541
559
1945
2507
402
1431
443
2097
1366
1776
1621
1685
189
426
1808
2625
933
1732
154
551
2175
1160
1126
1795
529
833
1656
2577
1221
1767
903
1573
871
1630
269
376
1650
1987
322
278
1205
2673
1186
1093
1264
2480
230
2515
171
1607
440
2185
365
1665
1997
1692
1245
1341
1271
1470
1514
1527
1466
1559
190
1467
2112
2219
1473
1355
1397
145
2584
1088
166
1974
2230
49
1028
2486
139
144
1815
202
793
1985
1742
2391
985
2262
1098
579
1018
472
1842
338
2691
1357
2151
1961
2522
1497
177
1998
1709
2212
266
1009
1847
2049
1412
2082
2388
558
2688
2381
438
423
1929
2374
2036
87
147
1968
605
1905
1508
521
457
1593
2249
756
116
1760
1238
2699
2031
400
2399
2681
2649
1772
1206
2576
1086
117
156
785
2263
1165
2539
1027
1495
2546
1826
50
2348
1836
2609
827
2433
1065
1091
2533
1209
652
1691
1398
2128
1857
625
1237
665
256
175
553
1668
32
1533
2043
2302
1933
1639
1013
1435
343
105
2582
456
2227
1524
288
98
920
34
233
790
0
1679
2081
575
295
1097
240
2176
1056
1761
1886
854
623
2368
2618
90
1704
388
1969
1667
2527
1362
1978
300
1729
1399
31
1413
1820
2226
281
2490
61
2346
1964
1326
1148
637
741
549
2578
1549
830
1535
2610
2275
1153
752
2331
1688
2228
1172
1642
2485
111
520
1244
2491
283
1131
2420
2645
2270
1787
1283
260
2640
519
864
280
366
382
110
2473
1049
565
217
515
631
803
1092
1930
630
1085
2544
79
1382
76
1644
1863
705
799
259
2496
744
2685
1469
1629
1666
1159
1102
1687
1995
372
1007
1428
2545
2470
2431
27
1538
2478
2186
1939
1809
218
320
1946
842
2004
485
1446
1123
1090
2274
1854
1459
179
1367
1956
863
2571
1317
229
2627
1305
2033
2089
207
2205
667
1811
687
727
1255
810
1419
118
2679
2595
2318
1417
1896
1376
1095
1756
675
2110
1648
846
2164
1902
309
740
1562
2288
1320
2316
308
184
1060
1043
2336
1903
2170
622
7
750
502
1966
1851
2103
97
102
236
1731
84
770
545
1774
1390
470
1421
1463
2611
2234
1577
915
936
2444
2171
60
1680
2325
330
1483
1661
1150
2232
151
2077
428
1554
2448
1222
1724
307
26
577
829
2393
2000
1632
481
2537
1491
2674
1572
674
2426
2250
1592
2435
1173
1117
6
562
162
2191
2195
755
508
1094
1272
679
2670
247
392
1714
1312
906
1174
1928
1169
328
2643
17
1615
560
1537
1445
2665
1387
629
2614
1300
947
2438
815
1753
860
2251
1374
1329
1336
1105
1349
2518
2065
1971
960
729
1813
944
641
1261
1478
2657
39
1557
1191
399
2023
5
254
1240
1132
1089
432
1812
2650
2028
215
2099
962
2517
1409
2122
1653
1062
1309
2654
1039
850
999
2147
768
950
53
892
1087
1118
1980
244
837
2387
2038
1161
2114
800
733
916
1486
505
1664
2458
16
509
682
836
38
206
2246
2086
2323
758
490
526
1059
796
1901
489
140
1937
2519
1310
1008
972
340
2493
1137
1829
277
761
918
1919
1070
2421
196
781
2592
293
291
2358
2394
1163
1713
2675
1909
1977
198
263
697
1315
932
957
469
405
1290
1613
1799
782
2424
1307
2242
1759
737
1934
2201
433
1064
1882
2315
2132
2286
2684
1542
1075
2174
686
2280
2449
512
929
1306
1660
1711
943
1568
248
2642
157
2644
1843
2208
2100
2655
681
1702
1943
2074
822
1364
2276
282
2666
436
2395
2161
2284
663
1394
2647
2616
1460
888
1984
1298
1270
324
2659
380
1020
1063
533
1481
530
2596
742
2150
2057
982
359
911
258
1528
1441
203
1319
2492
1104
1292
1594
2509
332
1396
2619
2093
1124
1779
1215
2039
2567
812
1841
1372
1587
2125
1749
1375
2510
900
840
2694
2356
1548
966
2016
1219
676
1673
1675
460
1848
2339
1751
1763
501
1294
1386
1890
541
2182
1061
772
2252
180
2558
2264
547
2423
2680
488
1790
2676
208
2463
615
2389
2359
1072
499
58
2690
867
721
539
28
1780
1299
1130
1578
275
1122
1040
1973
2265
2526
564
391
1216
859
2118
12
1948
1035
2188
510
2069
1519
2380
2216
1321
1164
176
2607
1066
523
1200
337
1260
2663
2137
331
2629
1208
1867
1325
2586
1783
1076
1936
2536
1563
2308
907
395
912
2050
2447
383
935
1949
1602
150
1052
883
1637
2415
468
1242
1770
773
2498
2312
583
1395
655
2168
720
1484
1671
1530
974
2379
1803
323
2695
1911
988
855
1766
2409
67
1959
2199
809
1516
746
37
346
1652
1468
1669
1106
389
2384
2259
1609
961
2401
2403
1401
1236
2204
355
647
600
2096
1819
313
2160
284
1496
1989
2580
969
2051
1962
759
2237
1014
1839
1246
1605
2516
2215
1910
255
1354
235
119
2241
321
2418
1179
2153
2342
511
797
1228
1247
2383
2311
2669
992
1345
2240
1566
1513
334
2162
1502
1276
1454
351
708
2092
2414
2405
1041
2221
2603
2287
1975
1782
1308
1293
896
51
2443
924
1110
1706
1522
396
844
2196
112
1121
1658
1277
507
2402
1138
1492
2090
700
1504
570
132
1800
1670
2183
1177
1525
491
2130
2583
717
968
882
348
2639
99
1818
1695
2343
397
55
107
692
2327
2352
1278
814
2636
185
2341
387
886
869
1612
1455
2623
250
2225
522
1125
666
594
1575
2344
595
574
494
2686
1456
1885
1295
606
2622
1241
315
619
977
2698
2143
1927
1520
1822
2540
2620
1011
192
2547
2169
1474
930
286
1512
732
2628
517
1348
2007
724
1147
1084
1427
1570
973
593
104
760
2370
495
92
2194
1233
1379
2474
2320
2013
93
2564
627
2291
163
764
2223
895
696
660
601
2560
2217
135
476
2279
2166
624
2514
1626
1129
2085
124
429
1026
271
2472
1740
158
46
2140
2566
183
1103
29
2135
1871
1120
1402
1567
2330
2570
1556
1488
2295
1596
296
2441
464
2008
191
532
813
877
616
839
497
301
1777
2469
1821
1926
955
1678
1743
1019
1285
2289
1511
922
349
1970
2445
1693
1618
2059
1852
528
1119
276
2285
788
1858
2662
2131
2608
71
2084
2224
550
13
2301
1275
450
506
2528
246
1303
1414
1162
310
2406
241
573
942
225
222
1703
1681
587
2107
1249
1017
722
2367
2179
2671
1286
1353
2060
2476
794
704
1377
995
866
2017
1617
479
2119
219
787
1635
1005
1834
1560
411
2141
444
314
2615
1248
1051
1600
650
1025
108
2121
648
1388
747
393
2184
2653
2425
298
875
586
1536
75
1318
1023
1158
1253
1346
1380
1406
2638
1830
1433
2012
1515
2002
68
333
2091
2123
702
1267
453
2468
2083
1210
1532
602
563
1361
714
1725
739
1269
2599
410
584
618
1526
1506
897
1171
1712
2668
1990
1589
2044
798
2637
299
1225
1143
2046
1967
981
651
590
1182
1786
138
30
1816
2267
2326
1900
2521
63
1601
668
1302
910
634
2489
1889
1371
1031
1874
1426
1136
2102
1193
937
2682
965
1972
959
826
709
617
2026
2299
289
578
1586
2355
953
2365
2432
2613
2304
673
1908
2035
1828
2293
2317
442
2631
2079
2053
2209
1994
807
1895
626
2165
1280
231
1442
1585
471
1032
1074
2105
2597
1338
1324
214
341
1207
1170
1140
1080
1257
2095
336
317
1864
1778
2214
251
2273
1391
2481
2451
2282
8
1213
294
2390
1190
1392
482
1192
2041
1833
2172
1741
1443
678
1501
1002
1721
1339
2565
2354
205
1750
1728
1705
556
378
416
89
100
990
604
664
1659
2520
1792
765
238
1263
1565
437
1273
1925
2511
588
1069
2541
2025
1906
1880
1231
1268
1472
2397
1115
1331
1434
1509
2413
2236
1436
1855
633
1335
2058
1643
945
2416
2248
1726
434
1576
1154
775
1077
1141
1591
449
712
1073
2333
420
239
56
2543
1296
971
115
608
557
1918
1649
1992
2115
1034
463
1416
451
2375
473
1744
22
