3040
975
1649
2881
357
1583
115
1091
1298
15
1854
1379
3071
2303
2130
855
1886
1672
2138
1003
2875
2643
2465
384
2121
1127
349
205
3158
849
1721
1662
3167
1837
783
2803
1142
379
1807
18
2292
2301
1463
3149
1682
1997
3424
3437
2378
792
23
1674
2851
2078
962
3187
3265
2226
1233
2362
1459
1652
839
803
1062
2871
1087
106
1763
346
3254
2175
382
3270
3408
394
297
1729
1
1241
2417
1668
692
2671
14
2916
1600
2445
660
2225
363
365
2446
1914
2528
2983
1079
1348
2805
2331
3452
2635
2689
1095
470
759
1715
27
3434
626
299
3352
1335
3125
636
2856
868
2315
3102
753
1427
454
71
85
714
2396
1449
835
555
2833
2624
1591
1658
3315
1924
1299
3200
1469
1443
1647
2143
1035
2294
2484
731
971
1621
1301
2981
1420
1424
1172
1752
1069
2761
228
2514
2673
2826
2562
270
2337
2584
254
1270
3383
2571
589
2834
1955
321
2602
2794
2496
3100
1820
1307
2258
1832
3261
530
1015
576
2597
840
2388
1289
1310
768
1894
1847
110
1640
526
991
428
2242
2762
3450
516
467
1552
3119
1023
1331
3138
1478
1879
466
2052
34
160
2609
900
514
2023
1965
1557
854
2394
122
217
3135
2290
2957
3436
3057
950
2864
1211
240
2599
972
2605
3324
2299
2221
973
1199
1097
2152
2837
2822
1437
1992
2409
2904
1784
2022
608
3108
2062
683
1563
3197
987
3222
837
290
560
155
1447
699
3375
3045
2415
3379
832
2758
1838
2304
3174
2413
2688
1701
459
1458
50
3280
91
1132
2202
2117
176
2286
1630
3173
1239
1314
2654
1684
1055
1275
2057
1708
1627
1878
294
2650
1923
578
16
2191
879
56
3012
1365
583
9
2297
2422
2850
258
2328
2759
1556
1964
2747
337
998
2455
1116
2696
3382
2524
11
3193
2380
902
597
544
1136
2093
1595
942
775
1519
3171
1052
1047
864
994
1638
3205
1219
3182
55
424
1817
1102
1585
585
2798
3418
3344
2207
3440
2011
2813
1517
3340
2462
2379
208
3351
137
32
3445
1311
2020
2336
192
2977
943
3003
2381
498
3435
57
3306
2616
937
3353
656
1119
3267
2125
3223
2891
836
517
81
2968
1567
2045
82
278
2831
2835
3069
546
1577
1021
3101
863
828
2902
496
1266
1403
224
1944
1843
1253
1676
1243
1358
3079
2269
1025
644
1678
1308
1659
442
1777
3274
131
2532
797
2878
880
1162
1344
1129
2634
1644
8
2679
3467
3099
124
712
2780
1144
2880
2050
865
2750
2664
2369
2969
2899
1068
700
2771
1671
899
3014
2821
1594
2520
2398
259
1841
2760
1363
2084
3208
2536
274
3304
2651
1995
252
1196
88
3259
3253
2456
725
2172
65
1208
1176
936
2406
2633
2044
1724
1723
718
2631
702
1209
2412
1029
2429
1693
1186
2959
1554
493
571
1123
933
3109
580
3175
773
3366
673
3453
413
326
1018
1107
820
1191
1321
189
2402
2896
3093
3110
1503
989
737
1742
184
2461
3364
1454
1639
1760
2591
3289
425
3179
2907
3248
2181
2655
2678
904
945
147
2987
993
502
674
461
3247
35
2501
2522
1986
2843
3013
257
1939
1472
3120
2204
3343
1340
941
3220
2133
746
19
95
2241
1515
3219
39
1234
439
2457
3136
2147
707
2900
2517
2209
2235
1416
1227
2743
339
3296
3130
1398
2603
3162
3423
42
3054
724
3350
2556
2310
1190
458
3169
6
199
2628
1492
2861
1300
1864
1716
2365
1932
2007
3319
2411
1250
641
1214
2489
927
487
2110
2581
650
1822
3249
2371
690
2254
2173
1439
2105
1368
2003
2947
2621
2960
2956
556
2612
1223
2937
1770
2367
1333
586
79
1174
1871
508
2731
1605
2504
163
3241
104
1823
161
1608
2215
232
2168
851
145
1744
3400
1345
1101
2952
2376
3211
351
698
600
977
340
2265
185
893
2211
1315
816
3393
3145
177
1347
2645
2554
3089
1500
2911
1261
214
1236
402
1651
760
1409
264
2806
1532
136
323
2543
2066
2558
140
2482
1893
2642
180
3374
3370
1130
2361
627
2400
3009
2425
3137
1386
300
1602
164
1161
1277
2272
1975
25
1956
2268
2500
2768
2576
2632
2738
1872
2908
1829
1009
2844
455
1663
2392
150
1104
3284
579
3159
1679
2545
2790
3335
2216
1750
3107
1609
1462
914
3035
2930
1267
743
2279
2734
2491
201
2107
2849
980
765
1714
1793
1376
1616
1754
479
207
152
1603
1586
3235
377
2028
2841
3368
695
716
1881
2356
202
1673
577
1622
1906
1362
2343
1098
1418
328
1004
306
1396
883
2464
1346
356
174
1790
2385
2737
2122
2233
1450
1206
1831
885
472
371
563
3332
1072
905
609
3225
478
2403
134
1926
2238
117
3268
1916
1540
830
253
47
762
1327
1641
2404
2713
796
1302
2653
46
535
2270
1870
1337
2368
2288
1581
2526
988
2572
2126
613
409
1765
2720
2980
2888
1065
2183
834
2772
2344
2857
60
1115
2894
2681
3329
2092
2063
1564
919
1545
856
2055
1727
3297
1508
1212
503
1381
954
1889
165
1531
2668
826
551
2262
2100
1751
1246
666
2719
395
107
3309
2439
3096
3448
970
1390
547
2637
2985
2436
3152
704
3095
2623
2345
1769
418
3084
1090
1316
2476
1773
116
1599
3134
1215
1541
2702
2749
2723
1257
2086
2752
506
1732
1293
850
2015
2607
747
1350
3122
1891
2076
1736
236
1876
3112
1848
387
2945
2017
944
2618
513
2710
1928
543
2703
2796
453
1467
1037
2892
722
2838
361
1382
1432
2217
1262
1006
1974
2470
1489
2630
1180
908
2030
1562
661
2153
1571
1874
918
2146
2189
5
2537
2284
10
2123
367
2108
1475
126
72
2818
392
2382
990
1824
1292
3118
1981
3127
309
3459
534
179
2966
76
2539
841
1317
369
3210
2080
2054
3194
1904
1839
1549
1352
531
1966
329
520
752
685
3083
3262
2984
2407
1389
529
1105
2026
3442
2435
2401
2639
1399
549
726
614
1650
171
386
1637
68
2513
313
789
542
1654
2408
2222
1120
1931
2996
2886
1287
317
2341
3203
3154
2923
610
3068
2748
1468
801
2953
188
2351
154
2819
1930
1991
195
564
1217
1523
984
1994
1167
1476
745
166
1859
54
1625
3308
1106
2999
2277
798
1268
3191
198
441
2104
829
2646
3283
1828
1224
139
1922
1446
1089
713
2426
1042
408
1322
1159
1258
3465
73
283
2248
1646
1096
2660
2420
2534
2041
1805
2877
2206
125
37
2363
1593
995
978
3443
3081
938
2352
1869
2160
1374
341
3050
1771
888
1075
191
1897
406
3055
30
157
1971
237
3464
999
2636
920
1953
2118
135
1936
3363
120
1738
2812
959
779
2082
2582
1112
2928
3229
3153
651
3264
2192
3292
3124
3377
1691
1689
2669
2278
89
1296
617
3048
2089
705
2339
338
3176
3025
3395
1126
2267
1617
2018
1109
3148
437
1431
1020
416
1987
2770
1530
1274
1175
2936
1341
3172
151
1660
1746
2739
1309
2776
2103
265
1461
1320
1393
2197
1291
2185
2198
1825
538
2898
3294
573
1354
2549
2182
3372
2073
2391
524
2220
3010
156
3242
2659
1247
3421
2746
111
97
2447
1950
246
751
2355
304
815
3142
2559
2807
2128
2450
2870
1384
2227
966
3415
631
3314
1921
2373
1121
1326
2853
324
882
2486
872
3051
1188
105
795
3129
3056
2102
575
1058
2069
2037
2914
2019
2350
226
3322
811
1151
3339
1779
2629
1228
3228
2963
2333
733
2577
822
1230
1568
2785
655
3356
2442
648
1036
1756
3046
3074
1434
3425
697
2475
1168
500
1313
1297
1888
1877
2150
710
2068
813
527
1677
3320
3293
31
3447
1908
2438
592
3032
1118
221
1373
2366
3303
1961
1170
3147
2975
640
1255
1767
1359
3104
2979
2223
1245
2736
1249
946
2154
3330
75
2518
2687
366
2656
681
691
3198
1833
3399
1049
1497
3043
2077
2250
907
445
142
2594
2641
2906
2670
1204
1457
1688
930
1413
3392
501
1084
3006
2163
2291
2283
469
1192
2507
596
2976
3325
2074
235
3188
1968
890
1522
288
3338
1387
2872
2823
3463
1279
370
3030
130
2432
1265
2399
307
1610
3023
1197
2868
2218
689
2098
86
1938
2663
2573
2165
1615
132
2566
2326
1031
2788
1088
1001
3215
1685
197
3401
2889
2652
2866
1996
1060
1775
1706
2598
2795
200
33
64
1653
1648
3468
823
87
2179
2171
2988
3011
443
1578
2846
1860
2698
444
1026
376
2061
2666
1867
430
2580
3080
1028
1342
486
2787
2240
1794
3444
569
3086
723
2437
895
2820
2901
3321
415
594
3016
2791
499
1636
1273
2542
767
282
1588
3326
3164
1385
1589
1198
2876
3413
3221
852
181
665
350
123
245
2733
838
1153
1962
1288
2079
2863
38
738
491
412
1911
1984
2287
1542
1043
958
1438
1372
2948
449
2245
2232
2854
2480
187
3224
1022
173
497
974
3091
1141
2860
1039
1781
1428
144
2990
2156
2383
2136
1464
1124
1606
3121
1791
1861
3257
1210
2247
1670
570
3385
1108
2469
2830
3298
2754
2342
1758
1404
1633
1576
1496
3007
1486
1561
2495
3067
462
2431
3462
1319
1455
67
1579
2170
1999
684
3457
744
1103
2479
149
3342
1657
521
26
2547
1452
3020
255
541
2321
1318
2264
2774
912
870
1501
934
981
335
1484
2196
1954
2091
1787
3183
3103
2322
2951
961
719
1433
2327
1276
2531
2137
1699
1430
1177
814
552
1948
1883
1533
2994
2195
2701
1388
215
983
510
2808
3008
1741
44
1783
3039
3041
3349
1799
2615
604
799
2918
3307
720
1073
3276
2592
49
1977
3455
3133
2801
2370
2114
606
359
858
2466
2944
769
353
777
262
2610
2027
1940
285
2494
391
1163
1019
2614
896
2109
2718
939
2008
3036
3285
703
103
887
1866
1512
2606
1045
263
511
2588
218
1816
1667
1620
427
2729
1422
1482
1195
1356
1680
2134
843
3195
1690
591
1814
2722
375
1698
1014
267
844
1392
740
504
2237
1970
1555
2622
686
2454
2064
1804
1502
1218
2032
1899
1797
468
2828
275
2512
241
3404
2810
667
293
3282
1282
1998
2040
876
423
623
3461
3213
1361
2155
1285
301
1803
2802
3184
929
1951
1220
1183
2535
3430
2873
2282
1884
2036
2910
3286
3150
1786
1380
1927
1143
473
1509
1574
3061
2120
216
43
1145
480
967
3216
2658
1178
3088
2389
2769
2295
128
2467
3212
1788
190
1739
1278
675
3232
446
2809
3168
3369
979
2667
785
2832
2692
1990
688
1520
3245
2814
2252
2601
2188
2680
1408
2721
1407
3244
2869
250
1643
492
2372
421
1110
2919
223
877
728
657
2712
48
345
2434
3155
1394
336
1114
98
540
2783
1819
1067
2309
3347
1613
2789
182
2319
3355
1271
1235
3391
3446
2178
3380
588
2879
178
1598
2186
616
2033
385
1516
2540
1412
327
3403
3295
2714
2998
2595
2419
1631
784
1558
1842
2384
1743
2424
1053
1490
3163
1802
90
2472
2106
554
1511
3005
1306
806
2874
3466
909
2067
645
1415
1441
2141
1711
414
1477
926
2840
793
2214
2053
1156
3454
528
788
3334
2375
1892
1518
1632
2946
3062
3433
1312
2912
284
3157
2903
1505
1863
2463
1336
1002
2757
266
330
2724
1801
2088
3049
505
1946
1465
3226
2756
1666
857
1846
417
2949
2453
1664
1546
1972
2115
3387
1171
456
277
1222
1524
2256
3312
465
3021
3209
2585
2200
2162
2640
220
2627
1323
2048
2113
2043
2732
422
3373
1173
2506
770
1624
3070
1248
1683
701
2995
2306
794
2395
3143
548
2825
693
3060
2717
1989
400
2941
898
378
2347
1504
1733
485
810
3416
2690
2056
169
1553
2781
2458
847
696
362
669
70
2208
482
2561
2444
2452
786
1510
884
2541
2493
2348
2335
2273
292
875
512
2387
721
3233
1061
2533
1774
3177
1949
1850
3360
3402
2166
1071
2231
2410
2707
1737
2474
1487
2922
2177
1000
3275
1286
3066
2551
1551
141
3186
1719
992
53
1138
1032
756
2885
426
1707
2613
736
1202
1628
2111
2674
2589
1548
638
1858
559
2149
2829
1734
3033
2800
2792
2555
325
903
3027
2550
1959
1375
2705
3026
2753
1076
3449
985
873
1207
1967
2503
664
2619
2430
1451
2958
1768
924
343
1444
1064
715
1158
1480
3038
432
2926
2804
2443
2497
127
1526
3047
2827
2755
3156
1423
2927
607
652
438
1429
2243
1056
1479
2468
227
1700
2955
1017
186
2460
3258
1901
633
2661
159
1419
3287
204
344
2358
1284
133
802
2205
1717
866
2478
1012
94
2564
658
2735
1131
320
848
2386
2799
2046
4
2236
281
96
1835
1231
1978
2072
2544
2
2672
3029
2101
1910
1280
818
279
2316
2695
1139
1705
2485
599
2527
2887
2459
3076
2234
3144
352
3116
676
3170
2935
2263
1436
196
355
3346
1809
2338
2354
3098
587
1915
986
1747
2039
1898
2574
397
781
209
1943
2274
1225
41
3180
1229
2201
2014
3302
436
1263
742
632
2266
3412
2332
3323
3185
859
21
892
2318
3077
2081
2255
1495
143
2842
2924
315
1566
3217
1597
1572
2229
3132
1038
1339
819
2884
2499
670
1544
3106
1155
334
1925
659
1059
101
2176
1481
963
2895
1242
260
1655
2765
102
233
2763
20
2259
2257
2942
3085
2305
2418
194
593
1712
364
2244
678
2973
2675
298
1661
825
3378
1687
3097
2858
2920
634
628
901
2590
3001
3058
63
2716
464
763
1759
1527
1604
1330
2683
1887
621
955
2836
3
2519
3316
2405
99
3092
1543
2042
3384
1798
1046
69
3115
1692
1827
3354
3090
2773
3126
219
2087
1748
913
3214
3064
2897
1623
1601
602
3407
774
2071
654
2852
1066
162
2169
74
2744
1529
3022
1435
911
1332
92
1694
533
431
3250
2986
1963
1559
2010
3273
2620
3414
2508
1587
878
1855
3227
2604
3114
1179
1148
1122
172
3252
2246
3345
2260
1226
3331
861
1782
817
630
2034
2085
1013
1755
2505
302
1184
3376
771
3328
3141
1945
2440
1011
894
243
1607
2811
2538
741
488
846
1702
2059
3218
435
2715
146
1900
2038
2135
3123
2302
2704
3396
853
3333
1969
1865
2249
1686
663
2230
3017
231
1696
2511
1051
2786
1528
448
1460
3263
225
2775
3178
2682
3409
1149
3201
429
2471
624
518
1328
2993
495
1040
2954
29
2324
1821
2693
2931
3202
2793
1397
639
717
2657
964
3313
2228
1194
2428
891
1357
1745
229
709
1538
1240
1189
59
244
1905
804
1100
420
1536
1414
3428
1494
1254
2600
1406
1903
2964
1050
3397
78
332
310
1383
3269
3381
2570
539
3390
1761
348
1470
595
80
1525
1200
393
790
2725
1920
1303
897
2676
1483
809
649
1695
2817
303
440
910
923
1852
3336
17
1550
982
2090
2140
280
1369
1165
2815
3438
1762
677
1584
2414
1730
1840
3310
3240
2441
100
2921
2940
845
2865
2397
2096
1722
2253
271
2925
1873
567
947
305
2307
1074
3429
109
3246
1514
2510
1800
507
2782
2596
3301
2709
2157
824
1007
948
3243
2784
1378
1851
2006
3367
2158
3239
1157
523
2824
687
2390
2694
1856
2608
1343
772
1907
1933
1720
2005
52
2978
51
3337
3272
2529
354
2276
1370
953
2523
347
682
1626
2001
3419
2289
2578
1448
1251
611
1757
2498
1811
3417
1182
1272
1614
1081
3139
1885
2119
3406
114
2509
1740
3131
831
1575
1154
2727
1778
388
2625
1364
1813
2867
2393
3031
755
3002
399
3451
886
3288
635
3075
1473
2909
83
2261
2563
2131
1882
1582
410
2313
286
268
807
2487
620
922
672
175
1117
2184
3271
612
812
1868
1937
2293
1862
3181
1718
2492
1456
1983
3166
3411
203
2741
1334
2070
276
3398
2448
3260
2974
1152
646
1070
1815
1391
2151
1086
1135
629
2004
3028
2706
1764
3305
1731
2745
750
484
1665
1942
308
2568
1305
2565
411
2213
2094
1221
2777
515
3386
249
1890
1808
84
1360
3358
3231
860
3410
1780
1133
565
2360
1048
2451
1982
2553
519
2839
754
2203
956
3161
3266
3341
601
957
401
2691
2421
2626
2943
380
2129
1669
1485
1656
729
256
3052
1590
153
1902
272
494
2145
471
2751
2194
3192
3146
2312
2139
557
45
2271
1260
1082
1054
2961
2132
1789
780
373
3362
1269
2311
2060
1985
1134
3277
2569
374
3024
129
1185
12
1929
2766
694
2816
3237
2711
3236
603
2124
1844
1725
1941
2684
1083
2164
419
787
58
2340
2346
679
1474
1534
403
1093
168
381
581
368
1349
3087
2025
138
3004
210
3063
1166
2473
2219
3117
2638
842
1592
3348
3389
1834
545
213
1619
1681
3018
1077
2779
1909
1057
2357
2970
404
62
247
312
1493
2915
1560
3365
183
3371
239
167
1410
1772
647
2859
2374
869
319
287
1283
3291
1193
77
1008
2483
1442
481
3042
396
2334
2575
2212
2989
2647
3111
1395
3458
2330
118
2579
2329
1351
3044
1426
291
761
2890
590
2882
2144
1830
572
2477
2187
952
758
1895
566
2280
3420
3361
1411
1776
871
1726
3388
1440
390
1085
3230
561
463
2281
1137
1402
915
13
2314
2000
553
452
1371
2298
1912
3165
619
3113
940
2488
2525
1947
821
2515
3019
251
1957
1735
242
749
2677
2323
2199
2031
1919
1329
451
3279
680
2778
3278
248
605
2427
931
3422
121
1806
2097
2699
625
574
1728
2697
951
537
862
562
2560
331
3234
1366
921
2685
434
2617
2611
66
2848
2767
3151
1612
1367
2317
2967
2112
1355
2167
314
764
475
398
643
1960
3037
1187
1044
969
734
833
3207
2239
2740
1635
1205
3238
2847
2883
1445
1896
708
1537
3196
1785
1033
917
1812
3072
2583
1338
2210
2648
476
2700
3251
1160
2933
289
1181
1795
433
558
3460
3311
2065
1024
3318
2905
2029
3427
1491
582
483
509
2159
230
1749
2934
3432
2099
805
2433
1010
2021
342
212
261
1697
2950
2728
2764
3206
637
1488
906
2997
976
1244
295
522
1713
778
1573
2009
1645
2013
1958
3053
170
1845
1034
1934
1401
3128
193
916
460
960
536
739
2275
119
3290
1325
2932
706
1252
489
389
2127
3256
2644
2797
1471
618
2174
322
1849
2083
584
318
1535
1988
1169
93
881
1128
269
2251
1935
1150
925
2662
2938
1704
1836
3405
2490
2190
2075
1993
1216
2862
1290
808
474
3317
28
1499
490
1201
1506
3000
2051
1796
1565
3359
1078
1140
1453
615
2047
2377
358
1125
1818
2913
1304
1466
1203
1675
447
1857
1041
1094
766
2665
1766
568
222
727
2855
889
932
1917
2708
730
1425
1264
2308
360
1405
1080
3015
1005
3082
3105
1539
2224
3431
1111
2548
273
2325
1753
3255
1580
1979
1238
2557
1596
1952
800
874
2095
1027
3469
2982
3204
2364
622
1213
3441
3160
1918
2546
22
333
1703
3456
158
776
1377
653
735
3059
148
968
1826
2016
238
1281
2962
791
1113
2567
3094
407
2929
782
827
2845
1792
2116
3299
1353
3073
2502
206
1980
2593
316
1324
2991
1237
1521
1569
2971
550
1099
642
668
2416
2516
3065
2586
3357
1498
1294
2730
1164
2320
383
748
3394
2285
3281
757
61
40
3439
2002
1913
2481
7
2049
1880
1016
3327
598
1642
2939
24
1634
2521
965
2359
2300
113
3078
1259
671
2587
2353
1146
2296
2726
234
2058
36
2742
1507
2180
1875
3426
2992
457
1295
867
2972
2649
997
732
3189
477
211
1611
2349
2965
996
1618
2423
1973
928
1092
1417
372
2893
2161
1256
296
0
1547
2449
711
1421
1147
525
2917
2148
108
3140
2035
1976
662
1709
2142
3034
2552
1570
949
2686
1063
3199
2024
2012
1232
450
1810
2530
1710
935
1030
3300
532
1629
2193
405
1513
1853
311
112
1400
3190
