3105
2166
2827
2701
2985
3366
326
203
680
2494
2223
2318
541
1178
1253
535
2729
1760
2571
3360
1143
1767
964
899
127
2512
870
1125
2370
2850
2752
331
362
2257
1956
2408
2542
755
743
3460
2586
200
2139
630
851
2085
490
1617
1700
1535
1449
1273
3335
2791
2467
1127
443
786
3039
2160
108
3131
1499
3085
3032
2383
3397
1729
2915
1945
222
1425
2288
3114
2618
1487
2769
358
2709
2532
2177
67
249
2360
539
532
2923
2894
415
985
553
758
2626
3333
1336
2711
405
1844
2312
854
509
183
657
3359
3322
623
1266
759
3173
1165
2132
3318
1884
2983
1043
2897
2211
1231
1101
2846
2955
2818
2638
2556
2326
2887
2480
2194
659
465
771
1377
675
354
2835
1224
2183
304
1167
66
2144
2497
1897
433
2237
2960
3166
2372
307
554
2555
92
671
2009
610
753
1769
1324
2261
1115
3238
130
578
3176
2919
2505
2598
1340
1023
3202
1822
1375
1629
197
2767
3336
3191
2649
536
1768
1794
2863
2804
121
2323
2004
660
792
3237
1092
2799
1068
389
1356
913
313
1397
2250
1832
1775
188
502
1762
1342
1088
2695
1471
3155
2786
3400
2199
3273
182
81
1967
2241
1469
2764
1269
3450
1712
2826
1707
793
3132
1711
2963
1773
942
321
3144
2703
2670
3065
926
1748
3108
1594
2490
1360
1810
1725
1950
2524
54
1057
818
2011
23
214
1927
3117
1148
2787
715
135
1578
2710
419
825
700
2078
1217
830
948
1422
2852
2632
591
1257
2105
2609
512
566
905
2487
666
3158
1703
2751
2283
776
109
1744
1278
3212
2502
1849
508
1979
342
142
503
1310
451
2152
1385
1129
454
2023
741
2665
897
2481
1055
2362
2255
1016
730
3257
2993
2648
2543
3392
2079
617
863
2944
376
1601
97
2597
84
2065
2186
1943
2882
3464
3123
1947
2228
2962
1384
2170
3262
1453
1918
1740
98
1058
1173
1514
3339
3208
73
2687
2267
195
892
3211
1245
1427
2376
2407
2232
116
2531
2671
692
796
2234
1013
2822
1381
1920
2812
2534
1702
3248
236
3230
2041
737
705
3321
290
2438
711
1311
2798
1046
2080
386
2007
1984
2403
634
1102
3310
2907
1763
2367
581
2317
2196
1283
1885
1337
1024
1866
1863
927
2043
2661
2280
497
2308
2817
1717
2073
3048
122
1219
2930
496
1322
3338
1989
955
3345
3272
932
2913
2511
1308
3304
435
263
2582
1698
1609
3189
1069
2675
2954
3468
1808
2876
2836
2000
1983
1771
618
1911
46
1996
1879
3219
2855
1582
2400
2366
947
2140
2315
716
3377
184
1435
2613
1648
784
3307
1701
1532
2104
2679
114
484
1733
2778
2167
47
2221
373
624
1117
2124
560
2016
1539
3025
757
1420
585
3430
2491
1106
403
2560
2458
3156
2128
1138
564
599
808
3080
1602
1986
2286
2691
3469
485
1183
1458
720
430
3066
3116
831
903
3354
311
1543
895
812
2157
1855
428
1463
2676
3217
2155
2435
696
2476
2463
1182
3162
244
3239
2508
916
646
2430
3122
839
3323
2464
3152
824
747
1577
2903
3384
2566
2972
153
1498
951
3388
2564
1677
2018
643
2935
2689
3055
1503
1371
380
803
1002
2357
1915
2858
569
3096
672
1660
3103
74
3012
1752
2446
2242
338
2289
1085
1706
202
1288
2503
1569
1824
1223
2869
1925
1409
225
1864
1873
229
1303
963
2530
2610
1809
3107
2982
1685
139
2332
1826
2304
175
2925
417
2994
3216
922
930
446
75
748
3134
450
1710
1587
3223
2587
998
504
1374
2802
2133
1758
2864
1492
1447
866
1969
3261
3220
2714
482
17
1474
3245
1339
3395
1135
983
38
1430
1239
3102
351
602
860
2212
1785
3072
3231
223
740
2231
3042
87
794
2353
635
1317
513
15
1150
2096
2984
3081
1414
36
2928
980
3097
1891
3197
1464
992
1636
1330
413
1171
52
2520
2875
1746
645
2333
138
966
817
2704
2663
3
2607
1965
600
2535
1567
2838
3311
592
94
3325
406
1466
1924
2922
1668
3394
679
105
2563
3159
1390
1370
3045
220
1389
1192
1922
1289
2176
1355
1958
3348
557
3298
452
2247
1928
1051
2706
2117
3250
2970
3050
1954
1517
2779
2635
1236
607
2364
2693
2652
2306
3254
3399
668
3178
1327
1110
429
631
3031
2614
2147
1164
2901
160
1486
457
556
1764
3422
1067
1080
2412
1533
2975
2122
2756
1306
235
2398
3419
2030
2095
217
1935
461
3110
1325
2272
2553
2870
3456
1545
1713
477
1137
372
2338
1592
1821
1818
3313
3128
2537
3227
3373
2929
785
2274
2441
2477
166
3028
402
2588
78
466
685
1147
2262
642
2969
1777
2986
1250
3280
2910
1402
2295
2737
1992
3175
1315
2386
2088
2519
2281
2039
836
11
751
907
1641
898
1429
1213
388
1005
476
2839
2949
3256
1593
3188
1316
2849
548
1059
2227
2576
876
133
1483
192
1643
2657
324
1835
2796
1673
3432
1264
1544
809
2180
627
1893
3008
3277
774
993
1021
473
3390
2624
1877
374
1431
917
2222
28
3011
1155
1526
258
2721
3101
1823
1859
622
1442
3033
1551
3062
3380
3368
3379
1364
2533
3387
2920
280
1206
2733
1538
1672
2743
1523
2961
3453
2745
2821
2134
2742
1227
3447
181
710
1302
1817
287
2165
734
979
764
387
1874
1919
573
359
2604
2623
3209
2347
2127
1560
3100
474
470
2145
867
3185
3018
1522
173
3385
999
565
1228
2381
2688
994
86
128
303
893
1614
3406
3074
1807
141
3369
1209
3200
520
1481
756
952
1
427
2862
2213
639
110
1791
3302
1086
3071
647
807
1299
879
601
1434
1638
799
369
2305
709
3331
995
2300
30
780
51
2204
1534
113
1004
82
2832
2789
2570
3205
2974
398
2111
1913
390
1564
12
2091
3242
1179
1646
3035
3279
2058
3317
1836
106
1999
2904
353
633
2877
789
953
1294
3402
2942
219
3088
628
3352
1218
550
2708
2335
3233
1575
670
2374
381
2405
561
3067
669
2937
625
775
2382
2421
2968
3026
45
3434
2896
2884
2861
418
1196
3309
1054
1229
1153
391
2451
1259
3024
2149
1382
479
1542
2131
3224
1961
2135
1271
2126
537
726
788
1627
1455
770
190
949
3120
3426
894
1561
2809
1083
147
1263
6
3258
2501
323
1815
1405
1546
2552
2453
811
1362
2345
1520
991
1843
3164
2201
1331
3235
3326
293
444
2113
2807
3010
1194
132
3315
2768
2771
1804
2074
928
3260
1035
2562
3003
1091
1982
1741
2634
2723
408
3383
1735
1201
588
330
3083
1184
2674
1548
961
1757
739
3255
2060
3401
49
882
1084
2814
2171
1096
1462
2185
1174
540
332
1234
2483
603
1418
2083
2343
3290
3312
1655
1787
2437
2622
701
1772
837
150
1393
2813
621
1293
3229
50
2048
655
345
410
2465
1407
1933
2575
2762
1156
1910
2755
1226
2823
1730
1572
3194
1644
563
3139
1658
795
1666
2500
2952
1014
2482
1417
3362
1878
448
3113
1977
289
1699
3119
102
1221
3145
2590
1616
2440
1682
1881
1044
2187
1547
742
144
1652
1366
1530
2012
421
2583
1467
1070
1116
613
252
1842
2853
3372
3452
1107
459
1631
53
3153
2825
199
614
48
958
1786
544
1344
1105
2800
3296
1837
1872
1328
61
822
1286
472
1558
900
1606
447
862
1559
912
2773
1959
640
255
1680
2946
1894
1351
1488
1313
521
713
3148
149
1527
2108
1276
1955
2844
2047
1939
2093
1335
2337
2643
2880
1074
506
996
2045
874
2653
847
1479
1120
2650
230
3448
1743
1779
33
3357
1951
346
2510
2244
1394
3263
1801
787
2702
2321
583
3370
1495
1404
341
989
1964
2248
2015
505
2541
1714
570
2792
3077
2354
498
1416
382
226
2893
1505
2644
1737
615
1326
2641
971
2097
177
1195
1061
1152
286
3182
2518
954
689
134
2384
2387
2965
3421
2252
2229
1574
3092
1553
1111
2866
2766
3160
2628
1361
1962
2690
2475
3177
1177
3005
3147
2902
1042
1350
3378
2995
251
1126
1162
3027
921
1307
2401
956
1321
2636
2327
3386
399
2776
619
277
990
1838
697
1358
2146
3294
2188
2273
312
1637
2842
1406
1401
264
2056
2574
2377
58
10
34
826
2161
2707
552
1936
762
1103
828
2378
3044
1180
77
889
2419
3438
1066
347
2872
3467
1720
3000
2455
361
2404
3327
798
3457
25
597
20
1903
3441
1993
2747
3051
2506
2536
1796
394
2495
2615
1612
1781
1277
3070
2945
1651
684
974
1186
420
935
159
1765
196
534
1662
1608
1626
1031
2050
3121
718
2592
3405
248
2263
1309
3064
2151
1932
891
1632
2746
2934
1386
690
1032
1249
2806
2208
2856
1507
2677
887
438
1312
2900
1267
877
4
1921
240
973
2418
575
2578
1687
72
857
2457
1028
2557
1144
1976
3037
2214
1892
2805
256
687
3133
2158
3295
2017
2959
3353
1995
1931
981
567
2630
1034
148
2749
814
2450
455
262
2420
648
31
1244
3454
261
2264
2431
179
717
1556
2013
2611
3137
1901
1411
2558
2040
3022
523
3043
2808
632
3225
2233
2525
568
721
3193
1690
708
9
719
1868
3274
2777
1136
1968
2342
1099
2143
2293
2055
2620
1181
1207
2523
3213
2090
522
270
929
1169
3015
1133
1790
2927
2660
1372
1237
59
801
1974
396
1353
1978
2608
1118
2655
2631
3320
698
1187
574
2445
469
500
129
1412
2077
3021
1840
1622
1292
137
2549
2989
1678
2341
1686
2311
1349
2049
356
906
3340
797
2059
1490
2629
598
1301
3301
827
2251
2355
2388
3253
527
2365
1803
1634
491
707
375
55
2330
3316
2509
478
2068
1132
596
234
802
3232
547
2336
959
2938
1158
400
1073
2454
2402
2192
228
2646
2886
606
833
915
489
2559
1839
1251
2577
3285
170
1831
2393
2596
2516
2992
2268
3361
3404
835
1500
112
2997
1697
3004
237
276
3414
285
3449
1082
2639
63
3060
1254
1833
558
2331
2987
2427
3017
725
3247
2860
3161
1708
2637
299
2664
282
1261
57
2824
819
2908
1367
1274
2235
107
1562
1238
247
3104
593
967
79
2115
1139
1739
978
2585
2801
93
3069
1521
3244
939
1030
616
982
2142
3171
2991
3347
2841
1597
3054
2783
2190
587
2719
2099
1899
2340
2119
325
2230
3297
1917
2008
1280
1050
3389
1802
3163
2391
864
62
2895
3416
2350
865
3308
2100
3240
294
3057
1146
3089
2063
185
1793
1202
1379
934
1033
3350
3111
763
1203
2837
123
1883
3073
2243
43
1439
1528
516
972
90
501
95
2462
1970
2449
1459
914
96
2207
2865
1141
529
1456
1525
3091
1684
2084
2322
2522
3288
2673
749
1923
2424
384
2936
1027
1694
1819
2685
266
2375
1728
1693
3427
2173
1620
1154
1026
2967
1900
1679
1392
941
3009
1603
1038
1937
1705
1623
549
1242
2067
1867
1555
151
2918
1241
761
328
1124
2181
2698
1052
1568
1759
890
242
604
2270
64
2906
3006
2781
1960
1472
164
1761
1285
3431
3424
875
243
1750
2038
1378
1519
1990
1240
2178
1904
288
1607
938
1716
1640
1477
1295
1363
2195
3090
1912
3363
3058
2857
268
2202
2239
1489
297
1040
1615
442
2658
778
3187
2329
300
1851
2394
3396
2750
24
2373
511
1800
1062
3199
555
499
2668
2795
2659
2810
834
2313
3287
3142
2307
3328
2958
2413
3358
2540
2279
360
207
426
2271
923
254
2740
1041
1365
3420
3282
2072
308
2002
957
3151
1142
580
2415
2843
1089
2741
2579
2070
2325
1557
363
1347
2061
2339
2029
3346
2101
1805
320
2774
1359
984
1654
962
2168
2914
3079
2054
378
3382
1346
1149
2422
2699
1692
1494
3446
946
3266
2834
3046
198
155
572
1926
661
2593
767
1991
2439
727
259
1988
3129
2197
2164
589
352
850
2820
2603
2310
2705
2191
943
2612
111
156
722
339
2379
2005
1008
1255
1985
2334
2730
712
335
3204
2486
650
3276
1774
2294
171
2545
1732
1858
858
1585
2479
368
2683
1357
2924
176
2399
1376
1667
1079
881
1749
493
2684
3459
2052
3268
3118
1973
1861
186
2947
2053
609
1944
2484
2867
1647
1645
2137
2496
1642
2911
257
1185
1121
1649
284
2172
1208
119
2819
2121
1045
2346
2594
2605
2169
620
3466
2794
3341
823
1060
665
2883
2396
2184
531
1318
1485
1663
27
2240
2103
2062
1388
21
2064
2521
2595
3428
3075
1889
60
1610
3019
1683
1942
2979
1811
145
2656
2828
1465
2759
2136
14
1792
1776
654
2428
3214
2845
1168
3234
379
401
937
3029
1036
2977
2732
1980
315
233
1297
1451
2219
1845
3374
779
1163
2385
1812
1047
206
1369
2316
3403
1709
1279
677
1829
2758
699
1516
2830
841
2414
393
1813
800
2682
878
1579
1159
319
3409
2130
1300
2998
910
2066
3181
1639
180
1789
2110
2527
1782
409
298
1072
1630
1006
3007
1130
2538
2217
350
483
126
1443
693
1000
2371
651
2551
3215
174
2715
3068
2980
1747
231
3393
2125
3429
901
2031
2599
2474
1573
2442
2890
5
2215
3293
462
582
3252
2032
3329
3284
2956
2175
526
2654
760
2694
752
246
2024
2888
39
103
856
3249
416
571
1145
3433
100
2395
494
724
2988
2642
1438
327
533
2390
464
2051
2022
869
3398
3337
810
2
714
918
83
1691
16
2498
205
745
2470
2803
1661
480
3300
3002
765
1869
495
1071
2044
1506
1230
283
3443
437
1252
1727
3190
1518
1189
1246
1018
2606
1262
3437
1003
653
664
68
656
886
2034
1248
2278
3141
3168
1446
2617
178
1508
1598
806
3324
1387
538
2868
2359
1220
3305
1948
3047
2686
3040
2001
1605
2489
2811
2037
1524
162
880
3228
933
2669
965
3095
3098
1114
366
1100
861
2380
2224
440
309
3061
2429
80
514
2163
2356
1726
1323
2848
3001
29
2713
2154
1320
1975
3226
2939
3411
3365
1971
3201
2780
3243
367
1053
611
1718
2466
1247
909
629
1906
2681
99
101
1428
2200
2550
3038
1334
925
736
215
3126
468
678
3413
2324
161
2899
1076
165
2716
750
691
1491
968
2488
931
2118
1380
2344
1736
3130
140
2086
432
2754
1011
1480
703
1197
3410
766
26
1482
2950
1724
791
1017
1806
1907
2277
1827
316
1865
227
1408
1628
2621
1588
1828
2028
944
1343
1509
65
2444
2917
2748
2298
1090
3275
1022
2999
2941
85
1166
445
3270
310
2584
1395
344
1600
1788
191
2667
71
1413
1216
1437
2258
608
3265
649
3170
1063
1081
1754
1664
2478
1396
2006
2492
3140
2662
3013
1305
2953
157
1190
2265
1957
1589
3286
2269
2129
2352
1272
348
1341
1354
2859
997
1504
1576
2027
1848
2712
1753
2933
1457
1134
1232
1857
848
1452
2784
2528
3451
1281
2731
2123
70
2314
2548
2672
3109
2797
2790
1233
2775
2153
2554
1193
772
2517
1170
546
595
3099
2205
732
1205
2156
3281
3222
2468
586
2569
2680
2879
167
19
790
2640
605
2957
104
1972
1841
3299
414
1798
3423
1570
1160
2692
1176
3030
1423
2727
1199
2602
291
3349
2303
2071
3084
1098
2568
3391
3236
853
41
832
1391
3271
2871
3442
475
2940
2493
1583
859
2266
1816
2651
2734
940
267
885
1888
221
3106
245
1595
2107
2256
383
1586
1319
3465
460
1669
1513
987
2916
816
3375
2951
1854
238
744
2245
1212
146
2075
3344
2728
1876
3082
2003
487
2220
3150
2150
3138
274
2276
1537
1550
2260
371
397
1695
1123
1368
2035
1352
120
924
2739
3056
559
2515
458
2434
1284
1723
2601
768
820
2526
2226
318
773
1731
1830
1599
1419
1188
1497
683
3291
2328
3192
1624
1902
1581
3041
1847
296
1549
1282
969
3364
2285
1625
673
1065
1304
2840
1875
1484
3184
3115
1444
201
2010
3435
1415
1001
507
1529
3154
2905
1783
2210
1025
843
1650
2092
845
2529
1461
805
636
1886
2647
1501
3342
2138
471
154
1890
2507
317
1797
1856
2033
3440
1235
1436
911
2433
1949
2120
1448
69
3087
449
1113
2831
735
682
210
986
2319
2198
2625
1275
840
728
976
2973
1191
2816
143
3149
1852
849
686
2369
3180
637
3052
2456
1007
2042
35
873
3458
2772
1998
2282
1290
2057
1941
1510
1075
1460
871
436
3165
950
322
2589
172
1621
2567
681
2943
488
2301
3407
273
2981
2447
638
1656
1784
754
644
1296
2309
260
3306
425
577
2436
2580
1653
3174
1009
2109
88
1512
3086
1799
1591
2216
1441
3076
594
3264
1204
2697
2461
1112
411
1571
970
1131
1338
1445
2361
1721
168
2225
1565
2700
919
904
2416
3016
213
1314
355
3445
1502
3314
13
2203
2619
1128
1332
2246
1814
1049
2106
2581
1552
2159
2932
960
3014
2019
212
89
2978
1674
2238
117
1440
2678
2885
783
2788
2076
977
336
1850
821
1909
271
1151
2744
1172
1119
1399
56
1540
194
456
314
2426
224
3241
1064
2627
152
37
3251
2087
612
169
305
3381
1563
193
423
1157
1383
292
626
1722
1618
1010
1914
1853
2971
3023
3195
896
838
1887
1198
1077
2297
3206
2358
1953
1215
22
3125
3186
2094
2348
1611
1930
3436
395
1929
1175
40
2724
337
579
2909
2287
902
528
492
281
1122
1048
2116
1200
1243
1566
441
704
688
1795
1329
467
253
2948
652
2284
3351
2472
815
1689
2292
2417
1688
3356
2148
1905
1554
1981
2409
1635
1880
3036
1619
431
218
2889
667
2411
1511
1946
370
2036
2102
1403
2666
2218
1400
115
76
2770
988
1860
2349
2081
1580
1348
2513
377
1258
729
3203
1421
3167
3221
530
1696
2547
3371
3053
2785
782
2633
204
3376
1078
804
2069
1755
3094
3136
279
543
1916
3439
829
641
3292
2514
407
1433
524
1590
2299
1094
3146
2990
868
562
1751
1287
340
295
1963
1108
2020
2931
2460
3172
676
3412
2565
777
2259
1210
1214
2423
2179
781
1270
731
2725
1493
1770
329
1426
364
3463
3355
2499
422
1476
3283
3049
91
1496
3124
2471
275
2397
1834
1104
1671
272
2046
2546
2753
3179
1345
3196
0
1871
723
385
1895
1938
2254
3218
2847
412
2459
2539
1742
2572
2600
1870
334
1056
842
1997
1596
1515
2881
333
239
3334
1704
1882
2976
515
945
1410
1478
2082
18
769
32
3059
158
2236
3157
2561
453
2114
662
1675
1896
2829
1670
2544
2290
1037
357
187
883
674
1966
2573
2815
1657
695
1862
3417
2738
2275
2720
2892
1738
44
663
1225
3332
3207
1468
1633
518
1015
551
1260
1097
517
1140
3461
42
2964
2793
2469
1161
439
2206
2410
2443
1291
2717
519
3462
1780
3246
2504
584
702
2473
746
3020
124
241
3444
884
2757
2189
3034
302
1659
2782
1450
343
481
936
1536
1470
1778
975
1766
1432
278
2765
1745
3183
1719
2645
2432
3267
2851
1825
3143
265
658
2296
125
846
1020
2193
2921
189
1333
3289
2392
3259
1541
2368
525
2736
136
2878
2174
1211
1715
2926
1681
1298
2162
3330
3303
542
2735
2141
1952
3112
2722
2291
1039
2249
1109
211
1994
2448
2485
510
1029
2912
7
1012
1093
3455
2253
2898
1398
2302
306
2182
3078
1095
2726
2763
852
209
163
2026
2452
2351
8
1934
2389
118
1987
2014
1475
2718
2025
1473
3415
1756
855
3169
3269
3343
2891
1373
3127
1613
1676
3425
3319
1454
3093
1846
813
590
2320
232
2089
1604
1584
1734
545
576
2966
404
2406
463
844
738
733
1222
3408
486
3418
131
250
2616
349
2761
392
3278
2112
706
1940
1087
920
434
1424
3198
1019
1820
1908
301
2591
888
3135
2696
3367
2873
3063
216
3210
2363
1531
1268
2209
908
1256
2098
1265
1665
872
208
1898
694
2874
2996
2760
269
2425
2021
2833
2854
424
365
