1681
234
1806
1108
1614
2711
2845
1821
3393
3072
3157
3135
162
651
2652
898
1089
1809
2862
2857
3169
2616
2718
3260
2178
903
2499
2636
3194
2999
3435
2299
3381
2379
2757
2008
1211
3293
2227
2108
1860
622
2312
2408
522
584
2266
2277
2985
1518
3227
1575
1529
1543
2231
2444
121
354
2557
2690
489
3429
1259
1018
1024
1607
2130
666
2778
3355
1744
219
1736
2614
1166
1192
518
3180
439
2939
3371
2048
2039
3013
1179
2153
1586
299
28
412
1408
1525
2972
3391
3093
3266
3027
1542
3399
2747
3133
1728
1649
2974
2635
1929
513
110
1263
2111
2979
3028
2983
62
3334
164
2195
5
3113
1144
876
1815
2087
2761
1504
3374
1071
1509
3026
2710
3376
271
3012
3204
770
402
945
184
2148
2337
532
1922
512
676
1206
1487
1875
3243
3325
1120
2374
626
1475
1855
2702
1485
125
1392
939
1789
2301
896
3062
1920
2902
2306
1006
3425
1225
1468
1457
2127
1374
2803
668
1240
1447
1001
2246
1651
1861
1729
468
980
276
1455
3001
782
1424
435
2792
576
24
1432
2229
601
3197
2189
3193
203
2166
2110
115
199
1969
1328
456
2726
2028
2553
3449
3079
918
1977
3076
2754
2259
2952
885
821
1165
874
1335
2186
1976
240
634
1232
519
1143
997
279
1273
1036
2946
1755
2397
1906
2305
1442
2900
1003
2773
1171
961
461
315
36
193
1380
471
2235
1125
507
2443
2388
1382
2333
2540
1612
18
2018
1323
3431
2940
606
3091
895
1162
300
2295
1113
805
399
335
1234
618
612
1571
907
2567
2508
2176
2863
840
2791
2137
480
1608
430
216
3155
3455
3107
3200
160
2182
3359
3099
168
847
2997
1838
3445
1366
2596
1538
2841
2944
1375
288
3394
1088
3463
1896
365
3177
3211
1285
2441
2144
1055
326
3414
2956
444
2681
73
956
515
1184
2572
658
3112
2888
1739
2403
2041
1968
283
84
3246
1510
704
2429
2105
360
1500
2118
1551
1534
3064
2487
2684
1820
1484
873
2522
2706
1943
2222
1348
933
752
912
1177
3413
2042
3337
3145
3070
1944
1999
496
2401
610
2819
2633
192
2077
854
3015
3462
2292
3367
1117
1312
2660
3267
1819
2899
2511
2947
195
2595
785
2889
3011
2071
2970
2356
772
577
1644
2626
1266
3226
2328
479
1028
3349
3388
3060
297
2174
455
848
3083
529
72
1841
1491
2877
1908
743
3041
2959
3323
1138
3230
1155
1047
353
117
2538
1008
1133
2835
2258
3253
462
540
2007
594
1290
1499
1103
1057
1219
424
2380
2440
2096
3258
1627
757
243
1948
2801
3127
3025
2264
2661
274
1688
2797
3273
61
836
66
2552
2004
114
475
20
1913
1526
1802
660
2304
1391
2613
2512
817
2076
2890
839
775
2084
2861
1692
871
2268
3090
1440
154
926
1101
1626
202
1830
1840
314
596
2914
592
369
2622
2291
3247
3233
367
2603
68
2746
1294
1363
1207
2396
2219
3305
1996
889
572
767
1180
550
1106
3451
1395
2683
1843
713
93
758
865
2971
3095
13
239
3021
2992
536
2002
222
1163
562
118
800
3410
256
3417
1449
2938
1062
1075
1319
2859
3117
266
3236
3071
53
2180
8
2243
2086
3263
2520
1584
812
1795
1414
316
829
3441
765
322
1489
595
2413
1030
1811
715
2274
1869
1386
2743
173
1937
756
2602
915
396
2623
741
2669
633
403
1657
1147
882
2045
1914
2910
1727
1738
3275
3018
427
2769
1124
1070
2308
3106
580
2878
2164
1910
292
564
1198
1433
3452
3448
2685
2625
905
189
1847
1978
719
2696
96
875
2960
3103
1808
2205
1935
1132
2187
972
563
1873
913
2490
2915
1749
1864
47
1116
2981
186
2116
2474
652
638
1060
1428
2428
1866
3089
371
2006
2597
2296
2500
2609
1394
2369
506
687
710
3050
2029
2868
691
1061
2506
846
2858
1522
339
809
35
2817
2038
1771
1035
733
1324
1396
2789
1982
2990
9
1967
2531
3150
460
2748
144
122
2449
3168
3321
878
1110
136
1609
3049
2460
2505
2082
639
1558
2713
2326
3009
349
1639
3052
254
2555
2755
258
732
1810
1321
3300
3362
401
434
1421
165
3427
3460
2768
1332
2115
2419
982
1562
146
1486
2014
2262
1300
1652
15
2712
3118
2032
3237
1275
2104
1241
2368
3161
3224
2072
1564
1365
1514
394
1292
213
1822
514
1304
3143
764
1122
2211
2591
1305
101
3285
2158
2523
2533
1077
1753
1989
208
1964
3447
2727
102
852
233
2886
1635
802
3056
2704
268
190
2943
3343
464
197
951
3120
2821
436
524
2054
1737
1539
250
481
1189
2136
3411
2720
446
989
1699
621
3149
837
988
1961
936
2097
1648
2507
2969
2901
1170
2238
1359
1046
1025
3332
1583
2237
2240
167
492
1915
32
2435
919
1788
176
2051
2953
493
59
1527
927
1298
2697
263
1616
629
1496
894
483
3188
1338
789
2984
3336
1733
2065
241
3344
2728
2454
2909
2808
2593
2329
2745
548
109
351
2152
832
1283
2361
1255
2210
2392
3130
706
1766
857
1718
3116
2314
3087
1546
116
417
1224
2937
2177
603
90
2208
2425
1903
319
3341
2556
1463
1452
86
1451
2615
1945
1544
1940
245
1
311
2345
2856
2125
2923
2639
1072
677
463
1715
2275
2320
88
210
2382
588
2270
1356
1227
1663
2000
616
3044
619
2140
774
1576
2624
1092
2124
2437
2378
1532
2404
1556
2206
2592
3213
1705
862
1894
1406
1469
768
778
1127
341
2255
2204
385
2642
3257
779
2469
692
2107
1346
172
3461
194
3030
1988
2826
2637
148
2263
3346
3274
259
2068
1176
1917
313
2565
825
1249
143
2838
476
2093
2233
731
2860
2138
1037
1621
285
1152
1664
1164
488
924
712
2719
2348
820
1832
2991
2926
766
2776
1429
2688
647
3051
204
716
2699
880
2954
642
590
702
3054
944
804
2372
3129
2916
1460
3063
2885
2574
1818
3066
3081
3234
3295
1208
359
1239
3269
1603
725
1200
2046
1048
2695
965
3164
3031
3111
3440
753
2276
1102
2585
1849
1632
2740
3420
560
340
2741
1445
1435
887
3241
1299
291
2855
3123
3383
3303
2254
1196
2665
703
1891
2022
3040
361
990
1073
872
57
1936
2513
2141
1087
408
2869
159
670
1236
470
2703
448
2730
1076
1670
1859
575
1242
2895
3404
477
3222
2582
85
1785
3312
1746
864
1767
2646
2160
672
2872
2464
1646
1306
2473
1858
201
1541
711
2932
2406
2395
1012
909
1711
3279
1209
2325
662
3229
298
2526
1680
42
1725
1548
252
2023
3167
673
472
1262
3166
1343
1953
37
3043
2581
3187
683
1026
3153
3185
2558
902
3270
3284
816
1696
1419
2799
1598
409
1340
1301
3248
2172
1470
798
2735
2074
3244
1572
2734
1812
198
2457
663
1560
2165
69
1987
97
1995
1605
3363
2736
2462
1174
1897
3331
760
373
1083
2679
3092
554
747
3045
366
2367
1834
2852
180
792
3328
3370
1353
46
2432
253
3390
390
1647
2114
247
740
1790
147
2213
641
3170
2466
380
497
3306
1488
3405
649
1689
3080
2099
981
217
2056
161
2078
3297
29
844
336
793
1014
1415
714
2687
2194
2569
2771
2167
2495
734
1862
1531
281
2767
423
1628
261
2676
1745
1274
617
771
2128
1031
378
3353
828
3003
1216
2471
2455
3201
1710
486
158
2101
2640
2936
2198
302
249
1912
558
984
3216
2786
1286
1317
2339
2903
3289
337
12
1776
1774
2420
473
3360
138
749
1709
1130
2386
2814
91
1361
3147
2883
1523
1682
1441
1685
2202
2610
2475
2504
819
574
2874
2181
2003
502
1397
1467
646
737
2647
2285
3048
2964
2247
2605
1402
1974
2322
2103
826
914
3199
2587
2825
1884
2221
400
1172
1669
83
1493
1881
221
209
1882
1084
755
777
2882
1752
1854
899
2358
1963
3
2316
14
845
583
2357
51
1634
1957
1388
2083
149
2842
1027
1086
2060
1118
2530
2293
3385
123
2918
289
2278
2693
1418
986
404
3282
1698
2898
1462
598
305
155
1194
949
2364
573
545
410
1918
1693
133
331
3086
257
2359
1258
2632
1045
1909
1591
406
978
1336
2678
631
469
807
3131
1272
2864
1233
1215
921
535
1350
923
2453
1393
2400
1405
2394
3318
2907
1951
2057
1188
3005
1150
50
1814
1735
2319
1990
699
2662
2298
1655
1593
6
413
3249
3207
3006
2733
220
3182
958
310
3415
2169
30
2197
1511
2794
546
1052
78
3375
2272
966
2244
2120
150
1803
2659
2766
2472
457
3238
2525
2973
538
3184
103
3171
3024
1310
2517
1507
1268
1329
2201
2280
1438
1756
1754
1453
2300
2175
169
1466
2058
1659
3038
2476
3162
1777
2657
225
2236
2630
153
2561
640
2675
383
2682
321
955
2232
11
3380
742
2666
3286
1367
411
3057
134
3469
569
2044
130
1764
2250
1889
727
1289
2850
957
1167
1434
2839
717
591
861
2012
2145
1302
1640
1601
1565
773
2092
769
2183
3327
1890
1444
1181
2112
99
280
2993
2212
614
2705
2363
892
801
2929
2725
1368
214
1553
784
3165
979
1370
22
2098
1835
1253
2724
582
934
2913
1311
52
2958
544
1021
1949
2351
418
2218
398
2193
1270
570
2892
3316
2452
2479
721
2579
870
3416
1794
236
2988
1413
2805
1636
1019
2501
1265
1833
478
625
850
2998
797
218
762
1905
124
831
1229
264
2708
3319
2967
1986
2867
2865
1549
2179
82
1000
1800
1320
405
2090
2423
2163
1829
1401
70
3190
450
1360
1888
2241
695
748
1857
2307
2448
3163
2344
700
2942
2399
1768
3365
3046
2230
1723
2641
2468
2781
1836
3189
1713
611
1009
2216
2560
1231
1315
2173
3250
2670
976
1613
1750
2514
260
2879
505
1085
442
2751
1456
2073
185
135
2013
2497
2327
510
1381
1411
2489
3101
3225
1244
1064
2782
2385
3020
3402
187
2986
2203
3430
2995
2559
3348
2911
795
1898
3010
58
2691
602
2809
79
3082
1022
2050
2450
1588
1751
1778
3333
1620
2446
3139
2251
3368
2080
2546
851
2583
786
1202
1159
284
2129
587
1666
3245
2848
810
2815
465
3202
3446
1700
1606
1878
1252
1049
2162
553
19
680
1430
2297
1971
3272
2658
426
1950
1592
1960
1097
3242
2287
2884
1044
983
1314
657
2354
897
2617
787
3433
3361
2303
1868
3401
2390
2492
1197
1503
3352
1582
1703
1567
3067
1339
964
509
1887
654
1667
2427
2340
2933
1900
2731
599
2714
45
1570
2550
3146
3159
879
106
567
1308
1280
3329
2965
3419
525
1552
1557
2494
356
60
2927
2950
17
3291
2700
1403
1513
119
2493
307
318
1297
1218
1824
2393
2412
1157
824
126
3151
3065
275
998
1775
1786
818
2509
2516
1248
759
2912
645
414
1352
3036
238
1490
2302
355
1316
967
709
2031
3400
33
2226
2649
352
1902
694
1099
1107
3450
1050
1962
1261
3109
1373
2200
1020
3373
3104
2570
722
2963
466
930
1431
2360
429
1530
2445
1677
3077
1528
2257
3232
2033
265
295
1779
443
2780
1104
579
969
539
2225
1991
1617
2619
1580
1235
2502
2847
3218
2434
2332
2458
2422
2062
3378
571
80
3281
1505
205
2853
1221
2442
1585
230
1521
1610
620
1079
1004
2837
974
1631
2921
458
1930
987
867
2055
2026
2689
2949
2692
1574
2064
746
142
3301
3029
2620
1867
2777
2851
2486
2465
3256
3019
391
323
679
3042
2590
922
1927
3094
2192
2239
2294
1187
104
3345
2807
81
1629
1067
1293
1098
3421
735
3059
2571
1267
2729
2416
1793
2184
346
1237
920
3467
1792
842
1161
1519
1344
2621
858
224
1748
3264
3178
877
277
2282
2548
928
2126
2749
556
364
1081
3350
2034
2102
1783
3392
1173
2551
2373
2456
2566
55
453
1566
1637
196
2656
2079
1134
2100
2790
2156
2758
780
1540
1129
2811
2651
286
1287
2989
1145
2024
2875
2775
1464
1135
1797
2628
1863
94
547
2405
686
31
2966
2279
3261
3084
1472
2139
2510
803
2589
287
2527
1660
2564
304
375
1345
2810
2996
541
2035
2430
350
1186
1933
1185
1547
3128
1653
2311
2317
294
2827
1017
530
38
2461
2752
2037
98
282
1223
1436
26
849
1474
650
3210
2994
445
2331
1498
2171
2407
2924
2095
3055
141
248
7
2154
273
246
3235
1247
1772
3351
3214
1065
3335
1535
1874
2674
2770
3239
1870
1597
128
1604
2607
1195
3217
2146
495
1090
2645
1919
2281
943
1372
960
74
2426
490
1787
2653
3220
2477
1260
2806
3418
2043
2503
2498
2421
1119
2346
1276
226
2575
3034
1446
1005
3174
381
863
223
1032
2961
2529
425
3358
527
212
2980
2578
440
698
1183
2318
1577
474
1355
163
1550
1023
1291
2742
2707
420
2920
1658
604
2402
2764
1816
1676
589
975
2608
1322
2948
2934
3356
1714
1246
1121
1724
1295
2524
368
395
835
2881
3014
543
2563
1512
2383
255
2191
2828
796
112
3144
386
1731
1740
3426
1904
516
3302
2121
2410
2315
2709
3444
3179
843
1078
931
690
993
1825
65
2151
1602
1970
2481
2650
3409
494
2832
1330
338
1307
3252
3208
726
1154
1160
776
2134
129
2010
3412
2371
392
2904
1533
1579
1931
1473
904
1758
3330
2249
630
1056
328
1093
3192
330
1126
718
1695
2568
523
2846
2381
992
3125
2599
2290
3324
942
2267
1303
3007
822
1140
3221
1587
1222
3308
2580
1042
1886
1139
3340
1805
89
2813
531
1063
1128
2439
3387
2604
736
3176
1839
2438
1454
1747
648
3037
901
325
2309
2214
696
3002
1872
1407
3115
152
2831
1765
407
431
2977
416
962
1823
2377
664
2089
3364
1992
953
501
1245
2598
1885
76
869
1358
1804
3183
1059
526
2150
1257
137
1100
508
267
1109
3016
2812
1313
1801
1687
1536
1524
111
2075
3369
200
1201
2106
3124
27
1684
900
3382
3158
3354
2796
568
1477
1972
347
3454
3283
3136
3407
750
1763
2159
1043
177
332
3342
482
2820
2528
1516
1443
1349
2717
688
1827
1479
613
2478
605
498
2224
2554
3439
1717
329
2906
1596
1461
2019
1871
932
1515
1471
707
1895
1410
3366
3436
1997
1390
1377
1080
3085
41
3156
720
1959
1981
1694
1599
2732
1337
868
207
2248
2800
3296
1325
388
1782
1040
1284
2830
43
3372
487
1096
2978
724
2586
127
2324
841
1459
977
2908
813
3307
669
2544
665
1362
2779
1784
659
382
3424
1450
3464
2925
3299
565
906
500
2170
739
533
814
3397
1880
1417
1426
2594
761
3458
2284
1412
517
3432
1481
1383
3304
751
449
1038
2931
2536
2207
454
1168
1327
3061
157
1954
1901
2483
2738
2834
2744
859
2716
1002
1205
2723
95
3134
2638
2905
1998
120
791
2480
1956
1384
744
2447
1672
1115
2436
937
3456
2818
1671
1190
763
39
87
954
520
2286
2577
1058
1716
272
3119
2760
970
689
48
320
2334
1492
108
2209
2922
2982
1726
2113
3280
2133
1952
3422
1191
345
561
2070
521
3265
2876
2085
1369
1578
1502
1828
422
3075
1623
2020
2265
653
2951
3292
3313
2021
3277
227
3453
2795
2355
2870
3443
3098
1813
1480
3314
2017
3078
3172
1269
2411
3466
171
2612
2962
2537
2155
635
2269
1826
1554
1501
2188
3068
1213
2027
3309
397
1288
2488
2930
2016
1041
3175
1141
92
2123
1563
996
1520
1029
1958
1679
2836
542
1347
132
911
1568
3320
2147
1770
333
1690
2802
2521
1238
781
1697
301
183
2539
1916
2459
681
2375
3377
2365
2854
938
327
1730
1354
1622
586
389
2654
0
1845
1389
2366
1271
1624
3198
2753
1641
188
1243
2009
1033
1482
3114
1975
675
2793
2543
2987
2534
3108
1281
994
1994
2823
891
1853
3403
499
1199
1497
1010
1892
815
2673
968
1555
3379
3255
1318
1387
376
3228
2891
467
2698
1142
1947
2765
1879
228
2941
1425
1799
637
3468
2391
866
1742
1151
1439
3310
459
1034
684
2957
1175
3110
3035
1983
2739
269
1848
2643
2398
3457
2370
1111
1169
2600
77
244
1011
3290
278
2424
1678
3096
2584
1545
3347
2655
799
3100
1364
3132
3154
1351
25
2484
1483
1973
1791
2036
1761
2132
3141
1798
2496
2053
2694
1719
2824
44
2122
393
2273
860
1781
3102
1385
667
1707
1704
2721
485
830
1702
534
75
893
2069
1846
491
1665
1282
358
2849
1220
1537
131
1633
1495
1946
1331
1921
729
2756
881
566
3033
1661
3259
2350
3073
2798
1376
67
559
856
2919
3384
324
1600
2549
2283
2897
2088
2634
2785
484
107
959
1217
2955
3053
2414
181
3137
2119
2384
1068
2663
950
1182
2059
2668
100
2816
251
1226
2894
1844
2330
2750
1420
3268
1095
1934
2975
215
1210
2081
3142
2873
3406
2917
991
71
1334
2763
191
3223
1625
1153
1517
3240
2352
2271
2545
2161
441
1193
754
2547
451
1296
1212
1642
3126
1476
2866
890
2256
2199
783
312
2588
1203
1448
178
2338
624
1925
537
2935
3428
827
1675
437
2067
3004
1341
2774
1379
3219
2762
1706
1054
2142
3434
1984
362
1942
2871
1051
623
1137
3465
615
237
2470
438
2680
2576
2313
1985
3097
1732
3173
387
2253
306
2606
342
2840
3191
1924
794
2347
1251
581
1923
2030
3251
1146
2822
63
3254
952
1256
49
1645
963
303
452
1422
1105
384
2928
1980
908
1769
834
697
140
3017
811
1686
3023
1630
232
1378
925
1458
973
917
211
1573
1156
363
3058
2843
2185
2343
2417
235
1893
674
2945
182
242
2066
113
597
1638
3215
833
2418
2629
2788
3195
946
1877
3039
557
3160
374
2433
2223
808
2482
1643
270
1899
1926
2562
3386
2515
419
2463
948
971
745
16
2542
447
2190
941
1016
1569
1094
1437
3205
1721
2353
2260
372
549
2157
788
3262
838
3105
1333
2336
1966
2611
1250
1939
552
2196
2783
2094
2061
2677
2784
1673
2772
883
2451
293
1615
1852
1708
2722
2409
3437
2288
2215
3152
1807
1760
170
1508
2415
3181
1561
600
1178
1581
3287
3326
1759
2109
1668
3203
886
1589
1506
995
1965
644
2667
1850
3000
2245
3278
1015
1941
3339
1594
2829
174
1619
2672
10
357
3140
656
3088
578
2005
1817
593
627
3408
1069
1399
643
23
1722
528
2168
1831
1590
947
1112
1938
2091
296
2686
3294
1757
609
806
3395
2025
1611
3288
3212
730
701
1039
3186
636
206
3122
3138
790
3148
2261
2217
1734
2387
1013
693
3008
511
2228
2040
2242
916
1342
1123
308
379
2715
2289
1650
21
1357
2143
855
2431
888
2759
2737
2618
166
1654
2532
3231
3338
2252
40
1743
1955
1279
3459
4
1656
2117
2485
1851
1683
1928
2376
1465
1911
3315
1842
433
415
1277
1979
1494
628
3196
1082
2627
2644
1427
334
655
2052
555
1837
175
2220
1398
1264
2880
3022
705
929
3298
1741
2015
1254
1131
708
3389
2519
1796
738
1595
3032
3209
317
1883
1907
2893
1114
3398
935
3206
2335
1204
3423
348
1876
551
728
1158
2323
1409
3047
262
1400
1228
2491
2135
1214
1559
1674
2648
2701
2833
105
910
682
1856
343
2149
1701
2887
884
3438
1149
2787
1662
940
2467
290
3322
3271
54
2601
2131
1691
1423
1230
344
377
2541
2362
2011
999
2049
370
1618
432
2671
156
1309
2573
1762
585
2844
1326
2321
1371
661
1416
3442
607
1074
3396
2047
678
2341
685
229
139
64
3276
2389
1278
2804
421
723
671
1712
3311
2063
56
632
179
34
2310
1136
151
3357
145
309
2631
1865
823
231
2001
1404
2234
504
428
2976
1053
2896
2664
1720
608
1007
3317
853
1932
1066
3121
3069
2968
2349
1773
2
1148
1780
2342
503
1091
2535
1993
2518
3074
1478
985
