708
1095
2389
1507
1003
2341
500
1245
1306
1758
2319
2472
2273
1520
1813
612
372
1296
309
2680
391
555
2663
460
899
2360
2232
987
1805
467
739
2008
2265
1688
1992
1682
519
2001
568
1405
586
470
1200
2411
2477
872
1836
1974
2618
2116
769
2606
661
1363
21
1195
1851
897
2156
1939
52
2661
1114
770
621
2039
1554
2257
2158
87
656
525
2671
2291
379
1151
2075
1260
2109
2106
98
1729
2216
1677
1457
1091
978
2424
1386
2570
1656
123
1793
1998
341
12
2055
2392
1757
2470
1277
206
436
1011
614
1470
2510
2439
1704
604
1703
2217
2325
936
2521
1380
553
412
1648
2636
1506
2221
1434
1888
432
818
947
2696
1509
315
1043
2516
5
2293
2126
871
1975
2070
2204
917
1962
757
2394
2614
1521
2596
1056
1526
329
2537
1699
2539
1250
1812
60
259
759
2599
886
1246
2378
1325
931
2062
455
2289
671
1412
1439
2042
2358
1561
1055
571
2315
1938
2028
1046
1374
1734
1459
1319
2429
2132
1987
1877
1401
1142
1475
93
1893
473
613
1797
2081
790
2110
1801
77
957
524
932
1228
1025
877
2568
778
89
2190
25
1081
1830
1421
1394
2538
1140
1610
1241
2097
1762
1158
1042
2566
1432
1209
1912
384
1578
2114
699
2271
1196
2480
346
673
216
2065
1094
2121
1143
54
1167
653
1989
2517
160
837
2494
1835
2608
1964
916
2261
1264
913
691
2664
1480
2505
2082
912
2210
868
322
516
2183
94
814
1598
1999
447
1511
2648
597
503
1611
1834
153
1331
866
2101
2033
980
1337
951
249
2643
1863
579
238
1466
1614
1842
1067
2419
1852
1764
1654
2140
2203
251
2220
229
1484
3
228
468
1855
477
2076
1295
491
1756
2233
499
96
581
2260
321
2111
812
2532
1449
2492
2103
30
1111
1548
502
2087
2259
1658
134
394
628
2276
1787
20
1901
1021
1477
478
2354
1706
1865
2
2652
615
775
851
1187
715
1231
1965
815
1628
242
1595
1014
277
1792
2128
2677
1256
1364
576
665
1297
983
2466
756
1059
1816
1616
2166
2386
902
425
2270
2019
649
1358
1328
1646
2133
2447
71
1385
2553
937
1947
2191
2362
247
1384
69
2162
1626
1372
2483
1156
2359
1049
182
1956
450
2672
1438
2243
767
2396
784
1279
2284
1227
1657
2540
2016
2327
266
1973
2048
1589
2051
2441
438
1429
1259
114
2371
707
481
261
1179
582
678
534
1287
2043
514
1583
1326
2503
891
1629
526
1463
152
1730
964
1639
2551
274
490
1640
547
168
1491
1889
2675
435
472
599
758
1934
1497
1603
1398
2479
750
2030
2565
180
2272
2278
244
1147
176
598
777
791
2230
1301
685
532
1843
672
415
1555
1828
2115
779
149
618
2451
430
487
1020
1305
1693
654
2018
1028
1670
800
949
1396
2619
695
1743
809
1257
2578
39
2052
1324
27
497
2398
1452
2352
585
104
1268
403
1891
1226
2504
729
563
155
1008
192
2348
148
1177
125
32
2050
1890
953
1096
392
1931
560
962
252
1164
774
1508
889
1316
942
290
301
1590
2207
752
210
1551
940
1588
1038
600
439
2211
245
37
1620
1210
332
556
2572
572
458
352
1624
31
1684
2138
2430
938
1119
1845
961
1063
1118
2426
2507
2137
1750
958
1060
271
190
751
1869
483
876
362
545
122
2418
696
75
1599
905
2490
680
546
584
602
2298
76
2247
1062
682
1188
825
2363
78
1298
2478
1837
1821
1501
2047
900
725
1088
2262
351
1418
2649
890
975
845
36
2493
426
985
1106
1903
1795
2269
1905
55
662
1092
575
171
222
464
1395
551
444
215
132
1237
805
974
1408
1636
1782
742
416
188
1940
292
1278
1892
2185
1221
1976
1375
2236
1575
34
2124
2023
2562
496
2455
102
2474
2698
2520
518
596
336
1440
1751
1006
1406
1127
2579
207
100
880
1312
2320
2142
1275
1262
887
2316
2277
741
608
2620
1086
914
1382
513
1330
1100
517
1861
1211
823
1808
319
1251
466
1183
95
2440
1768
857
2496
237
1713
1632
209
1685
1284
1661
1557
1720
1087
2529
515
2299
411
1823
786
768
507
843
1053
375
1207
1606
2417
1542
2523
2092
1971
2186
2687
128
360
2297
1538
740
2423
2131
1783
811
1054
2168
570
2015
1708
1199
2151
1742
660
1774
1909
1820
1920
92
1205
1152
2554
85
1451
617
46
1261
2056
2593
1157
2546
761
2468
590
2157
174
1737
1572
316
1936
893
1597
2445
1069
51
294
2171
9
2224
2011
2557
892
842
1586
527
1030
2193
337
952
923
683
2038
2645
2635
224
686
2163
156
133
2401
2658
1710
2561
1185
1650
641
1334
1512
1170
1674
1887
347
2617
1954
1154
1093
1130
1135
2084
88
1366
888
921
2612
990
986
704
14
112
1529
2487
501
1922
2357
2613
1442
1356
2201
427
722
1315
1651
358
753
365
898
81
1160
2155
1472
1864
1911
1010
2657
1779
1634
702
2528
2499
1381
1718
1329
2452
1341
1955
151
127
62
817
1338
1917
2660
1997
797
2486
204
1571
1266
2212
666
86
1483
2602
1667
2597
2187
286
693
1770
1637
2511
1473
41
1
1514
2246
1895
966
630
631
348
485
223
2300
1533
1435
254
2387
2317
308
1368
1748
1870
1407
1752
2160
298
836
2673
1505
1633
833
428
792
960
713
557
1204
1900
1659
2239
543
2592
262
2309
2373
2425
84
904
1335
595
765
1824
280
522
2427
1662
1547
919
1601
373
624
2107
997
1872
136
1532
743
879
561
2345
603
1799
1034
1379
915
1219
314
2308
1458
764
2436
620
2501
1247
2595
350
1712
875
2364
1462
278
998
1673
1886
954
1285
1431
2456
195
1300
1652
1576
2129
23
2213
1740
1772
1193
1543
117
240
694
2017
2628
2390
2073
1959
119
276
38
638
1738
2641
143
1806
906
2058
564
310
1313
1952
2013
668
1967
1471
1026
2053
2067
903
2108
1647
2684
405
1141
1617
1013
343
2182
1074
2326
634
2588
789
1444
1383
1546
1203
1545
1220
1492
918
1960
49
1022
1984
2141
16
1302
2130
1423
235
410
1437
1417
2405
2461
1314
2536
154
945
1727
2377
2379
1766
1369
1481
2632
1804
1854
1339
1420
531
250
2152
859
1427
73
1189
291
2454
398
2667
677
1788
1524
1649
2235
1494
1292
2199
1410
1409
521
1103
368
824
2476
404
1680
2189
1697
11
941
115
1675
1137
592
908
2280
2544
99
1461
248
103
217
361
626
2581
831
650
1365
1898
339
1791
2444
2395
846
2150
374
1968
667
2567
66
2228
1696
2524
1005
2120
982
1923
1986
1592
1348
1012
1536
386
2609
1190
1641
2149
2222
854
1883
2258
40
2332
213
1489
1388
2631
414
65
2376
1535
2010
1607
884
1933
2678
926
1347
2096
1669
421
1803
1468
1001
1515
2458
1635
253
675
1370
999
1168
2322
72
1970
1513
1683
13
955
200
118
1534
1286
303
113
2263
393
1456
2195
1048
288
2512
2119
1283
642
2594
370
105
1800
2695
1985
782
943
1784
2403
1623
183
1441
1162
1689
313
1579
268
2215
2036
1116
1161
684
488
2200
1818
2209
2372
632
1402
2274
1702
1678
2514
1510
1899
141
161
593
533
1840
994
53
2218
1944
2330
2145
91
2127
1600
423
1230
2305
2254
1942
1860
212
1929
476
2497
2245
306
1349
2615
2229
1077
2699
1566
1424
1133
1288
1194
185
495
2012
2078
1389
984
1567
2080
2467
1353
1112
199
717
1927
1558
799
1178
1064
1443
1857
2689
865
2194
549
1113
771
1016
1728
1739
2676
140
1528
911
848
1213
389
2668
1972
1880
1486
418
2697
2655
1518
1057
1232
730
1340
2571
2251
1225
1631
2355
1448
2591
326
544
2453
312
1253
401
528
2136
1281
194
530
138
1039
1613
1755
2574
1186
1553
1744
1273
1950
453
1897
2563
1809
529
2518
1345
2021
383
1568
2057
2329
407
1867
1621
4
2388
552
2045
2248
972
1478
567
1201
1943
1036
989
147
239
1687
378
773
2337
2694
489
664
723
328
2090
2139
163
50
1622
2548
2314
1447
1373
1502
2020
963
1068
1327
2637
2153
2535
925
307
2406
1643
587
720
2328
2256
1191
2285
583
109
2642
456
1544
896
622
801
2515
506
1829
203
1913
1136
2252
2032
1215
1390
1935
446
991
218
2638
2547
273
1121
2482
1963
1072
1672
420
265
2531
505
1815
657
1271
433
225
512
569
2374
787
63
594
2091
976
712
977
838
2071
2682
1318
2197
493
1847
221
145
1953
255
2575
475
2064
2000
1926
2302
2587
852
2340
205
1139
736
1531
1120
2626
810
422
1653
2099
395
2462
2178
1357
1941
1294
28
1732
474
2283
798
1464
1169
1216
1663
48
465
1858
1453
1222
1414
2584
382
1719
1344
2585
1908
297
2589
2342
1761
2303
1317
589
1530
1504
1585
2623
2335
220
169
2095
1206
2686
208
90
2375
2485
1811
1362
1426
2506
1914
2002
1560
1123
1082
1500
2473
2491
1236
390
2634
196
2625
2346
1822
1248
1671
1846
1741
480
1638
2522
1346
1777
2344
264
780
1400
2072
697
355
469
863
2432
1873
434
2433
1310
2463
716
959
1351
1724
1921
841
847
1679
1996
2068
137
523
670
2356
763
2590
625
1676
511
2307
776
1393
709
1582
1549
1488
1041
1562
2003
1722
688
2690
737
2205
970
1304
1615
2161
1476
459
1763
325
263
858
536
1307
344
1577
2577
158
1981
816
2438
611
2192
0
97
47
1902
910
2231
639
369
1175
334
1361
2323
794
1376
651
1149
2633
1110
2226
17
2384
2294
821
1707
1270
2074
234
1596
901
1503
1701
1496
726
785
819
2559
1015
2681
1844
68
929
698
2174
283
1608
2098
2656
108
2159
1569
992
2382
1540
111
448
175
1240
535
198
1700
1605
1148
2287
2583
2437
1117
1925
2225
828
1619
10
1129
399
2646
1584
1694
2147
2519
219
1776
822
591
623
1717
1450
2471
494
440
2034
1709
1244
1267
1263
2118
1192
24
387
1490
645
269
2659
2443
1342
2060
2177
1517
692
2250
710
232
2009
1258
1234
333
2031
1291
679
1051
461
1109
1145
2022
907
2552
121
2146
2543
305
2679
2410
2442
909
1360
2347
1810
1323
1066
2611
580
1882
1723
862
1937
629
1785
619
2241
377
1239
2412
1760
397
711
714
2242
1827
330
33
504
1454
1894
408
1320
1419
659
8
1399
2349
482
1153
2180
574
1474
189
840
1107
1977
1915
1780
669
861
1698
2533
2085
2219
1878
1032
834
1733
197
1516
1265
1052
2169
2435
1397
1098
2670
944
498
2165
2542
42
2029
2627
2399
1951
2630
1299
79
1879
1574
2304
2175
2640
1105
873
462
357
1061
640
2351
573
2102
541
1918
2576
1627
2446
1874
2148
486
1308
860
2431
1084
299
2105
2555
1916
2400
850
2414
2654
2321
1499
1276
2665
2079
1354
311
2301
922
1465
2409
1862
1425
59
578
1073
1274
300
1644
15
1932
1080
1132
1885
1907
2509
1988
233
1993
1868
279
1224
1721
783
577
1455
1961
388
2167
655
1581
2281
2339
1695
1789
226
6
1541
1726
1919
1083
1309
454
681
1411
1000
241
2154
1537
700
1612
327
2402
1493
2311
376
2066
1102
2450
1602
402
830
2306
243
19
181
1781
2202
844
2556
162
317
804
1355
1527
1099
146
2600
935
2026
1559
2061
45
1214
996
429
2391
431
2310
164
139
367
267
167
882
471
658
227
835
2035
747
1487
2448
1523
1556
967
58
796
340
2089
26
1664
1469
853
1990
2279
302
2237
2282
1128
2464
687
442
1124
1948
342
2113
895
1033
1165
359
1565
1460
1085
1235
1171
1255
270
965
1155
22
366
2586
732
1076
381
106
1853
1994
2607
988
2266
721
508
2249
610
1660
1771
1796
1290
2526
968
746
80
424
131
2112
883
2530
2603
870
2621
177
83
2173
2006
1413
1906
2693
520
550
74
635
2639
2176
2550
1767
437
2422
676
1866
1184
1415
2253
1550
2651
2206
457
1009
356
1825
2238
142
396
7
1949
2605
1849
1519
2560
1322
981
1715
2545
826
1243
1594
2604
1591
1430
1035
813
2188
1773
648
2369
1910
885
2534
601
296
1995
554
445
2024
1159
760
1625
1604
1775
1666
705
1198
609
636
2573
2629
803
1655
1007
1174
201
1311
1896
979
2541
1182
338
703
1838
1166
1321
56
2041
1108
1467
734
166
1859
1101
2143
1416
2004
2508
320
441
409
754
2123
559
451
718
542
1479
324
2361
2027
2500
184
1609
2368
371
540
2683
2616
1433
2383
2223
231
67
1876
566
2549
2286
2007
2688
193
2312
755
856
2381
1242
894
2674
1759
1404
335
1875
2449
2598
284
1850
2365
2336
2069
1445
211
1079
2367
1047
745
1044
293
1958
2267
869
2134
1212
2275
927
120
144
35
1833
849
2324
1980
2481
2525
2370
179
172
1790
827
1125
1217
616
1229
2338
920
1848
934
606
165
1254
1881
2334
1223
246
2094
1681
2292
2415
1282
1269
874
2181
1359
806
2459
724
1731
2434
413
973
295
644
110
802
558
2172
588
1498
839
1138
2569
2495
706
2088
674
304
2063
43
928
2647
605
1539
689
2049
2234
1522
2196
1765
1075
2457
939
2393
1089
663
1618
607
1957
2350
1070
417
1856
257
1778
126
323
2044
2484
2691
562
2397
70
1969
1104
829
1131
2313
1180
191
1736
1786
509
565
2469
363
479
1691
1642
1930
808
1173
1884
2502
1839
1367
646
2580
2666
1218
2288
2125
2100
1233
2498
1272
400
289
1126
1144
1945
1645
2144
1371
1826
57
2268
1352
1495
2460
1377
130
285
1580
2059
282
539
647
1668
2037
1630
637
1238
484
995
1593
2046
807
2380
969
1802
214
1807
1019
2290
2421
1746
2465
256
124
2692
331
1004
419
2428
2650
1705
855
1350
1769
1966
548
1814
2653
492
643
930
364
2135
1017
1336
1690
1176
345
1587
1343
971
820
2164
1745
449
793
2244
2408
832
924
1181
1749
1097
788
2104
1754
272
2407
2333
2662
1485
2558
18
1172
762
1391
64
1428
452
1819
2601
1798
538
733
2014
159
385
1280
61
1023
1332
1832
1303
1665
186
1446
701
353
946
2489
1747
443
652
2117
2385
1482
44
881
950
1249
728
1794
1065
993
735
2198
2343
731
1978
1564
1378
2025
933
744
1904
2214
135
948
1525
1387
1570
1725
2669
260
1163
318
1202
1436
795
1403
1031
1983
748
1024
2170
1071
1058
157
1924
1037
1002
2240
1711
864
150
1979
2416
1817
349
1018
101
281
230
2622
463
2086
1289
2413
1928
1045
287
1686
82
170
202
2296
2093
1333
258
116
1753
772
1716
2564
510
1252
1146
738
1197
719
2295
1150
2610
2227
956
1115
2475
727
2054
1293
1735
1078
1563
2527
1991
878
2353
178
380
275
766
1134
749
2122
1208
29
2255
2513
2420
2179
1692
2685
1122
2366
1831
2264
2040
2582
2083
690
627
633
1392
1871
107
1552
236
1714
173
781
1946
1982
2331
2488
2624
1422
2208
867
354
1027
2404
1029
1040
537
1050
1573
2184
1841
1090
2644
187
2318
129
2005
2077
406
