2616
1978
2595
659
530
2644
1949
2345
1552
2635
1073
751
1375
44
1742
2047
845
2517
1299
1398
992
1431
680
2084
376
1444
2360
2078
1831
1194
2308
1747
1725
282
2582
2697
1762
506
1439
1980
528
2206
2119
1387
2095
2248
540
117
1376
837
1250
615
129
2125
2199
68
326
85
191
290
784
308
1964
1871
1070
2507
2355
1932
1902
704
1717
1842
1244
1503
1920
767
850
2478
415
624
2305
2656
2511
108
1228
99
950
2050
280
1807
2618
2443
2179
397
2596
1474
2550
146
1278
1620
250
1409
2091
1540
2200
1639
2452
877
1638
2601
2111
364
794
536
2404
1965
296
879
295
2670
224
1899
946
840
2279
1223
1979
968
2133
1350
2621
1544
2609
149
1993
2394
2073
1009
2589
2017
593
2348
978
692
1843
323
163
1524
2066
1971
2600
36
1123
2055
1713
17
1662
173
1239
174
592
690
808
1076
951
1360
788
2607
538
2409
2614
1768
1592
1822
2003
814
361
1547
1683
566
1046
1505
1159
2304
1741
914
1283
1926
806
1931
245
1152
1461
1534
371
2663
31
1983
29
1528
1935
1358
2276
1036
177
495
2015
27
1124
406
189
1042
1634
1992
33
2369
867
153
725
1731
49
65
460
2152
1361
1723
1601
793
155
2136
2495
2626
1818
1187
299
1873
1261
2024
1214
2578
2272
1489
1348
1502
1008
208
2341
1880
2484
1857
1039
1382
1625
260
770
165
426
1416
1079
238
1787
442
553
2666
2482
52
1259
2539
1249
1996
581
367
2501
1147
2340
1460
104
637
959
1863
1692
257
496
1323
1317
1794
2219
1220
2135
1959
1940
305
981
568
524
2164
183
1617
2274
1480
2107
1990
834
486
1929
1051
960
1452
1599
1300
1513
1937
720
668
284
289
2581
509
2451
970
128
1267
1169
786
1110
2208
2202
1821
1571
1380
207
2458
785
2592
481
1550
1986
352
1703
324
2552
1289
1048
1479
2390
313
2254
1758
1058
281
422
2028
2606
86
2271
411
132
2287
43
2542
1132
2207
755
2455
2636
847
2429
402
2009
718
669
1867
1828
263
2299
2610
948
2417
1490
405
2109
1236
2198
1966
1602
1160
278
334
443
1031
2110
1595
1777
1125
425
2395
2170
1485
2316
1476
1135
1875
2444
988
2370
275
292
2512
179
377
2448
70
1366
1862
2490
1907
64
771
2464
1859
127
805
470
354
941
875
1969
478
2498
1586
2213
1915
2643
2058
2567
2424
896
1788
973
727
533
1700
130
1377
1168
2353
1365
565
2344
2104
610
2421
2226
1071
1206
2051
1866
1441
2641
53
2367
993
1000
2349
1139
2604
1739
2553
1407
1934
1531
1546
1175
2178
1164
2438
2038
1436
2525
2103
1856
396
952
1805
839
91
2449
2540
13
285
2130
185
904
1771
933
542
1646
841
2140
1736
2215
1183
964
1963
1334
643
261
1005
1197
2654
2516
1816
1202
545
1316
237
816
195
403
2144
1677
34
2460
2035
752
151
2300
161
3
2029
1985
1559
1832
332
2258
222
300
554
2479
1892
1770
264
1589
463
113
317
1325
1715
5
1040
1057
2311
838
255
2502
1616
2074
286
772
137
2523
1310
916
58
2216
2267
852
82
110
134
975
2059
1455
156
1424
1569
1972
1851
2291
1262
2186
645
1946
2343
825
2153
2428
2328
178
594
2284
2161
420
353
459
1666
1263
2617
2393
1434
1182
69
2420
1706
1543
1936
2108
1498
1879
987
1769
1226
587
2652
1773
2196
1238
1613
50
2375
1858
1367
2004
2326
2368
404
932
823
1883
1021
548
796
2493
1438
1657
10
1364
1581
764
2408
2118
81
78
2139
340
1658
871
1850
1671
2416
254
2204
1835
2002
2293
1134
2364
167
2410
2430
1779
2469
465
196
2566
2011
2486
1605
2323
360
2191
1514
1697
346
956
729
2413
328
1670
1496
803
1013
2056
2671
2492
1560
1809
2158
1333
2481
1539
2260
1029
1405
176
511
2223
2046
591
231
2297
2019
1954
1473
743
2379
971
1230
520
687
461
1466
1296
917
40
236
702
994
894
1548
1354
1394
1578
1705
2096
1141
1129
1023
1901
911
1612
418
1836
431
1956
1557
2629
2162
2535
1789
2499
201
1637
1450
1417
381
574
1701
1626
1893
1825
660
647
2211
1193
1640
586
2431
333
1225
96
2667
1280
1319
158
1158
1765
907
1516
2053
1989
2593
1022
1509
2487
1423
1287
262
2608
2669
654
605
2496
1938
724
2309
611
79
1140
303
400
2159
885
2685
2270
928
1684
831
2504
2520
1587
1833
515
2530
1399
362
2365
1839
2489
588
848
618
955
842
2113
1020
2628
1121
1823
2182
2436
1854
2205
1527
1757
1181
2255
193
893
589
1853
1401
430
115
1467
1353
107
120
518
676
1533
1523
294
2480
2319
212
2030
2558
1089
316
2518
513
2602
1649
2693
2474
1113
2234
1397
2339
2565
71
742
843
797
1369
1478
182
1035
270
2465
338
657
435
691
1392
512
240
1092
335
1352
726
2622
1642
399
809
700
1418
473
1014
2106
2063
2189
186
243
221
1783
1944
1630
121
617
434
1733
2672
1315
2075
578
1072
1784
2105
2422
438
2303
1095
1939
2169
926
2418
1208
2006
822
1711
401
1582
357
2386
298
297
2253
2315
2142
689
1229
1275
1759
880
1078
2414
1368
2313
490
211
1529
2400
2696
1052
449
2547
2093
1234
1678
162
123
1268
641
1495
703
1091
2569
678
1551
2007
865
274
943
522
2468
1396
2623
1648
2510
1128
344
1104
363
731
2086
1885
336
1115
2543
416
301
2268
1153
655
2476
1870
1774
2239
392
1096
1987
707
388
2289
1881
1673
1242
2453
424
544
741
1535
1075
2160
2149
1426
2001
2442
89
2090
1313
2098
374
2061
1756
1402
670
1905
710
2538
802
1281
2359
1957
7
1004
2361
693
735
2446
2497
2574
1730
935
2536
370
2577
6
1604
457
1381
1105
1207
2699
714
2288
1726
696
1504
2356
609
733
55
8
1379
945
1795
2049
1651
546
427
1792
953
1150
1097
1151
876
562
2381
906
1710
2201
2576
930
1162
1583
601
898
1256
2042
1549
2249
811
491
2203
1752
2120
1861
111
1017
2494
658
2220
2564
2273
2332
925
76
1292
1532
2556
2232
859
773
884
662
892
600
227
251
2463
320
1483
862
1265
619
1764
475
866
288
106
1520
1793
1346
2320
200
2366
1801
1878
1435
1525
2645
1172
12
1099
1652
2488
557
1345
2209
1493
769
1219
1911
768
436
579
2117
1904
1895
1930
2688
1302
1724
311
650
1687
287
2661
1556
860
1217
986
739
476
682
2082
2163
2036
2281
2000
1672
468
1271
2134
998
775
1973
2143
963
1953
1253
2121
126
2570
2222
1307
244
2132
2391
37
760
469
1093
1562
2470
1650
835
477
437
2675
1555
1083
1709
627
147
2295
1218
2329
967
2236
1429
2376
1497
1753
448
2123
1910
1464
1414
1428
2126
1425
1918
2044
749
857
1024
2678
744
2358
1727
810
2174
918
681
572
897
337
1977
1799
2419
378
1335
631
2176
1942
265
1362
1748
408
2500
2537
2392
2069
613
342
16
2286
634
2
1848
1026
1916
2065
1653
2312
2241
799
2155
783
1790
80
2330
472
1615
1999
551
90
2264
1130
2651
1015
184
441
380
321
521
559
1791
2555
737
1420
1922
2237
706
160
890
1430
798
2156
2251
2605
500
1156
936
2399
1590
315
1597
2472
1305
2146
1061
2664
2689
777
2070
2377
602
1694
1388
410
2690
1332
2307
1199
695
1098
598
954
899
2633
1499
962
198
234
116
1069
1295
233
1837
1378
2128
1336
1780
1356
77
2532
819
131
355
375
2454
1919
1691
2193
393
1411
2584
708
2333
2351
1018
2529
1491
1874
2262
1328
1667
1053
1222
694
2115
1577
623
446
1189
307
1196
15
853
595
732
719
2317
2052
2590
493
483
421
569
1591
218
1998
39
1421
1609
1611
373
2294
395
1154
1864
2403
1056
2695
622
2639
1889
94
1173
1917
0
35
1887
939
2630
1038
1982
1282
192
247
1988
1309
382
1699
1519
1085
2324
1488
57
1575
1107
1487
444
1241
1458
2240
2473
673
498
2640
2625
2092
2514
2310
573
2433
2230
499
705
1755
2088
2627
1111
1203
1179
881
309
730
2100
780
1047
1331
1707
1324
2374
1655
1294
836
762
385
2292
607
653
1355
124
46
2668
621
761
339
2190
523
644
2318
2571
949
1561
1688
302
1767
41
1644
273
188
2509
556
2397
1102
2432
1708
75
1180
2221
1492
2180
1838
1975
1746
2591
1062
1
1167
1521
1621
1363
1627
563
2513
801
1212
2642
47
895
2380
1050
2235
1952
2072
1785
999
969
824
2524
1819
1201
1702
1719
1109
1817
1800
575
2116
1119
1554
759
456
2471
2698
1624
135
1608
972
2102
1685
781
1933
1912
889
2214
532
817
2244
1041
1442
2016
635
1855
1958
1808
1849
2646
1074
717
1580
1067
915
1645
1351
1279
2347
1427
2637
157
1122
2034
2269
2657
2032
1614
414
2148
820
2087
1840
1185
1967
1209
1924
1477
2440
979
531
1761
2434
166
2426
1457
849
1781
2522
734
1186
1446
2306
882
2598
2122
630
1679
2045
2168
74
1750
48
109
1118
1086
138
1205
2041
92
2334
2534
1148
585
701
2674
142
1290
2662
24
582
1906
2145
537
1900
1811
1925
1191
1647
858
1016
2265
1778
795
32
903
1221
1260
2154
985
175
1798
750
199
1517
2342
874
1088
721
19
577
1030
1606
458
901
2166
665
2177
2040
2580
1213
2064
2231
1518
87
2634
697
2531
1732
462
2057
202
1743
2505
1994
1482
229
1888
11
23
555
2018
2077
2138
103
957
1288
754
2167
716
912
1227
497
1049
2655
1903
927
2611
1659
1681
2060
1374
471
2229
1136
433
1712
466
1802
2325
2083
2583
439
1567
100
1865
169
2228
2147
1342
1385
1370
505
2242
1277
428
671
2686
2210
628
2185
2080
1898
310
931
2187
1735
1349
1190
2503
432
2378
636
1291
1329
293
2586
1002
2560
1064
869
2521
699
1955
2387
1025
412
2659
2650
685
672
1337
164
351
485
2515
1106
2322
2383
878
2282
2150
2337
1284
564
632
1891
872
1408
2005
1948
1812
2385
606
1484
1721
1470
1215
782
2456
1087
453
642
1449
2151
2039
18
1806
2485
2336
139
966
2354
1868
105
172
2350
921
1511
856
2197
2519
67
2653
1635
348
756
447
1661
922
2188
1247
1558
1286
118
350
2195
2398
1384
1890
2588
1841
225
1471
1391
413
844
2459
1749
1997
314
2406
1641
1976
2526
304
502
1237
1327
2579
83
2181
990
1127
97
812
2673
386
248
541
2388
479
369
1974
2033
1066
2338
1564
1530
625
1943
1137
1257
620
1537
1032
407
2183
683
1312
815
1419
539
1468
398
832
2225
239
886
1619
1144
722
560
1565
2544
1751
365
2245
216
322
389
864
1541
1740
571
2445
1126
1330
2261
1475
2396
2071
480
42
283
1012
1995
1622
60
652
2259
1459
2683
2587
445
826
616
267
1340
4
1037
168
1077
646
614
391
2192
638
787
2620
942
1243
372
230
991
451
235
2491
1760
1006
1682
1233
1306
2127
923
1390
2632
1815
902
937
1796
1403
1184
821
514
629
143
2010
1232
1192
1512
1877
1043
170
1235
2212
2165
1526
713
482
268
190
1585
1720
119
510
2435
1359
924
1322
277
38
330
319
1542
976
1341
1303
1063
2094
1116
1034
596
2076
2022
1631
1680
84
1033
14
534
608
813
2290
358
2563
870
1704
1145
2405
2692
677
452
2613
66
455
2585
1054
419
1248
206
1437
2327
379
1656
2450
1254
2624
525
256
1950
684
2402
1343
2112
1984
2217
1161
792
2238
547
72
1347
807
1824
746
359
1314
603
723
1782
1629
1117
454
1914
1738
63
1019
517
1623
220
2612
2020
1860
1255
440
2467
102
868
181
1406
2631
1304
1654
133
61
1536
2131
2021
1011
2089
1146
1928
1443
1320
2475
484
1737
1846
145
205
488
122
1210
1909
763
1674
604
1763
1410
1941
1813
2283
1845
223
1400
1163
1810
667
1440
900
709
269
753
1804
639
833
258
1269
1297
2101
272
2427
2681
2175
1830
1170
1545
1028
590
1729
2227
597
550
1084
501
1059
1068
1044
1231
774
197
1515
1728
958
1829
997
2575
887
1669
919
2483
2263
1462
1579
368
1373
232
2081
1081
1600
686
266
1003
429
2014
1698
140
1258
543
1664
271
728
1090
983
1814
778
487
154
2665
758
1538
279
1112
1157
661
779
2384
757
2043
2528
789
2546
253
54
1820
98
1386
2025
1481
1607
2278
2373
2079
171
1404
2573
2257
1273
20
2129
1251
341
228
2694
776
213
1393
745
1204
249
2568
698
1171
2551
1371
2037
59
1413
552
2352
423
1198
503
2275
508
387
1968
136
1311
1463
1897
2407
1766
2171
1133
1884
640
2687
1716
1318
1138
2549
748
1945
28
1663
1714
1453
920
1060
944
1927
740
1211
1055
2085
1045
159
2658
2461
2067
1412
2599
2411
1266
1166
1264
1293
827
664
1797
2382
9
2298
1923
2266
2603
674
62
2246
1177
194
383
1572
1576
1456
467
688
259
148
2508
626
1834
366
1246
947
2321
1252
535
1754
1285
2561
526
974
1618
1566
1628
203
1696
1080
828
1695
2466
2423
829
2277
977
1486
114
1101
1921
1415
2533
345
1553
1852
2026
327
2437
343
1114
1913
888
791
25
226
1598
1896
2619
980
2562
2224
651
1506
2462
2314
1338
656
1308
715
450
666
2559
22
2346
2124
347
1643
1432
2008
390
1224
1951
1633
1344
2252
1120
325
2173
2545
1722
2031
1372
384
1131
2218
2099
2012
144
1786
56
2691
1339
1668
1188
2425
125
712
1573
965
1465
2572
2172
492
1010
1272
519
1894
561
738
1245
2679
863
2439
417
1472
2285
1603
217
1869
711
1844
331
1947
507
2401
93
1908
584
2597
2680
1321
675
995
1636
291
1007
214
679
1594
2660
1108
1389
2250
989
527
276
905
2194
474
1962
961
1593
736
1775
1847
873
1744
1776
209
1298
908
891
1216
583
1357
252
1094
2013
1165
95
2296
1772
1065
1690
2541
940
409
187
1570
1433
1301
2157
1745
1276
2027
516
1454
1876
766
1886
2335
312
1395
318
2048
938
2363
1718
2372
2362
246
1448
549
1960
1155
1689
1422
2527
855
88
1001
846
2477
1240
580
818
2557
576
306
1143
663
1827
1588
2457
1610
1803
934
2068
73
1734
2280
2247
649
30
883
101
633
2302
1675
1507
2233
2506
929
1142
790
599
612
982
1100
1693
219
1961
45
1200
2648
152
1195
112
1665
150
861
2243
2676
2412
1596
2357
800
2415
1574
1274
1174
21
1176
2371
2114
2684
765
558
180
648
529
1149
2054
1981
2389
1326
489
913
504
2141
26
2331
1563
747
1451
1178
2301
1991
2682
1383
2256
851
1508
204
854
494
996
1568
2649
2615
215
1660
830
2184
1632
1970
2638
2097
1103
356
394
1510
242
349
909
984
2023
1686
241
2548
2554
910
329
2441
2677
567
2062
2137
1826
1882
1027
1872
1469
1522
1447
464
1501
1270
570
210
2594
1445
51
1494
1584
2647
141
804
1500
1082
1676
2447
