1251
2254
1952
2360
1761
20
1114
1253
2595
2607
2533
1088
1485
901
38
123
2053
76
1005
444
1735
347
860
2007
70
79
1722
1121
523
890
1172
715
98
1292
1620
2157
2378
385
2670
1376
897
193
555
17
1174
216
148
1608
1918
2142
119
394
2126
2098
1868
1412
1941
2305
1789
2657
2459
648
407
1801
2470
112
878
2363
1489
205
1674
987
1836
1626
55
396
78
1233
1408
657
2108
54
1832
1161
2452
2536
1129
2622
776
2605
1853
317
949
2286
879
155
2660
1874
2289
2509
2651
787
2318
980
2614
425
1119
1738
1241
2650
837
405
35
1638
107
2570
1384
2573
399
368
1550
2412
139
585
2220
1544
1123
2399
2100
1669
1965
1824
844
1419
57
10
1594
40
1520
1501
4
1280
1621
109
696
2301
1284
653
286
944
2369
1336
1549
1666
2097
1471
644
1026
295
2699
1718
1362
1184
596
1031
1843
67
1974
1919
195
82
2147
1737
1395
2465
600
903
23
1468
683
1422
1716
708
306
152
1573
1302
729
1695
1634
2036
759
440
2625
1561
700
2039
1138
753
400
1979
2562
2432
1406
293
344
616
2068
634
1490
1242
665
244
64
1786
936
2247
978
2366
2672
2522
2695
1657
1122
1664
674
2678
2296
1778
438
498
208
415
1067
2557
50
2589
1978
179
993
1166
2680
2532
2601
2416
2343
1273
1640
898
7
886
356
2396
1396
1024
618
1264
285
1499
1244
1556
364
1440
1073
451
1946
2388
597
2549
1704
1169
1988
1963
2352
2537
34
2521
2383
1966
276
741
2528
36
2006
348
1888
86
1961
1862
324
1015
92
65
1326
525
387
1793
2032
2225
1539
242
677
279
2283
1270
1351
2577
1514
902
1225
1025
974
459
1866
2655
1093
30
1733
143
571
2099
429
985
894
402
1562
331
2413
806
1518
733
960
2398
398
882
2116
2529
1202
2434
1719
1904
2404
506
1516
168
1487
2000
1633
1766
1929
771
839
2386
2350
2581
114
1173
346
788
1018
1896
1358
2050
2261
310
2597
2001
2686
1301
2105
647
2311
738
2295
603
1622
763
823
1303
1732
2307
2456
1656
659
843
2475
340
1033
2351
649
1306
2056
391
192
1234
1528
1194
58
732
1397
2560
2476
2054
2008
1457
1352
1752
481
1977
1873
1012
1171
221
1036
1787
1254
1107
1992
701
1117
2321
1432
2340
2486
1447
673
1663
2433
1434
335
613
739
2193
1875
1932
853
227
1214
2669
766
464
154
1535
1846
1916
1705
2322
1039
1295
796
821
2268
1517
611
889
2442
303
1023
350
2213
2377
25
129
1991
869
642
2422
1579
500
1476
956
2196
1063
424
1639
570
1092
62
116
1552
2020
2317
1799
449
1179
72
437
1193
265
1522
2130
2325
460
1484
2677
487
760
141
2539
12
194
248
1260
1894
884
457
2385
2423
953
2048
768
968
515
2492
2065
1011
363
2062
2632
69
158
2122
2689
1906
118
1118
1101
1742
2344
1
2037
1771
1002
1830
1276
1160
614
1075
847
477
2152
144
1651
1937
952
1641
1097
824
2667
1881
2592
2520
1074
2591
1603
2125
2335
2519
1689
1413
770
39
1407
1566
1854
1451
1449
492
538
2329
8
736
1474
994
822
1456
2379
125
1565
862
2207
66
1672
520
1748
1720
872
2428
1764
1417
305
2451
1601
1486
1175
905
661
2156
2027
1318
1871
2542
536
1649
1776
1056
2149
2184
257
1163
110
289
1102
581
2044
2371
2279
990
2150
1662
2117
1555
955
351
841
2290
790
46
2144
1065
1019
1581
1228
1624
1825
541
253
1221
1079
1713
2237
1924
2185
2127
1099
2327
95
1898
467
786
323
932
1893
2312
1580
1596
1903
2517
2216
740
1094
1951
2243
2161
409
1100
816
1598
1530
1923
338
1218
705
2644
1967
1261
2555
1176
750
505
375
747
151
2671
2419
559
569
725
1856
275
432
2448
1849
2251
1532
1707
652
1809
1807
654
1356
1004
138
2447
1994
2336
75
5
1252
1684
2338
2069
1203
1255
2436
2639
1958
2637
133
731
1990
2229
699
517
2616
87
2190
1869
666
1466
746
539
1950
1935
2471
170
2380
1144
325
1607
1574
2288
1959
1632
117
2300
384
969
1239
1357
416
1069
607
2014
2630
1297
1165
1511
697
2070
1198
2101
1756
615
798
943
859
962
2505
484
2262
526
89
512
388
1317
2281
1220
2049
682
1247
1526
215
301
1834
792
1525
2183
1570
1996
1521
1986
1364
147
1696
694
2656
2043
240
530
1098
104
153
845
1541
1810
2294
537
2146
854
1833
225
365
196
1055
1441
1349
1681
2513
1895
291
1430
360
2392
2067
2277
1949
2253
2103
809
2541
1405
1052
327
140
1305
913
2038
1232
1592
2673
2488
2093
2214
1837
1515
1864
1816
1708
471
1804
1126
137
997
2467
1333
85
472
1780
1314
2634
2599
1037
1909
1796
2081
392
2236
533
186
2107
462
1818
929
2547
587
2375
1590
1625
631
1400
757
1835
1354
807
848
964
812
1845
1338
2224
1359
2462
2159
1211
130
367
2089
1495
1178
1103
434
572
2002
164
693
1507
1755
1368
2408
2491
269
1976
810
2240
2319
1387
1571
260
1554
685
1650
836
1124
983
2029
664
1997
1307
1724
2208
1150
159
6
2026
950
115
995
2659
1344
1299
1386
2075
1750
176
1281
1613
1461
1754
1116
2483
1196
2676
1814
475
1475
1238
200
1851
593
1090
554
9
1355
1206
2248
499
2024
1998
397
1917
669
1939
2255
1310
2372
1587
1558
234
986
2426
1636
2698
1187
1506
948
2055
1734
1111
197
2417
2473
907
1181
383
2400
15
1394
719
1105
2102
503
1158
2683
1429
2348
1859
1782
785
800
1388
946
606
249
16
1442
2199
48
2376
41
2390
2479
619
185
1934
1498
122
2696
2482
1300
2025
2112
53
74
209
1907
933
2139
702
996
345
302
605
830
2468
237
1981
1827
1599
2501
588
637
675
1263
641
716
904
1644
1320
1084
2179
639
22
332
1497
632
352
1882
1795
583
626
1513
250
734
915
379
1779
2221
1367
670
1627
521
2166
1847
2182
2291
1683
448
2136
1617
274
1452
2582
59
420
1266
169
2201
680
924
2060
1230
1773
1661
922
777
1316
1957
2485
2204
390
1424
1020
149
2626
1971
1857
2337
2256
1162
707
1143
447
292
1003
2095
565
1425
2292
2636
1905
1648
667
2175
2299
2173
1168
2358
2418
1927
1370
2575
2114
1788
2096
395
668
1942
2414
1691
1593
2118
2071
781
1954
1087
563
2572
646
2564
2308
2263
2244
1576
970
2331
2077
213
749
2353
562
1229
2688
629
1050
1563
202
912
645
456
529
972
100
312
1989
748
1736
490
2132
145
2424
1753
1322
509
1982
468
1021
566
2496
780
1841
2310
81
417
228
651
2500
300
2231
1926
1956
855
568
514
1802
2497
2087
1197
220
2160
2314
163
1483
895
1867
2076
942
775
2525
2034
1618
1588
2273
1813
726
805
101
167
803
1872
2694
1132
827
2460
608
1880
111
2553
1740
2226
1512
2316
828
751
1878
979
1717
1630
1146
772
934
2565
2120
1331
1201
1044
261
2022
1488
1877
442
496
1984
190
1385
1401
1606
793
765
2394
1481
1212
818
2064
1402
2257
313
1775
1870
1548
14
2176
63
1537
84
1928
2217
252
1078
1140
1096
160
580
2306
1572
2506
2259
362
722
1059
825
951
551
2285
2106
1465
121
1371
1546
676
881
1224
858
928
1911
1091
1765
267
1043
382
2681
142
412
389
96
908
888
2440
2104
239
2407
575
1319
2246
625
1145
711
60
1983
1728
106
1391
280
473
2635
1436
465
373
2490
2693
427
795
1723
1614
1038
2271
1940
26
1208
2389
1268
157
218
926
2503
1115
1155
1195
2477
857
1423
1891
19
341
2164
2058
1346
591
1781
2646
2200
1812
2270
852
802
1615
264
2403
2679
479
1066
13
1844
1643
2618
599
1671
1343
1403
1227
887
2085
1902
1458
108
1007
2252
1077
2111
2315
1332
957
2177
1901
1828
820
808
24
1999
662
1652
47
2124
494
1286
2502
156
1745
1930
2518
604
1611
663
1462
2453
2011
372
744
199
1602
1758
2474
1731
2649
984
2210
988
2265
2606
354
296
337
1136
2206
2186
2583
577
105
2623
1378
1993
935
1226
2074
1205
899
622
2619
737
1190
1339
556
900
1637
1938
1480
207
210
1108
2361
742
1858
998
1046
49
1110
1034
32
330
1271
1852
2571
779
1120
920
2005
18
103
1080
1668
1564
1455
1361
1529
2180
408
277
2674
243
1612
1327
1762
1806
1095
2140
2121
1377
832
2687
553
219
1312
1848
1062
1321
1604
422
308
68
877
627
1085
1153
232
2397
2131
1473
1345
1605
2174
534
2653
1035
1600
1655
2017
297
861
2461
754
560
1654
486
1296
1328
439
2443
916
835
0
2545
1467
1245
270
2593
1433
1057
797
2466
268
513
1288
2661
450
1943
1000
61
2580
90
2489
1282
132
1619
1262
2323
1341
134
1164
1445
99
2445
326
2035
1294
1819
3
1494
2202
1597
1013
982
2472
567
71
2187
2030
582
1324
2222
617
1915
1578
1609
172
42
466
201
576
336
1699
353
2538
755
660
1188
1503
573
1240
1373
406
940
2382
2561
1933
83
1646
2641
811
1265
945
2215
1410
1694
1964
2374
2546
1109
1380
2692
1920
925
2559
2543
146
2611
992
1147
1969
931
2685
2219
558
2600
1372
2287
804
1416
1491
1953
1568
311
2617
976
2455
414
1009
177
2627
1029
2010
1551
1955
33
2
2113
1623
2078
1746
2245
1089
1342
413
610
2313
550
1137
939
689
288
2028
2042
1374
1697
2481
2587
441
1842
2133
2169
1313
272
1392
2566
131
1006
378
590
189
2355
917
1783
2514
2015
1379
184
255
867
1304
1860
2381
1421
1725
965
2084
2430
1086
235
1482
2063
1659
1975
2109
2137
1246
885
1411
1502
1289
2342
758
421
1464
2172
2624
2638
1730
1690
1677
2228
2012
2665
1141
2551
2427
1152
150
624
343
671
1287
1453
1330
1460
1135
1910
226
2047
2621
528
2090
294
892
2370
846
856
135
1389
1538
2631
501
545
2690
2439
2531
304
1213
2013
411
1028
791
1821
1051
2092
535
1610
1921
1531
1493
321
165
2357
547
1863
621
2594
1350
1237
1970
1469
2302
1064
1047
921
314
1104
2155
1142
1682
2153
1285
187
2304
214
714
2441
552
2642
532
21
128
1478
875
1267
1995
458
212
2663
1542
2356
2003
93
2438
2334
217
873
374
764
2203
1189
578
2138
686
342
1679
1840
681
355
1040
938
455
564
728
2309
678
1686
620
1365
403
866
2654
2326
1199
1944
1693
2189
1790
2171
2540
813
238
516
2697
849
2508
504
2158
1670
1235
1823
1629
230
1616
730
2086
594
2341
2297
1191
2362
2354
2365
510
1727
518
2615
1106
914
1438
2282
256
1769
1760
2484
502
975
2154
2218
11
2134
1784
2421
592
543
2238
883
2197
1510
489
981
497
1876
1070
2051
1660
2563
1808
318
1443
1586
1030
2298
1444
2602
519
1536
1219
598
1335
1803
1524
2454
930
262
1797
561
2550
1675
423
2023
2227
1450
2608
1714
1125
1527
1415
206
1369
2530
718
283
643
410
1948
2647
204
2211
358
1215
2188
1375
2526
927
2652
752
2415
574
2612
359
508
1426
911
1427
687
386
1653
1204
1547
299
2516
371
2402
454
2328
126
173
51
166
1390
56
1311
745
1337
316
2384
1243
2347
2128
2480
2260
2523
1217
2401
524
1680
1591
906
2576
315
1826
2324
868
1850
784
1585
1360
435
1676
2239
1045
120
712
761
1838
2346
77
819
1182
2269
2191
1428
655
1083
923
183
1645
446
2249
1855
1972
2339
483
1715
2135
756
609
453
782
2181
258
2274
1822
401
2446
1947
298
2609
29
1540
1774
1883
973
2544
2691
1692
1159
1744
1022
584
1139
2658
1945
377
762
650
817
2266
266
1071
2165
2083
2668
1082
864
679
445
1543
2192
880
2041
640
1508
404
1472
247
1437
522
842
2280
2586
937
1431
1048
2141
838
2604
2143
1831
2450
284
966
1583
1794
2524
910
1777
783
1879
1519
223
2045
1353
1500
688
1698
871
1861
549
369
706
37
2664
1710
480
43
876
2645
767
1446
1291
2232
2178
1899
1309
773
2234
2578
191
182
1340
307
1817
333
2574
2457
2073
893
999
1448
1293
799
1504
1308
1183
2267
1798
1381
695
91
452
278
428
488
1154
1553
1016
1010
1908
1702
2598
1792
1913
602
436
2033
1658
2332
1800
1709
1560
801
1068
2119
850
1134
2684
1729
233
1968
349
1557
2072
246
263
271
1889
88
548
1712
474
430
1008
2367
1180
2258
245
967
1887
281
2373
1127
2628
1726
1912
1575
2535
1248
1249
1701
1393
743
357
2534
1053
1703
727
1072
2556
1665
2590
259
1922
579
2162
1054
2061
1290
2364
1925
2613
1890
628
1404
1545
1815
1279
222
1509
1687
2603
2464
2052
919
1275
2250
1791
476
690
1250
2264
1269
1631
1741
2588
2359
97
1747
963
1936
1962
1131
601
1058
1192
493
891
2009
1628
1496
254
814
1032
977
1231
2167
540
2148
2463
1409
1700
2569
485
1642
2504
203
991
1865
542
1347
1772
1334
833
2303
27
1207
1897
1980
971
595
829
162
329
1477
1257
1128
1081
909
491
826
2444
2558
1399
1113
1027
635
698
28
2393
2431
2349
2320
2066
45
2129
1829
2499
2585
918
2629
815
2493
2082
1711
339
2552
1595
1200
229
1743
1049
2410
1383
80
1076
1042
2163
2368
691
1259
1647
1323
1589
1216
2205
2021
2567
2345
2469
94
1885
136
380
2596
1329
1785
2682
431
507
241
638
1492
1770
127
947
2568
1223
2168
1060
2223
2662
2584
2409
1277
961
959
282
704
175
273
1041
2515
672
102
1186
1149
174
1017
2004
44
2019
178
710
1811
224
2330
2395
2405
495
1749
1678
1382
865
2233
1258
2548
2411
1274
735
636
1534
2435
433
658
778
1185
2088
478
2115
870
1156
2235
1739
2511
251
2391
2648
2080
418
1236
684
2123
2170
1398
419
1418
52
381
1533
1348
2579
188
1283
461
2633
1577
1209
1985
1839
370
840
612
1820
1454
958
1721
544
2498
720
623
1900
1435
1635
366
181
1892
320
463
1688
703
319
2046
723
443
2293
1420
2675
1151
1470
1112
2272
1759
896
774
470
1987
334
557
231
1001
834
724
2333
2458
1505
426
2429
656
2212
1751
546
630
361
794
328
1222
1667
1757
2554
1148
1886
1459
1256
2278
1210
769
709
482
2241
1960
2610
531
2057
290
2145
1767
941
2094
633
789
1569
236
851
2018
2478
1157
73
2425
831
1463
2494
2666
2495
989
2527
1170
1177
1479
717
1133
1325
2437
1278
713
113
1272
1914
2276
1685
692
1315
124
527
1414
1366
469
1973
1884
1298
2487
1167
1931
954
511
1706
2643
2031
874
393
2091
863
1763
198
2242
161
376
2512
1768
1582
309
2387
2449
2640
1559
2194
171
2284
1439
2198
2420
2016
1805
2209
1567
589
211
2040
2620
1130
287
2230
2059
180
2110
2195
2507
586
1014
2406
2079
1061
1363
1584
322
721
2510
31
1673
2275
2151
1523
