2516
1294
2997
846
2334
513
396
1597
2595
3250
1087
3226
956
534
1244
824
3016
499
2694
612
2510
2258
2381
2090
1482
1580
3105
869
962
1736
2685
202
2566
1781
3055
44
98
709
1040
715
586
1819
2743
622
3025
170
2037
242
444
356
571
882
70
2191
2363
883
1603
308
602
3119
2979
1840
2460
676
1015
2061
335
1793
2522
2168
96
2008
808
2839
2126
191
1862
2251
2724
3360
195
2572
3302
2103
3196
3441
2828
1638
915
2177
1871
2740
1435
2329
1560
207
3341
2407
1366
1949
1756
2838
2007
1574
2654
3064
2088
1814
144
3195
3069
3384
137
2637
2699
1317
1448
1424
2670
3417
1340
2577
2222
1388
1445
2422
1981
413
872
2590
1960
2976
2862
2602
1536
2959
2908
82
327
1732
1668
2309
1269
1479
46
866
2673
804
992
237
130
353
243
1092
3072
2388
3284
556
1033
1354
279
3007
316
2916
2091
2505
233
1937
2325
293
2907
1505
2387
498
1395
1750
2857
2136
1053
2017
1153
3113
747
2964
490
54
27
1082
3066
2616
2462
399
2315
3049
549
2496
1280
957
1758
1253
629
2927
3187
253
2821
1497
698
563
1701
567
1909
469
1131
1242
2200
662
3276
786
759
1155
2071
2665
3182
1201
2823
328
303
3340
2539
756
1353
3281
2415
740
211
372
3467
637
3012
1267
822
109
1061
2402
32
106
3429
3232
1900
2185
2988
3423
1708
1451
2026
2419
449
3110
1883
432
2108
1541
1932
125
3023
1545
2134
1911
826
2399
1571
1157
383
3061
2780
1298
77
535
339
1791
2476
1598
3413
3225
2094
2375
3154
2166
1771
342
3407
378
2393
677
3040
2977
2537
2526
2560
2466
1517
2247
2081
1214
401
31
2842
3143
3263
4
1067
696
2454
924
2372
1296
194
736
2095
2014
1663
3129
348
753
2754
3001
1998
3362
2292
2205
841
2710
1417
3097
3301
188
79
767
1174
410
2284
2447
3324
1486
374
361
2265
2966
3172
3322
738
1289
1557
290
919
265
1130
431
1030
2266
1988
3405
1794
36
3370
1391
2308
1090
2149
3282
510
445
134
2232
321
3455
223
1761
2588
1384
2578
3185
2939
3273
2512
2176
754
59
1973
1403
317
2746
582
481
1657
2869
483
605
3017
1029
1467
2669
2830
732
2958
1522
2073
931
1363
354
3333
1689
1759
2065
1383
953
1141
969
1971
2793
1325
1229
1576
142
2627
1595
1893
2475
1145
3003
2996
460
1653
427
1045
1005
3411
193
739
3204
1163
268
3352
219
707
2389
1117
1845
1712
2896
1322
1877
803
1730
3265
2708
1261
2807
1944
2139
2951
2535
1787
776
2692
1455
2299
885
3314
99
2216
891
2178
1116
2739
3073
2239
2928
997
1582
1605
1922
2444
2864
797
1437
116
723
1624
2696
1231
2755
3385
2738
35
2368
946
76
1881
2343
2271
2825
685
1295
1746
1969
2024
708
2413
1357
2638
836
3262
2697
1132
1995
1952
2610
156
1133
3427
103
238
3372
878
1275
1726
635
1167
1319
3272
645
1226
1715
1038
1042
1719
1554
652
893
2307
3139
302
1866
1374
2593
2913
1173
973
1887
472
2934
1476
1940
2123
2796
3261
148
3290
1027
3317
999
890
2240
2074
2318
3145
1958
2245
2567
1752
180
901
2068
3440
1434
1640
1660
2391
2059
2940
2031
825
1188
684
3269
2487
1527
3291
3060
2047
1929
2978
1408
1304
230
1170
522
1213
1189
1539
1789
1480
3087
2304
1219
388
2564
52
1119
1518
3216
2338
566
1039
423
2429
3328
2561
1626
1853
2106
1350
3074
870
1009
2221
3121
2695
985
2983
33
1829
3163
1677
2656
1970
1161
1337
1361
2472
1016
2911
1471
2171
2194
860
404
550
2034
638
1308
2925
494
3280
1034
236
2568
1433
1463
2778
1473
1247
2652
3459
2518
363
2406
3194
3002
1306
1547
2937
1271
1739
1939
2945
1549
2002
171
277
1857
1941
1010
120
1186
1123
3124
2129
2427
1610
2711
1803
2910
2326
1961
1091
1266
631
3447
2397
452
795
3118
2906
2410
3026
2161
1669
907
1329
1634
132
2524
1898
2019
3149
2118
2764
3019
2772
3140
646
3304
2181
19
352
3424
3254
2981
551
1735
837
1293
2712
2904
350
2689
1190
1041
595
2701
3104
2530
1812
810
842
1102
1051
1234
1714
2646
758
1017
539
3233
1775
2244
3036
1177
1198
1635
1738
503
2209
1526
1068
2598
1723
1204
2716
2923
206
2319
1982
1396
1744
2229
1773
2785
2591
1070
97
3032
2403
1616
967
564
585
2884
1672
2310
2015
199
2649
1265
1831
2197
2378
1
2640
183
1026
3038
668
2872
1764
2257
1974
1076
1062
889
3461
25
2330
314
1839
1074
2281
3004
3438
3270
2206
1134
289
3297
2373
461
1274
3045
1348
2016
2769
1596
3321
2725
1057
1032
2214
2313
1466
306
1774
1458
3274
29
1059
3255
2345
83
596
2617
2732
876
1943
1590
1607
1682
820
1892
1223
1449
722
3323
1801
3099
1232
65
2855
1013
724
910
1428
1021
2883
2651
597
2458
2766
3030
2832
3335
3346
439
3334
1158
3109
2262
2450
1183
1743
53
538
3200
2323
375
2557
3158
3018
3235
2877
389
261
1327
1225
2735
3071
2691
326
1297
1924
2250
3239
1659
2551
3247
2817
3343
1914
625
2467
1586
959
491
2038
933
2350
765
654
2441
2220
2224
2346
3308
2880
264
3436
2219
3326
1193
1588
2751
379
554
1849
1316
2963
927
1427
2470
1346
2672
2569
1972
2851
1509
2101
3067
1901
2541
1945
911
785
2720
542
2417
1377
3190
1436
3306
818
217
41
2120
718
572
3289
565
2089
2893
850
2367
2165
1625
2587
2903
2515
1022
2853
2423
3044
2196
2580
1788
1390
177
2718
2371
1475
1413
434
15
133
1490
1867
1975
2198
2870
849
3013
2582
1323
1748
607
1631
509
2
1502
651
3014
3344
1695
3137
1344
2863
1904
1707
1778
2922
273
310
1192
151
980
2898
209
1461
2894
3176
2969
3382
113
661
1674
3173
641
1727
714
1418
1251
2263
3227
3120
3268
2840
9
1031
1447
153
1224
3313
2006
3398
187
497
192
922
1751
1206
167
2860
2836
2011
874
2340
3191
381
2892
2049
1485
309
143
47
3166
1365
283
3059
2882
2446
1968
575
2529
1528
51
3305
2431
1622
978
2975
2174
898
680
1763
2306
1946
3175
1007
493
2664
553
900
1376
1630
2932
419
1602
1519
286
2477
633
1235
670
149
1014
1896
74
2370
1884
2082
300
667
3052
262
1700
1843
1238
1422
131
3356
2579
112
2360
3164
398
2871
2612
3393
249
1577
3319
1767
2955
443
2018
1345
628
1844
357
587
1710
2532
2172
2459
2122
1807
1953
2816
385
165
2973
102
1947
3011
394
905
706
2787
3316
1769
2643
3439
3189
1199
2752
122
272
1368
2341
1103
2021
1283
2277
2545
1050
3294
2053
2043
1806
2804
1020
2624
1646
3015
2506
2202
545
1768
87
1908
1278
3450
848
977
56
1633
1830
3236
2967
1876
408
1926
1036
349
828
1706
254
3452
1240
1861
2362
462
1713
1352
1905
228
2453
530
1064
1923
1171
1962
2607
1915
1846
2812
1406
2327
450
473
3257
1570
1095
1312
3041
570
117
1627
590
2137
2737
1262
1404
2242
1263
1619
3039
920
899
1558
2508
1430
2276
1288
864
23
2147
1872
1035
475
3267
2289
2856
1718
3202
3373
274
2261
2733
1869
311
1341
600
2130
2619
594
2111
1800
288
557
3065
938
731
998
2474
1990
2993
3240
218
1085
213
2556
733
2297
2124
951
75
500
2984
2187
772
1360
1109
403
2286
1438
3329
909
84
222
2256
982
986
496
1753
319
189
2873
2151
2728
725
1985
591
2436
3389
71
2553
3126
1402
3008
2332
1110
961
1184
679
2623
287
1817
174
2801
2835
1462
1594
255
692
3020
917
1099
205
1000
60
1662
1855
2886
3168
471
1583
1821
972
2322
2601
643
1948
1339
1228
1372
5
3206
2885
3150
1227
2180
1055
364
2558
1562
2114
2501
3296
2995
2148
719
2298
397
3199
3178
1820
2248
1824
1645
3375
3058
1684
447
1364
139
1412
1564
3412
252
1215
1330
2527
1336
2119
1313
690
1550
3364
3354
1179
80
2852
755
1818
227
2333
2076
546
3434
693
2611
656
1951
3259
161
1165
2288
159
2051
2449
2140
771
2953
3277
779
2957
1934
1439
934
3409
1334
1066
1314
2069
2745
1623
1282
3293
2791
1400
763
2618
2054
2693
1823
802
2647
840
465
2028
448
1977
2255
2141
1203
1196
2605
2972
1108
1724
88
1500
1957
1362
701
2405
2331
3388
838
2380
1100
3430
3218
805
78
1740
425
346
2565
37
138
716
1592
1551
263
1081
2867
3433
3246
835
2777
1338
2949
411
334
744
1978
1863
197
2233
1656
1380
858
50
400
902
2653
2655
2555
914
1942
141
1921
1182
2321
1285
2989
1670
2260
2548
2676
543
1927
3203
2722
1782
451
1083
3234
2865
1221
1757
669
2164
1254
3005
853
3028
857
742
3000
1058
1530
688
1661
773
1992
3279
2296
220
741
476
2803
2536
2759
2238
879
226
3092
3339
2430
533
2144
66
367
3098
2544
1392
3042
2358
107
190
2434
10
544
1747
358
3397
2492
727
3454
576
2167
323
1513
3353
2352
2364
2631
1925
2495
92
2117
1889
2280
390
865
1593
1780
13
947
1705
3144
3449
1654
1442
854
644
1245
380
1711
2800
2411
1865
1666
90
2157
569
477
770
121
3096
996
3161
1832
158
1963
1140
809
2782
2779
2127
2559
2347
504
123
1037
2947
69
16
3463
3102
1072
2113
458
1287
2442
929
2765
1569
2457
68
3365
3357
2811
1426
453
126
3210
337
1559
1135
2270
2291
2583
20
154
2879
1504
945
271
3428
3309
1986
1797
1342
178
2023
583
1321
1851
1115
421
241
2440
2351
224
2668
1248
660
2199
578
2788
729
3258
653
2150
2639
1620
2635
2396
1047
908
2249
155
330
1721
3048
3330
2944
976
823
1928
681
48
2609
2775
1913
1347
2674
2734
269
3021
2999
1078
336
304
1378
1310
2509
1658
935
1717
2227
666
2036
1864
284
801
362
73
2747
1891
2175
3245
463
2188
3404
1783
166
766
3406
1647
1326
665
468
2848
1150
752
459
2502
1854
1514
1307
1499
1043
3224
3070
2810
3197
2252
2241
1692
526
292
299
768
1164
365
2946
251
1816
24
3379
2658
610
2897
1648
1779
555
1827
827
1073
3076
1273
1842
6
3458
2881
2986
1369
1236
675
2742
1012
1815
703
1370
1444
3211
2264
1510
169
22
1180
881
2861
1525
560
647
486
1565
3063
964
794
1284
1899
1301
2760
1568
3399
2888
734
1749
1147
702
626
1202
3198
1556
259
3029
2354
743
2597
1984
2359
2902
260
640
1399
2463
994
2029
204
2080
200
1046
2798
3468
173
1004
2445
1515
3223
2819
86
1401
712
1166
2213
2813
2538
1474
2584
892
1498
979
3320
2494
478
2497
101
1305
3283
1665
464
2841
518
561
3348
2552
436
3443
57
240
2604
95
2078
580
2112
3177
599
700
834
3122
1279
2844
318
1169
745
2226
904
1443
2990
1143
150
950
697
1696
8
1544
435
2086
3229
993
3266
2585
1722
1387
3151
2421
966
2985
2974
558
2930
3435
984
2686
325
467
2105
1024
995
1673
1790
1097
429
2218
2770
948
1681
814
1044
2942
3046
936
1879
3088
2201
3369
1487
3146
1212
1452
2987
430
3089
1118
115
2484
2414
3252
2003
1600
2912
1859
428
1001
1613
1766
1025
2909
2818
2336
3363
888
1729
1796
877
2217
1521
129
2366
2020
1825
405
3100
3080
231
3431
2727
2614
2630
2968
3457
960
1828
2703
691
2866
2268
85
2154
3386
1703
42
2702
515
1292
2146
3171
384
609
3037
1983
1349
683
2615
2713
880
2186
179
1411
2225
1459
2961
184
1105
2943
3400
2420
603
3068
1931
3034
2035
2077
2083
1181
1850
2929
324
856
2534
761
1281
521
2215
943
1704
844
2723
2792
1478
2698
2626
2991
1897
3214
175
111
3222
2826
3338
2234
2543
2012
1997
382
2490
2931
3278
1299
3350
3157
2138
1049
2546
2950
1222
474
386
1709
1873
3381
2677
1496
2170
2781
2384
1187
2057
247
2235
1220
1693
1511
331
3396
2207
3371
1688
2514
1071
613
1209
3444
2471
3345
2687
3469
831
704
2098
2287
3366
1938
3043
2480
1910
360
1111
847
1060
548
2189
705
3367
630
2482
1481
3420
921
3248
970
2924
1903
1290
1501
1880
3
2125
2469
875
512
2895
2302
1606
2374
749
89
162
3051
1702
2033
3127
2278
3132
2301
1343
489
3347
592
1484
2600
278
3024
532
1906
1987
297
1385
3465
1584
1320
1694
884
1611
2642
536
145
1142
3410
1608
2533
2193
1811
210
484
1664
1457
3421
3162
55
1333
2731
624
2064
38
1125
250
1208
1808
1002
2641
3315
1477
1798
663
2671
3377
2809
1733
1129
2744
1991
751
780
3116
3242
717
958
1858
781
2259
127
2678
1465
157
2005
114
2629
1553
376
333
1160
1241
1441
3170
774
552
3022
140
2052
1754
1834
2707
2030
762
1999
642
1127
100
2204
3249
2917
1493
2657
351
1882
649
2846
3078
495
1216
276
1440
128
517
329
2783
1755
1272
2690
928
2392
0
721
1966
282
2283
1122
812
2087
2092
3165
687
1218
3349
2753
3241
340
672
2520
341
2443
2184
2628
2504
3208
1470
1175
2824
1765
3085
1331
3403
395
516
1063
1315
371
3083
2210
2070
3298
3108
1523
2667
2794
2072
1612
1587
3184
45
406
2416
529
1276
2212
2013
1804
2706
470
861
479
2169
1993
480
152
433
2000
2404
2285
3106
3394
2004
1994
963
3131
2517
1194
3207
2736
2603
3253
438
3361
2300
2682
2681
615
301
1785
1581
1644
3368
1578
1453
124
2489
1093
968
466
3311
3111
2428
2481
852
2507
2493
1257
816
482
34
792
1529
3355
2025
1277
778
2576
1121
2806
2066
1561
1371
1699
2056
2425
160
2109
270
2152
3310
172
2721
845
267
952
244
2741
3219
782
573
3243
1641
3425
2768
2550
2622
604
1591
593
1617
1239
541
811
3402
2058
118
2606
377
2412
3391
3117
43
2096
3220
110
1415
2594
21
1599
1667
1197
506
764
1409
1690
266
1777
258
232
3299
939
2128
2499
2115
3103
3123
2936
366
819
1472
1230
1393
1540
2048
345
235
3414
1419
817
3054
2498
1268
3359
454
3183
3192
1101
1185
2455
1950
1450
1464
1003
1421
1886
868
2525
28
3101
3152
1454
1563
1149
3094
1397
315
3228
1649
2858
2634
2757
2621
488
1629
2762
1156
2827
3292
3260
420
1822
614
1885
991
748
2055
2027
574
3256
3027
214
1520
2774
105
1725
1011
2479
3390
305
416
30
3009
2789
1895
634
3387
1460
2586
2905
2237
414
2620
1802
18
799
1137
3426
1772
2010
3303
216
619
2680
579
1048
606
2891
280
1902
2488
3082
2648
2386
1979
257
730
832
791
1956
94
2377
3205
903
2448
2998
906
1524
2408
2317
1302
307
1469
2133
2914
2837
1243
2589
2349
1159
3081
437
2293
757
862
588
2980
441
485
163
2799
859
777
2097
58
2705
519
2050
2876
1856
1351
1965
295
1534
3159
442
1332
1151
1604
3221
871
990
793
3079
3318
3050
1394
2954
14
1065
1615
2312
2771
1795
746
3179
2195
2920
1488
1425
2820
3418
942
3141
2802
2717
1405
1786
3337
164
1162
2719
2833
3053
1731
2829
1456
1356
3031
559
726
2009
2179
2211
1954
208
2435
913
3419
502
1836
1678
2805
91
1632
601
3408
1195
1919
988
2941
886
2562
1200
1890
2748
3155
1698
650
1652
347
3153
1258
2084
2948
2401
246
784
1720
1080
2531
2500
3093
1113
426
67
2750
2899
1178
108
1506
1516
1959
528
1152
2795
1311
2203
2528
568
3057
2273
2575
678
93
2935
1535
2773
514
833
3287
3307
523
2156
49
359
61
925
368
2426
627
2926
2395
2376
1489
829
1852
2192
39
1207
1964
3464
3336
298
1813
3332
2272
2324
3167
1008
2132
2834
617
1878
1639
3300
291
2574
3392
3062
2933
1543
2230
3112
1217
1894
1052
2901
507
146
1552
711
2952
424
2571
1144
2452
2155
3376
1651
1420
1507
1250
2001
3415
3160
1917
2045
221
2542
895
813
2763
2316
1359
916
1023
1967
313
3401
787
815
2063
2041
409
2305
1531
2131
1572
1367
176
3295
2342
783
373
2599
2383
2355
62
843
2135
2424
392
1019
2960
1398
2046
1697
2246
3325
989
1555
1136
2039
2294
505
1270
3077
2659
1675
1286
1776
2228
682
2540
487
387
2353
1114
1716
2182
2549
1614
839
2815
1355
796
1139
3442
1548
1077
3138
2274
3133
720
2269
1318
3451
3142
2992
2645
790
1848
1870
446
2121
3134
965
760
3453
616
185
1210
1089
3091
788
2079
1358
3264
3181
1888
621
2890
2107
2661
281
3169
1084
3275
1249
3209
1810
2485
769
2971
1826
457
623
1734
3135
2369
975
2918
1056
1018
1860
1618
1075
1176
2437
775
855
1120
2356
64
2183
1432
1414
2714
1532
1491
294
3128
2295
1260
1875
713
2875
1546
2900
332
1996
1088
2433
2311
1112
296
1579
2190
1742
1483
1847
887
562
1628
3107
415
402
699
2938
2849
3462
1423
2100
3125
589
1679
1128
2859
658
737
2044
1335
2328
1429
674
1300
2650
3251
918
2243
981
3238
2663
2608
1874
2797
954
2451
3237
3186
407
944
3115
2675
695
1389
2790
2361
1918
2456
694
728
285
2145
2563
2390
632
2523
2153
2814
2684
3446
26
2962
618
1676
2254
3114
2847
2337
2843
2636
2688
983
531
1567
2784
3460
2394
245
391
1650
806
655
1492
1989
3342
2464
2116
2357
1446
2887
3445
639
2143
501
584
1575
2267
2236
2253
1680
3201
2478
2486
926
1375
2613
873
1792
182
3432
2874
1382
3456
1503
1838
987
3285
863
1246
3010
1643
72
2581
2483
537
370
789
1589
1637
3416
2468
2921
256
1495
2662
393
598
1809
636
2335
2749
3090
2596
2808
369
2208
1542
3395
3174
1431
3466
40
2845
930
1508
2042
1907
3286
1833
1407
2660
63
3212
2889
608
1980
2385
3288
2511
1191
2776
338
659
1168
1841
851
2767
1533
186
2592
3033
2965
3047
1205
511
2075
932
3084
1685
577
3035
1683
940
2104
798
2060
1291
2547
2831
2344
1728
1976
3351
412
492
2159
3230
3244
455
3075
581
1609
3193
417
456
3312
2032
2163
955
673
1868
735
1538
800
1309
1094
2160
620
201
2786
1255
1079
540
2915
2519
3215
1096
1671
2231
12
807
312
2382
198
135
1104
1642
1933
2683
355
2348
2379
1381
1126
1537
1106
2822
2521
2709
1154
2970
912
2465
3358
3136
2761
2956
1237
1686
229
3217
225
203
248
2729
119
1259
2919
3180
196
611
2730
418
1930
1107
1512
2398
974
344
1303
508
1955
2418
1621
2303
2409
275
2491
2554
2314
1252
3086
2040
1916
2320
1379
3448
2439
527
3271
2473
2085
2275
2666
830
2432
1146
2644
2982
3095
234
440
1006
1936
3148
2062
2878
1410
1737
3156
3422
17
1148
894
664
1585
322
1328
2513
3383
3378
2758
937
1416
2102
2099
2158
147
949
2994
3147
1172
896
2503
671
1762
2223
1211
1760
657
1233
3380
1601
1069
1028
1835
1655
867
2093
2142
104
1054
1687
2854
2704
11
1264
2625
1086
181
2282
3056
2290
2868
2715
520
2365
821
750
2162
422
2573
2279
1799
2461
1770
1256
1741
215
1805
81
1573
1494
1691
1837
686
923
2067
7
3437
525
2756
710
3374
2022
1784
1566
1920
2570
2726
136
2633
941
1912
547
1386
1468
1138
1324
2438
168
1636
897
3130
1373
2679
320
524
1098
2632
2110
1745
3188
343
3231
1124
648
2400
3331
2700
239
689
3327
3213
1935
2173
212
2850
2339
971
3006
