1903
624
478
2118
118
1505
2368
1455
499
2457
211
2013
1776
1940
2107
1451
601
1696
1257
875
1086
1734
2469
1159
1078
2045
737
1080
1329
2187
1332
324
2072
293
661
190
559
770
2119
599
2037
1601
2051
562
1387
719
598
1928
568
1772
1373
283
2386
865
2098
729
1614
1261
2167
1059
1988
1430
762
596
269
2030
1384
625
441
160
1647
96
1610
815
26
857
1801
1816
1690
2102
1428
1606
728
2151
327
107
2121
1504
493
2015
1641
632
2474
1038
837
2611
1662
1193
1561
1638
1470
2675
270
1967
384
1157
1915
2403
1015
2085
2430
760
1645
1914
1624
382
791
909
866
724
456
663
247
343
1094
764
1704
1508
151
1937
1743
1098
818
1117
1255
1318
2508
1232
957
181
1122
1490
2337
1012
2416
48
693
1087
557
1030
1701
2335
416
469
292
194
1110
166
1471
798
550
768
445
2097
1076
2678
1039
2124
642
1910
1602
1486
2079
1637
2280
603
2
354
1733
2247
504
2521
1435
2234
1402
1352
486
794
2284
39
2396
1817
2589
2350
1900
1368
2364
1120
801
2144
2626
532
958
449
59
1510
2278
2671
1035
1516
1027
2484
1097
2306
2687
563
399
611
2590
451
1998
571
1613
1266
1469
2043
925
2153
1942
1316
689
1711
1916
1667
654
1596
2296
2179
1307
2410
2100
2263
613
1326
1534
1893
2016
1539
1878
1780
1847
2262
829
650
2379
419
2063
1019
784
68
1639
2440
168
584
795
811
2492
231
2511
535
137
98
2509
2162
1491
339
2360
1735
622
2291
2191
1724
2615
2587
1325
238
80
1337
1221
329
2385
1014
505
242
2040
1904
1758
878
1477
2597
18
2244
216
1319
976
888
63
2008
1921
1761
1945
1531
827
1681
1590
2229
2468
900
1598
2021
1520
2447
1090
1750
2240
701
726
1405
2489
1089
1174
1249
1023
1684
2023
2238
6
2294
2336
1299
193
1163
1460
807
717
435
1986
920
683
1398
531
1615
763
1047
2353
2601
432
1005
313
641
754
474
1623
125
1481
946
369
1060
2339
61
626
2212
1636
2524
2320
10
906
2493
1346
301
513
607
2279
2491
2654
1908
494
553
1499
816
1370
20
1948
1025
2221
1484
1978
990
2635
383
2659
725
2141
1592
2561
2545
645
1580
1467
1922
2058
1056
2224
1262
1782
2022
1584
2686
707
716
187
2225
2677
2297
1419
434
2371
479
224
195
2444
2024
2461
1206
158
2206
1881
2550
1771
1877
1755
206
1969
2123
1829
2113
55
1130
2383
128
2499
1841
2354
2193
991
2441
1707
1438
477
2607
995
1158
2452
2269
2498
2235
823
2103
1532
2311
230
848
1371
1803
1190
1651
609
1029
1385
1101
1549
2609
1340
1287
840
769
757
1658
1939
84
1867
1353
1431
291
1654
810
2472
1976
1104
2650
2696
1382
453
1896
670
127
692
2175
470
1653
245
2054
273
657
1607
688
2451
2370
274
1892
1028
993
910
2432
1336
1555
996
938
243
1670
767
473
1134
1324
723
2314
1836
2159
1390
1037
2401
1800
372
1530
1565
2217
967
286
2182
2559
2599
593
2243
2637
2049
1739
11
526
144
1292
605
1918
713
2342
1422
1092
1879
651
2551
2139
962
1464
1563
1513
423
1958
1084
124
2381
1582
2433
1968
2092
2624
1424
930
677
1433
183
2514
830
2646
1703
1868
1946
2439
1605
1317
1061
1226
1650
1570
1199
984
2111
2593
1757
961
1204
1379
448
1514
1874
1461
1691
2427
2201
403
1166
1964
2359
1077
2543
361
743
1547
1247
319
215
454
457
338
103
318
1139
1151
438
673
1452
1618
488
1649
542
1767
1812
1397
2575
52
2621
2142
2467
97
2546
427
517
402
2333
2542
2307
1787
104
2663
2357
1897
1412
2623
1434
1674
2420
919
2616
2303
2443
936
1949
1716
666
1931
1806
2378
838
1611
1409
2173
1680
635
2120
615
2584
315
987
2146
174
152
121
92
365
809
1731
248
2055
992
213
122
406
721
2180
2608
646
1503
498
2047
1113
1706
259
1669
2027
2662
806
537
1646
2264
1095
2194
1327
2539
2528
2361
1581
934
69
1567
1140
1136
949
331
2660
1754
502
1179
521
924
874
2487
1245
835
2003
161
672
1305
409
396
690
1468
123
929
2039
1182
1676
461
582
2052
755
114
751
1480
2210
1301
1880
1377
1851
1135
483
316
2060
2690
2204
1209
1321
272
2683
200
1057
849
2418
1273
2688
618
1689
311
756
853
420
1344
2556
1876
2136
2391
2485
1687
1169
2218
2668
489
2237
1141
2026
70
2292
669
2393
1538
119
1526
2025
1022
1553
825
1588
1009
1119
2448
458
347
388
1251
1192
355
4
1723
1004
1102
813
1808
1790
1959
1925
2255
1414
748
2223
969
1186
814
953
775
587
1786
1597
1985
1020
2318
1185
1450
236
2091
1640
102
617
937
1891
2435
64
2005
1675
1519
1765
832
854
1507
1230
985
1448
149
452
1152
317
240
350
758
1380
2437
691
566
950
575
1981
890
1351
1509
1736
2310
1105
2449
1930
2633
856
40
1975
1804
779
5
464
1347
704
2526
583
882
2572
1040
2600
1648
1886
295
49
2417
2104
2018
2083
659
1652
2356
2639
638
2259
2537
711
1752
2348
1573
147
2583
2585
1219
968
60
1600
1252
111
2693
1395
732
871
223
262
2114
2281
983
2029
404
793
1775
36
271
2145
346
163
294
620
460
417
2076
2674
1075
1253
2414
2317
2497
2606
198
1454
1578
2198
1369
356
781
1769
201
1100
112
1349
1361
2602
834
1235
580
947
745
1956
414
581
1391
2397
595
2289
780
554
1748
776
2309
660
221
33
610
2382
1558
944
2442
2473
1887
25
1044
1224
1802
1465
1258
558
1726
278
172
1858
2463
2232
348
366
1970
1745
50
12
633
786
1215
400
1205
1568
1312
110
1856
1661
552
1585
643
1355
2128
785
29
2328
1148
1300
1943
1296
115
32
1365
2501
1067
2548
2421
260
1586
297
1456
2101
2490
1609
91
901
2376
2112
1821
2653
1283
332
2056
1437
1749
1280
1001
73
2638
2517
1542
1322
2399
2163
2669
1338
304
1764
2406
1234
2689
1308
956
130
1852
569
14
2207
252
1833
290
155
2165
1512
1898
1789
468
466
2580
1116
1334
1548
480
1069
1194
257
148
328
1492
1485
2157
218
892
1579
1571
714
1522
1525
999
2322
1267
71
2429
588
1144
226
1783
1154
362
446
367
602
1575
1354
2258
2588
1036
1796
1781
696
2172
2245
529
902
1339
475
392
1810
1934
675
1129
24
2137
65
1333
2538
2614
1919
314
62
1071
2183
543
2344
1837
2503
335
1905
2431
1546
108
394
2070
1973
167
1178
1383
1449
1953
1440
2425
1882
1378
915
1045
2331
2256
1203
1142
391
1348
433
1944
1381
136
509
2573
1425
1426
1457
2090
753
612
38
2513
2684
1502
895
2591
2222
1175
665
1208
1180
736
966
129
2519
1864
1865
23
2394
1233
1620
1954
2358
173
2330
2205
1132
1294
75
2436
2618
249
76
1768
928
13
363
1695
1677
1560
222
1265
182
1074
914
2340
1476
896
1225
863
1779
1798
214
1862
1977
2643
106
817
2581
2250
1826
1403
169
323
1500
2149
1901
712
1834
1820
2295
2656
1710
750
192
352
202
1883
1053
405
2127
2068
444
880
939
528
2404
970
520
497
1303
2540
1270
1501
2536
1679
450
2554
131
1642
627
1777
2249
145
373
858
2515
1475
812
2569
82
1197
907
1243
109
1115
1168
1216
375
903
246
170
1554
430
765
268
2071
232
1487
21
1165
1323
671
2504
740
606
1506
1859
162
1971
2271
684
1055
2366
1121
1533
1885
1474
2106
95
975
1362
1917
1668
1951
2398
1697
1137
2082
2605
85
1994
1714
1524
833
2355
310
647
2642
759
2657
2059
1407
87
1447
2199
1146
551
1551
778
2628
2110
1889
229
2411
2568
1493
2363
1715
9
261
2140
2299
100
1291
1248
2553
585
364
2619
722
2533
1926
1041
2208
2007
1822
1108
2574
1217
279
628
16
487
843
1010
1311
1947
1007
2562
851
2481
1517
2482
397
1034
2527
380
636
2510
1099
2035
1564
2695
578
51
1427
2131
2129
1961
1429
1202
2673
2197
1873
1032
177
176
501
1912
525
922
2629
1818
303
1644
2266
570
2275
1229
341
225
267
2228
116
353
879
2227
2020
1357
1000
941
2009
1328
275
1604
1478
2586
826
648
2450
997
1107
2369
2200
2594
1995
342
2086
510
952
1521
19
1866
265
1589
868
1562
204
189
2300
2424
2254
2301
2032
614
2453
1552
981
31
239
1815
2010
1845
1298
217
1356
2413
2390
1814
2649
336
1933
549
539
1672
2641
1196
1495
1935
2577
2004
1729
2476
2679
126
135
117
371
852
1537
1043
308
1241
859
2251
2400
43
2625
1013
1911
2522
1855
932
2046
935
2069
1712
730
1630
1794
800
2520
960
2220
668
1413
1556
533
1685
1062
1309
1052
2195
2652
263
54
2338
1972
2392
360
2125
1118
1846
47
2158
889
495
2176
188
1593
1632
1389
2324
2352
208
519
2325
349
440
1288
410
828
1631
1408
426
421
2694
2483
1128
138
649
1721
1237
2456
1473
1410
634
2261
1231
1545
2087
1111
1472
2302
2138
1839
2423
1888
887
2050
105
1064
282
1692
2697
523
285
2388
2518
536
1774
1718
442
1161
2312
2680
1788
2170
150
1006
709
1498
1244
908
307
1913
395
1394
508
2166
490
1643
2434
2154
2031
629
302
1068
808
824
2651
2011
2458
2169
1156
1239
1566
141
1932
579
955
883
2640
2282
1223
872
2105
1463
481
979
7
281
1274
1268
1443
695
2460
1313
209
1109
783
1657
139
2664
1759
2466
385
877
662
46
1162
437
503
72
1008
1051
1213
2038
923
1869
1766
1401
2544
2036
1418
855
2093
789
621
472
2152
266
422
664
2409
496
1728
1350
597
2579
374
2566
93
2147
1187
2676
2512
2604
2384
379
2692
1844
556
1823
1541
1763
1375
2644
926
1595
1819
175
2346
1835
1738
644
674
1655
1952
418
2351
1936
345
2126
2288
1980
2682
2402
44
1126
340
1496
1884
1811
1665
1849
1106
2088
951
2077
83
1021
2080
381
844
1671
2486
2099
492
1850
819
1540
655
741
917
2290
977
590
2062
1629
805
1793
2459
1459
2181
804
1527
143
1446
1843
1289
548
1785
1211
1031
2506
577
8
2471
1760
1293
739
2564
687
191
1717
113
22
2475
2446
1189
2479
1955
2283
1466
67
1404
2681
1376
1895
1195
2130
2365
534
1709
1184
1622
1536
309
1960
802
320
1489
2422
2188
2156
140
1123
1290
370
913
337
1559
1416
1612
841
2006
1747
185
772
1063
2241
312
157
2171
573
2075
653
576
1628
1957
58
1386
2530
1070
2372
682
2148
330
1214
912
1260
2116
623
1278
2670
1417
2133
2108
777
86
847
1358
2216
1240
1335
412
943
1445
911
2308
589
1200
184
1272
1131
2202
255
720
616
1277
1807
1330
2329
982
1663
325
2078
2161
2567
428
921
790
1050
994
254
1875
133
2341
1686
1756
276
2132
842
2214
862
2053
398
1523
565
1963
387
1871
171
482
2115
2094
280
1143
1625
2667
431
1176
2613
2305
2622
1285
658
1576
357
2215
2033
2570
1634
1997
2557
2596
1173
2044
153
2273
101
1439
1183
2260
1147
1809
212
1751
57
656
2287
2270
1599
1220
1828
299
980
228
1950
2632
1483
2648
2563
1577
2405
1938
2534
2691
540
1827
1155
2332
53
1359
1442
1617
1825
1929
619
27
1306
1295
1093
1719
2000
1024
2558
547
2507
2380
1683
1722
746
2345
2412
2304
42
2531
2248
1002
574
1894
742
608
227
2516
1364
1415
1860
2066
2196
506
2634
2367
1840
681
28
2286
305
710
1550
560
2057
1160
727
1082
1656
787
2239
429
2465
2185
351
640
1543
401
2298
685
1746
2477
1838
389
156
2672
1423
1923
1411
2464
516
2265
1297
652
2665
2529
1363
1228
639
1664
680
2500
1366
463
165
749
2377
2095
1535
1254
867
2065
500
864
253
904
1065
471
1574
88
1066
1048
1872
1172
2134
2135
358
2268
2480
2277
873
1778
972
524
1125
1026
771
940
869
186
3
2576
0
300
1282
2478
377
199
592
2231
2014
1218
2523
1907
1987
2666
1713
527
1127
2389
2685
2505
667
277
424
1863
1982
2272
2426
591
2699
241
2347
258
1250
1374
897
1518
631
1594
197
425
1797
2555
1700
2122
2387
2373
774
1212
1705
898
1762
1725
289
2617
2073
1081
321
2502
702
2155
2164
1222
1627
2190
1732
1091
2547
256
1678
159
515
439
899
1042
1927
296
876
518
2326
411
1528
679
2109
288
1114
881
2592
196
894
1343
1633
81
2560
2246
507
1795
1688
1902
1400
2257
264
2343
1331
2233
2017
2096
1210
2454
788
1924
718
1626
2334
1909
491
2571
1488
2048
1857
2316
1999
2438
989
1830
555
1003
744
2428
45
1694
2375
2230
2042
2067
1444
2323
1153
2041
2610
1621
1049
2541
1773
738
2598
1494
1046
600
30
2415
700
287
2150
2168
2549
207
1124
1693
1557
2061
1616
1177
78
2636
467
1984
1941
2177
368
1861
2160
2327
905
2192
415
2203
1420
918
1660
698
1682
594
544
773
1191
2285
1073
1666
1314
1236
747
1188
1436
2535
386
1983
752
35
604
1112
56
697
1246
244
79
1
2407
1740
1741
916
799
2582
734
561
1708
2578
1150
860
766
1360
2276
2117
120
885
2627
1171
2178
1421
2655
203
1392
884
484
1799
1072
1033
541
1393
210
1870
2081
1017
1167
2470
1974
839
797
393
931
782
2419
1275
220
1138
1304
948
1979
2143
2496
1458
2525
344
1198
455
959
1018
1149
1256
17
407
630
41
2242
2630
2658
1603
1388
963
1096
891
1583
971
77
530
1659
447
1269
2209
1792
1242
986
731
235
964
733
1698
1462
413
1264
2698
1170
831
1990
1989
1784
1263
1966
2455
234
2074
37
2488
179
142
1744
1367
465
2174
572
1890
1016
334
322
974
998
1406
870
836
132
34
2184
2612
933
306
1271
2019
2661
2647
2211
1737
678
1207
965
512
1727
1920
1770
89
1991
408
1181
251
164
2319
2293
1372
146
15
1259
2189
514
1441
1824
376
1899
1572
1842
459
927
1453
586
2395
637
703
2603
462
893
706
1608
333
511
2226
708
954
180
1284
2495
978
803
1341
1848
1054
2408
2236
94
1302
390
886
1342
436
2252
846
1276
942
945
1791
973
1279
792
821
2349
705
1906
1079
205
326
850
1544
1813
686
820
1996
1511
237
2565
2362
1993
796
1832
443
1281
2321
90
1635
1399
699
2253
1286
2374
1320
1619
2001
1011
1742
715
1992
564
66
1396
2186
1432
1103
2089
1831
2315
1315
1058
1730
2620
1482
2274
2064
1699
522
1515
1805
134
735
1569
988
1587
546
545
2494
1201
676
233
1853
1965
1088
761
2462
2002
2012
1085
284
1591
250
2028
219
2213
1720
2595
476
822
1164
1310
2219
567
2631
2313
694
538
1227
2034
1673
1238
178
1962
861
1145
2445
1529
1702
154
2084
2532
2645
845
74
99
2552
1479
1753
359
298
378
485
1133
1497
1083
1854
2267
1345
