1055
1818
1559
2111
1126
2513
140
1926
1936
180
580
1215
1537
1101
775
2
2416
210
203
1420
33
1387
1710
1630
2286
1226
440
2409
787
2084
785
2369
1359
1373
1609
441
1561
2221
1204
1294
2256
1598
107
733
1619
1645
1
2539
2405
1692
2121
2355
2419
77
311
443
2196
2153
1224
1923
2331
602
2669
39
605
365
1520
767
407
1080
2623
1615
548
2125
1780
891
1522
1250
1057
2095
2657
1806
1766
260
1693
372
1071
2563
688
2575
1052
1058
1841
562
1150
1016
2023
547
687
463
2154
1329
890
2314
2191
1299
221
465
600
74
314
1049
950
1327
285
1258
160
498
1203
564
833
955
2474
2318
1235
2215
1775
1526
1507
766
197
1475
1212
2526
1641
2049
2038
1217
2495
1876
471
617
268
2585
1784
2547
2674
1089
1098
1529
460
2525
1864
1070
1330
762
1118
1994
76
840
981
883
1547
2564
2333
2217
537
2616
1438
2533
2021
1477
1499
276
747
1432
2588
1194
851
2648
2003
1027
2077
102
1787
729
58
405
177
183
1007
222
2047
2043
217
26
464
1107
2400
1025
1035
48
656
1816
296
2685
1195
2675
215
1987
768
472
551
706
2183
208
66
352
1023
2628
2192
1648
1325
2600
855
2072
2639
290
2063
1110
83
2508
694
1214
795
211
824
292
1931
1433
1004
1501
2479
660
2218
2162
235
1797
2272
1196
89
649
439
979
1408
1909
852
1494
254
1900
2507
2321
1187
1065
1045
301
1808
2123
133
1891
1834
406
1356
974
1183
2287
38
530
1902
72
18
2277
188
2686
2499
1686
1175
2164
2235
1497
603
1410
1912
7
2242
298
2027
112
748
1583
1205
1191
885
2389
2067
1275
1725
136
1777
391
1323
1128
613
150
417
1711
2390
2200
1694
1229
16
783
521
2246
730
661
1461
1847
1815
2071
1228
2320
1505
141
627
2143
2058
357
2642
1047
1697
2105
1952
1957
582
426
2565
393
492
2001
2450
967
904
2408
1301
2498
187
63
2666
497
1828
2368
459
1560
1566
503
1668
2580
1131
378
2698
2149
2303
23
1241
2103
1000
755
1383
129
1042
976
2592
1198
389
1365
804
1616
1748
430
1100
2353
848
1440
834
1236
1682
456
1005
1629
1202
143
1185
2614
2317
65
2682
1549
473
1824
2505
520
2134
1917
2172
273
2456
1142
1372
1752
2308
670
2322
2260
1014
316
295
97
1873
1287
2683
2472
85
632
1733
1525
1735
2050
794
122
1193
1197
2289
821
1033
2423
1925
1385
1643
522
2065
305
2481
176
54
645
523
1315
117
2208
422
2442
2037
1696
641
37
2433
2487
1067
242
1695
1443
1367
1945
212
959
1624
1409
342
1655
2537
309
1889
1399
209
615
1389
1863
682
369
1514
1633
367
2403
139
1840
2051
758
476
480
1335
2076
886
1736
1646
2089
113
1649
750
202
707
1243
158
2661
1297
1907
1425
1171
2676
490
1576
2431
1276
2558
2480
998
2298
1334
1719
2096
563
1962
2083
115
1050
2193
663
62
259
1557
2267
87
2486
1207
774
2677
2227
1558
233
1254
997
30
1421
2426
297
1573
849
2173
2435
916
455
514
709
864
155
2148
2312
1451
832
574
814
1869
2342
2219
392
2660
2301
1376
796
620
1153
2132
1625
1845
2079
2064
1504
1638
428
2609
554
2211
192
1136
2266
377
1789
1591
346
1603
1406
1884
1292
2570
753
1256
1053
531
2195
1821
1792
2146
1546
639
805
1199
553
1108
2540
1596
277
691
592
1993
2494
1088
2461
1690
2120
239
510
2696
2158
924
1754
2040
1123
802
590
2007
1439
2467
1724
1680
1779
329
1535
2297
1905
612
324
2360
984
1918
1829
2694
1569
1657
2245
2634
2378
828
493
2113
21
1811
773
918
438
17
2126
777
1077
2510
862
1087
913
919
2060
1762
996
648
2514
1768
1908
167
2418
1539
2538
2436
763
581
457
1795
1745
1737
2062
1878
624
1715
788
2383
2347
1021
2536
1765
674
2414
1130
637
1708
1941
1316
88
854
1338
2365
1773
857
2439
1369
2550
1732
2612
186
323
2133
579
1485
1921
1133
1983
578
1143
760
625
725
2396
2151
1771
887
1568
319
258
1593
1875
1427
1296
1903
411
1916
2430
2484
2161
2278
1743
1853
1267
20
60
138
1247
2556
2470
67
1149
1954
846
819
1518
2511
2304
1521
591
1915
778
2459
272
1621
246
666
507
651
2302
1980
920
954
347
1532
1303
470
1713
2205
2632
1428
1669
2104
1684
1448
1328
2238
1111
1424
1986
895
2485
953
621
2491
2163
871
1517
1683
381
1924
1997
388
2078
940
1377
1401
1393
1132
1347
1932
1985
626
2454
106
52
2401
2371
1405
2664
780
1436
1395
1230
2476
558
1555
1631
1484
1553
256
902
1190
1800
144
2601
1366
889
2141
1189
1288
2283
2659
1836
606
2187
1307
2179
1091
478
2633
2428
2261
1933
2307
1157
2572
524
1465
1753
2166
2157
990
2447
539
2384
2160
1551
2336
1094
171
1699
1302
915
1442
1076
1632
2244
616
318
1353
2327
1570
516
2107
1970
1085
127
163
1041
2630
2662
1122
1996
772
1575
2638
2197
36
684
337
2296
270
1702
1154
1464
31
2584
2397
714
1066
1691
1991
541
2338
964
73
1069
1530
1278
1124
1958
2402
1662
475
1028
341
1827
810
1002
224
2388
1084
1760
791
2156
818
2579
1622
1503
172
2199
847
1574
1308
2011
2086
41
1817
696
49
2524
1660
1444
1679
2349
1965
2109
1384
1894
665
2618
1676
1966
970
859
629
515
884
79
1951
2619
1263
2013
894
2223
528
654
2204
1579
1246
1151
213
633
1223
145
2341
70
644
1172
1716
1895
206
387
2542
201
1322
1706
593
1835
2429
838
925
701
866
2016
1119
453
2622
1013
723
2460
2640
798
1769
2577
2082
1567
1351
1820
368
1803
911
583
827
1487
1545
1930
1490
2206
962
1674
905
1605
927
2502
2688
1844
2285
1148
2114
2252
1592
1528
168
1201
2354
1577
968
1750
477
1563
2578
116
587
2597
248
278
1814
830
132
178
2258
275
657
2445
1032
2387
1742
572
555
283
2055
2230
487
693
769
82
1960
957
1992
1688
2189
2643
2557
379
2092
384
2532
779
745
978
1074
2180
1481
1434
912
1849
333
385
200
1848
199
650
124
2045
1261
1721
123
2440
1906
2131
2122
1606
1608
1346
1075
274
1386
1785
1192
969
647
2503
348
556
1479
1701
2100
2596
236
945
1584
121
1319
2363
842
370
1580
137
1239
1349
1740
92
2468
109
481
985
502
2646
2274
861
304
1673
958
926
2093
922
409
234
711
1538
8
829
1943
2687
1099
78
2281
1284
2097
280
799
2250
355
930
2560
2382
1885
1129
1677
1060
1046
80
1562
1623
604
2022
2406
2340
1812
2326
1495
1807
40
1337
1391
1846
1942
2562
2167
1184
2348
491
2552
928
345
2393
447
1024
2681
2407
983
1502
1730
1718
867
1458
2229
1772
147
189
546
2404
19
2138
2583
2039
822
179
1661
64
255
797
2448
653
264
2202
1913
232
445
1813
146
1264
403
1581
2295
588
130
1314
241
1973
15
2152
461
2224
250
695
609
550
823
1343
2136
538
2594
914
1791
1019
1809
2070
2516
1934
2671
1896
330
134
888
977
427
982
873
2361
2531
1426
148
419
1564
2566
1794
2446
2006
289
2437
1168
594
11
1003
961
1225
1948
2233
1413
425
643
2611
586
2626
908
43
231
732
432
1747
5
1289
803
1155
326
1565
1554
1729
226
1548
2280
2549
1700
1610
1744
135
1720
549
1861
2075
1272
28
207
1508
413
1269
2613
2085
534
184
1048
243
1282
2636
2548
2225
1355
948
631
1147
1266
573
1595
2567
2379
302
2650
2130
399
1392
1782
152
683
205
568
1968
1602
2265
1870
191
1939
1617
1218
2201
50
1964
2607
1634
1647
607
1231
1534
2441
1790
1009
418
216
1034
1417
2417
2432
120
2455
1709
703
307
1759
831
34
965
2351
2350
1483
835
718
373
2087
2129
2313
57
1306
519
2589
2090
142
1039
442
933
2398
686
1279
1879
1163
29
69
2198
1320
2647
2305
544
2458
956
1757
2330
815
640
1257
1838
1134
622
1899
960
1542
1543
2174
2010
717
505
1883
1177
2475
874
1640
2595
1020
312
114
75
1398
2678
2081
2667
853
434
1182
1179
2465
494
2068
1412
2668
1078
412
671
390
1550
1914
1249
1664
1159
466
719
468
1396
2118
757
2106
1222
282
2375
1833
2653
450
2310
858
86
897
1536
1761
2478
825
299
2603
532
2391
2463
845
1298
646
1822
1140
506
2543
807
1043
1910
2264
1063
2386
1430
2273
1652
194
0
1015
567
2515
1670
322
2637
1714
1585
9
1093
404
736
1253
2094
1493
1763
1006
1666
1079
1378
2610
2254
1348
2427
2679
1121
2574
1210
2009
728
1859
1054
437
816
619
2209
2116
1271
483
770
1138
1446
2372
2512
238
1317
131
1380
383
227
1830
1056
343
839
486
1370
340
2395
1976
2171
708
875
1946
2216
1995
247
265
1653
1186
2645
680
1234
1262
589
2253
1095
335
45
1758
2352
313
1037
1342
1659
44
1390
240
1345
2522
844
1492
1311
876
2002
737
1176
306
1248
47
2101
2042
2275
14
1062
2185
110
1169
2024
1211
2328
2290
2000
2036
610
743
820
1707
2150
865
557
1012
444
2523
642
812
2032
2641
1358
267
269
1291
2509
1764
1333
1727
2656
947
101
2411
1582
2178
2469
1255
892
1103
2399
1081
2631
1096
1675
1423
1749
565
722
261
571
229
951
1928
869
1801
526
358
942
1242
764
681
1310
271
2528
1435
1741
2159
356
585
868
1001
1363
2020
1746
1466
317
527
308
1781
576
2602
451
376
700
2052
677
2652
12
1854
720
284
1523
1974
1472
1173
10
2139
1216
756
2695
165
1251
2112
1755
1326
435
2334
559
1340
446
716
2500
509
1880
806
449
2665
2410
338
394
149
334
2627
1825
2080
2466
1188
2482
2692
111
166
157
1208
360
1717
1145
2569
697
397
801
1059
899
1460
560
1300
742
1947
1893
1920
740
1092
173
1162
2255
344
1512
726
921
2294
575
995
1127
1491
396
1467
6
1029
971
2344
2004
1988
1068
2551
2015
879
678
2175
1281
1658
1445
1599
1178
325
96
1164
504
1636
103
1144
508
2276
1478
2358
1072
2697
744
1685
1180
2452
1998
1227
2124
1955
416
1509
1601
1620
1038
1252
2617
2239
237
349
2168
1022
1979
811
1949
784
1919
652
1858
228
1937
1160
458
1519
2573
1586
1552
1404
2591
1572
2339
2247
424
2530
1165
917
1135
159
2370
598
2381
1473
2651
2137
856
2231
935
535
525
454
1678
1897
1031
1654
2259
2236
485
963
1839
2140
2073
1681
1166
635
692
95
1437
223
2325
1459
2108
1371
214
2576
24
1312
2268
2056
2269
980
813
1471
597
53
2034
1441
735
1831
2329
1852
952
584
2680
2490
2527
1971
1613
1663
1961
1174
175
2119
1823
513
2184
2471
1704
655
154
2587
1361
1639
2521
2315
395
662
496
2624
293
882
2323
2422
1200
1857
1232
1837
153
2654
288
169
2234
2169
2367
601
2279
2449
198
2257
433
1036
1109
2357
2345
119
2684
759
1628
2672
731
351
2535
931
1010
170
863
1689
2420
1280
808
2019
1152
151
291
2586
331
1277
944
2598
402
2693
2226
738
500
543
1739
1855
702
2018
2451
2541
1339
1850
2699
1506
1656
943
398
1927
2061
841
1463
2356
1731
937
552
2517
2553
906
673
2425
636
2014
1486
2362
860
2053
909
836
936
566
659
1388
2544
436
2546
1524
988
1860
1102
156
765
1977
1488
939
1400
35
2554
2028
595
1862
1106
263
2493
1728
1726
713
2604
84
1407
2606
2203
287
185
596
809
1125
1940
1498
1856
1866
2048
482
2300
4
1967
2421
1304
1867
1313
1533
2625
910
1375
1336
2492
2110
2263
90
266
2299
2059
1975
1999
712
1146
872
2144
1040
1321
366
1482
1511
2098
328
1158
1911
1571
495
1618
608
1468
408
1285
1273
1642
1544
973
1810
2555
1500
1590
1141
561
1843
751
300
164
698
1318
1667
792
1456
1882
3
923
46
1890
932
1611
61
2364
2385
2519
761
98
1105
1788
2248
1454
1969
423
2222
1112
1774
776
1429
2629
1888
793
1457
310
2343
56
2413
2249
2691
689
22
1804
752
2373
2377
1604
877
2689
1233
1008
987
1011
2309
2590
1950
2690
1904
2673
1120
25
2243
2620
1516
1260
2291
108
1805
1826
903
361
2091
2608
2017
1868
321
2292
949
1588
100
1527
672
511
488
94
336
350
1722
724
2488
401
244
99
893
1354
1672
1219
2177
1799
1594
374
281
946
1589
1644
1981
2374
1268
1030
1331
789
545
1397
1607
2288
2031
1489
339
2181
452
781
2561
1115
2046
1877
2621
634
2194
1379
2534
251
623
320
517
2506
294
782
1026
569
429
2282
1167
1286
1090
2581
734
1874
679
382
1082
414
93
315
128
1283
249
245
1665
786
1798
2635
658
1209
1871
2324
1515
1978
2232
1381
1455
1309
2545
1462
286
1767
2186
2228
1802
1783
1778
741
1984
1705
1898
1419
2182
469
2033
2424
182
1064
2240
1394
2213
1452
705
1368
746
1244
332
668
1344
1556
386
2030
881
2412
364
1245
32
710
2457
1350
2041
1963
536
1929
1139
1270
2593
754
1360
664
1051
1220
1578
410
1044
929
837
420
2518
1411
2220
1061
462
2415
51
104
2099
2069
2615
218
1510
1935
2316
1496
2035
1944
1627
1892
941
850
71
739
2237
1687
1402
992
2029
68
1476
2568
1635
1738
898
542
989
1097
1357
1938
253
533
2335
966
2127
1751
1851
362
1117
359
1221
27
42
181
1415
2311
1295
1842
262
2332
2135
2529
1587
2293
896
2262
1018
1083
2366
529
2044
1116
1073
2026
105
2444
2241
1886
1364
2483
474
878
749
630
1104
2443
1956
1872
2380
901
2155
126
1901
225
1989
628
1734
826
484
1403
162
1450
1290
125
1887
994
1703
2188
13
1305
618
1513
800
817
371
611
2658
1382
999
2392
2271
1418
2376
1086
489
2496
2270
1293
2102
1453
2434
400
1614
512
669
2147
1324
2212
190
2190
1362
2251
2438
380
353
196
1972
614
1449
2464
518
2025
257
2145
1637
667
1113
870
1470
174
2473
715
1480
1982
2337
1161
2054
699
2670
2319
1650
2599
375
1206
1352
704
2497
1819
193
1474
2074
161
1374
2649
1881
204
771
934
1723
2088
577
1600
2128
2559
118
1259
1469
986
1341
1612
499
2504
907
638
1170
363
2655
2142
230
972
1240
880
1156
1922
81
354
2394
303
2284
900
2359
59
599
727
220
2306
1832
1959
1137
2066
991
1274
1786
675
2346
2165
1865
2057
1776
721
2501
2582
55
448
2170
467
1238
1531
2489
676
2663
2012
91
1793
2008
1626
327
2115
1770
431
1712
1431
1698
570
1447
1756
1990
252
993
1414
690
2214
2605
2005
1597
685
938
1237
1017
540
1332
1651
2176
479
279
2210
415
1265
501
2207
1540
2644
1213
2453
2117
219
1796
2477
975
1416
1671
1181
1541
195
421
2520
1422
1953
790
843
2462
2571
1114
