1670
1267
2080
358
417
957
780
59
2433
607
992
1355
2348
359
1728
49
1387
11
1862
2101
65
1900
2129
87
913
428
1147
2292
2634
920
631
1528
2160
48
2144
2334
1522
1388
1672
2180
2169
2509
2296
1262
116
229
881
592
2089
380
639
2673
803
1484
567
1144
2445
2583
1968
1600
1965
1317
1638
2339
2105
68
2391
2644
1650
2459
887
1156
2138
766
2576
1083
1023
532
1443
241
1306
164
107
1460
671
244
1091
816
1959
783
163
401
16
1697
1248
848
1135
1657
817
1768
1238
473
978
1036
767
2109
2027
2166
1391
1074
1043
1284
379
1909
676
367
2159
1407
33
150
328
576
2266
1993
947
220
1029
2163
2133
1509
418
1438
1222
2340
434
146
2419
1881
1196
2408
1929
2310
733
2598
1419
2495
1627
2365
440
1594
1172
301
2447
1761
2434
2279
1679
911
1709
2568
998
562
1720
505
1016
712
170
1184
2134
2679
1999
1824
708
1177
685
741
95
1358
871
246
1245
1353
918
1417
2099
1480
308
1511
1285
1536
179
553
1255
1826
1252
996
279
1364
2556
1529
2536
72
2223
715
84
1535
518
921
2564
2575
192
968
1300
2537
1006
441
2120
1084
1001
2435
2693
2400
1035
40
1554
1593
386
1167
1055
144
964
938
1947
839
1488
242
1370
1273
841
876
586
982
1864
573
1123
1716
599
2194
2612
2366
1896
2156
1734
2508
266
152
1209
1039
606
1007
215
213
396
643
2683
1933
762
1877
149
1026
846
2587
1062
2123
2200
1040
1057
1612
1818
2650
1880
1128
1801
1158
2172
1188
2330
1960
1072
278
1560
1632
1250
1936
1108
1605
169
2682
1269
133
2247
25
2045
298
1005
1557
966
2515
1819
1788
842
2697
2687
2069
1520
1120
2006
1254
828
641
1512
2548
2170
432
559
1264
1447
885
1687
2145
1038
1010
1309
2472
2325
1994
2182
2350
1021
891
1505
1715
2617
1397
2060
42
1626
1276
1623
410
1189
1575
1756
883
756
1125
2399
2110
868
190
651
1938
2425
778
988
2416
2409
2413
1027
18
139
366
201
1874
1329
1319
580
104
1671
624
1203
238
147
497
628
2475
2635
2058
294
1257
2091
2199
1694
183
1861
557
1708
2474
1351
2596
1157
210
166
2139
547
929
647
551
2611
1928
9
836
306
93
1990
1987
1102
1315
1060
2529
1302
2543
1002
231
2125
1611
1648
2083
195
2168
280
1345
849
2692
2273
535
486
442
1645
2264
249
121
1421
1729
594
2443
500
2113
2387
2448
2412
313
102
1869
1287
1724
182
1794
2253
2616
2444
1067
384
914
2189
1466
1368
930
1226
2699
1614
1927
435
1003
614
1379
162
2467
248
2017
1738
1204
1839
122
2361
2286
2256
493
2407
273
972
879
2562
572
2525
907
2214
2397
738
2231
1547
143
1548
2265
1474
1146
494
397
2375
1265
2239
1224
2471
420
802
1119
1926
1289
1079
260
1283
1051
890
2694
925
2602
1350
2309
1175
60
2362
1496
1328
696
1955
119
1149
2222
2162
311
320
2202
1743
1066
2671
713
2370
776
295
1851
1092
740
1643
1875
990
2462
36
2381
2641
1602
2183
709
2642
2342
1342
664
1179
2546
1802
691
862
468
2308
2072
303
1660
461
509
1166
2410
2383
541
1274
431
2371
983
214
923
2082
1361
1518
1616
2280
1978
271
770
1233
1541
1398
731
625
2595
2040
74
1263
905
50
638
1286
2114
470
1872
2111
1752
155
1543
2578
730
752
873
2498
445
1486
1810
2136
675
1704
2343
536
1053
2053
935
948
2213
1907
2135
1617
2143
471
101
1324
1649
984
2688
1058
974
2415
603
1025
234
2112
2290
1800
933
1779
524
1239
2663
1437
459
511
1450
2191
2258
443
1105
1689
2530
963
281
515
1490
565
1426
1663
1870
1241
2544
2121
1939
2666
1946
2431
2590
503
369
332
1077
67
1217
1181
1154
1357
153
2493
2511
154
593
1918
331
1700
251
1405
2424
658
1608
2581
1197
2594
1489
2086
1921
2074
158
2009
196
35
1449
1558
823
481
2204
1243
997
1292
2282
449
2165
1871
1823
2195
781
1695
128
1901
1596
973
2093
2087
1563
1846
1070
247
2545
717
2648
1320
863
3
2549
1899
1979
2158
2306
488
1246
2052
2317
1090
1124
629
542
2490
377
1707
448
1330
81
2539
2291
2196
2499
1356
2034
1018
852
2384
1223
710
1821
127
1636
2469
2188
1876
1299
28
1727
402
840
1411
282
2127
1362
2420
1942
2004
961
769
2619
130
1988
2146
583
178
550
2262
787
666
2394
2104
1620
64
427
1272
460
1465
1381
2406
794
2510
975
353
2037
2368
720
349
832
581
619
2079
2552
167
368
354
2332
956
1556
971
437
782
945
1653
1911
474
1566
274
2428
737
993
202
1975
1375
171
2563
784
180
1561
2337
830
365
1483
1526
2356
2393
623
2152
1853
2327
1587
2684
1555
2116
482
1873
1852
680
1736
2277
2522
411
2613
2154
1795
2307
508
2476
1781
2374
370
326
2095
106
2567
1741
598
902
785
2230
1468
257
1479
539
884
1385
1569
2569
371
198
2092
2014
1046
2318
1641
774
91
1098
1832
99
2358
790
70
588
204
1610
618
1048
496
1116
2119
2624
2174
199
2355
1095
1759
1004
355
388
10
2442
2385
566
2481
2010
2357
340
2440
1028
1110
2386
1652
1898
2065
1225
137
2674
2056
634
1930
1665
958
995
1678
1216
1506
1922
525
2140
1885
1359
1106
1591
1941
1744
2331
584
1564
2577
1580
1258
875
1629
2452
2631
999
400
1913
1760
89
653
2321
859
392
1456
2373
549
2184
277
677
528
1451
1334
2414
654
1333
1571
2516
1161
2261
1847
2181
809
1647
529
2591
701
1726
1553
1855
361
78
632
2376
659
1168
2586
205
175
462
1568
1122
413
129
2592
1494
2606
2252
2323
2404
436
2234
1827
1136
498
814
663
616
697
1621
591
688
2565
2302
893
207
1732
1613
1380
818
1429
1845
2678
799
364
20
185
1753
2609
602
83
1432
751
1495
1811
348
2150
1889
2659
2048
96
695
552
760
1171
761
317
1908
669
2681
1378
2618
160
2322
2680
1637
1604
324
798
2238
1344
2201
1644
582
1132
2198
555
1701
2018
1395
611
381
2241
2627
2070
1917
1954
2141
1104
1833
1208
2535
1910
1
1396
390
1346
2665
290
316
1661
2319
2098
1428
2364
305
2550
1711
2372
1902
1702
1103
1164
894
2108
2314
151
1986
672
1577
574
928
117
1813
1686
2630
2075
419
585
596
590
1731
480
2524
1439
2478
2380
1470
777
319
757
2580
2205
878
262
429
1270
937
2633
1895
1115
1373
466
1047
1607
1589
931
1121
382
1935
703
2553
1747
2470
2254
209
1754
2685
1112
2022
2063
2656
157
941
98
2020
1231
980
337
1297
385
2068
1516
674
1519
2411
821
2614
309
2024
245
2571
446
903
2506
1127
344
69
318
967
1081
844
2186
372
1349
2021
39
2026
1996
406
2217
2015
2208
2295
1584
1816
1476
630
970
1065
1958
408
2061
813
1573
537
705
208
343
2226
1037
2582
2421
1182
2660
425
252
1281
1692
637
2603
2696
188
521
34
1294
1762
1767
874
1510
1425
1703
2248
1854
1363
1190
2572
1365
1713
2454
2439
240
1475
1684
2107
221
424
174
430
519
2137
2128
2039
1515
2649
1282
1850
1326
1792
2626
2351
1478
405
1782
2038
1755
314
1195
571
1215
635
2538
1327
927
2246
1446
2316
2171
501
2654
422
2100
73
1740
2349
2011
1371
976
2523
1472
1973
2044
1186
2289
329
1628
822
1667
2084
2483
916
1508
56
363
1142
2175
1369
626
2689
415
1367
38
1806
1169
1820
2225
1075
2430
1970
1348
118
134
1234
300
1111
2285
2379
2455
1433
527
569
946
1805
1931
919
1431
26
910
2570
1229
1809
2320
2579
1064
2251
563
613
53
1606
1491
1107
173
1220
1860
250
732
1733
1148
2437
456
1664
57
2218
764
1259
200
987
2002
1073
2176
1844
981
1322
854
1201
115
197
679
2211
1598
2456
2274
1521
1045
917
2601
2088
898
217
2294
450
125
1504
485
1202
1539
729
1868
1185
1595
1897
1085
1578
1866
506
2335
949
2496
1050
1772
1318
373
1599
1129
642
824
1545
138
288
1956
2389
1817
32
176
1894
2275
0
1969
1524
2645
216
159
2500
228
1588
1145
1766
142
534
683
1183
1856
950
1492
484
398
1304
261
276
1347
2260
667
444
700
1191
270
1675
378
2668
236
1260
1413
92
161
2647
2346
1793
2281
1837
517
2460
1303
1706
2012
184
31
2232
2267
145
1338
1424
1134
2029
869
1415
1020
2117
2398
2513
1017
991
350
284
399
1014
1296
193
789
226
872
2615
962
2426
2203
1859
1498
126
46
2064
2076
1461
1735
678
1748
1097
1945
1884
27
1513
1749
2344
86
530
2228
1032
2269
2463
749
561
189
2353
2287
203
2507
753
1376
1024
1331
640
490
1835
735
1141
2558
2148
2497
2636
23
1565
1218
1622
750
1140
1778
1583
312
1892
1414
1639
689
577
465
2347
1658
622
2047
2177
2551
522
285
268
1836
1354
1310
1507
748
2492
1314
723
2336
1746
1984
2130
1822
414
2382
1019
1000
661
2227
475
682
1995
1502
2209
1240
483
1991
2369
1464
1804
1982
1170
1377
2597
2690
112
1882
810
792
453
269
439
334
1723
704
1088
811
1842
2480
2215
665
109
727
2625
1714
1609
7
2220
2395
1082
2240
330
383
5
2432
2388
1640
2278
1321
1828
265
120
867
1764
1550
882
1998
1199
2468
1448
2255
1981
1015
2270
2639
1785
191
111
1590
1416
1056
1114
2066
906
721
1137
1459
375
131
454
1953
346
310
955
2115
2263
655
656
2607
1160
2311
1093
1867
2621
759
845
1453
838
1291
2300
1886
2096
476
1923
1187
1841
1915
2505
1771
1971
2142
1769
1940
1485
2164
2541
1586
22
698
1597
1681
1408
1619
2520
451
1745
13
1251
2197
463
472
858
255
61
1624
1865
716
1635
657
943
1497
1481
292
404
2457
2293
2574
754
786
323
2243
900
1758
1680
2599
2593
2441
1117
296
765
2367
804
2494
2324
908
2465
1372
763
2533
433
2315
77
1932
141
2173
648
1674
855
2632
232
747
1916
2187
1049
233
807
1699
1567
6
467
1403
1751
362
901
1139
711
1323
455
105
140
627
499
2532
1525
877
457
1163
2669
1552
1829
345
66
2301
1572
2161
403
2423
2438
1054
97
2519
1339
2589
1232
2528
1445
1094
2360
302
2147
1290
79
1950
1693
230
2283
516
1487
1964
775
2033
2677
1825
2479
1031
80
904
82
1343
545
2341
2482
1455
1352
1193
1787
2167
14
1878
2655
391
100
587
886
1972
693
1213
806
1669
1906
1462
2299
604
2622
1392
1165
801
2007
1011
2067
1803
254
609
43
1857
977
2489
1685
1786
2401
2436
1393
579
2057
1630
1879
1838
851
2698
2118
2526
2000
1101
1383
820
1668
1654
1903
1249
2453
2259
85
338
1517
673
17
719
1799
2008
1200
2094
357
2271
108
1551
2518
1797
1221
1410
487
212
1341
225
795
668
2676
650
307
1332
1985
1422
944
939
514
1442
526
768
186
218
2288
21
866
1034
2193
601
2512
54
1059
2019
718
1585
464
1454
51
1757
617
1434
2345
575
1934
2206
1890
755
352
2041
114
1312
2555
1944
1384
722
1691
742
1542
1301
600
2042
739
951
2036
360
2604
341
2151
1951
235
409
1441
1150
1721
2185
1532
1194
1719
291
1482
959
1253
686
2392
62
615
1534
1386
1366
1774
1099
376
649
558
2103
1784
1722
548
2190
1219
940
1230
1298
267
1840
2620
37
1307
297
2081
610
293
194
1247
239
2691
304
1559
75
856
447
2623
724
746
2473
1452
2534
1808
29
1096
800
1983
2446
1071
2028
662
315
2501
1277
1206
681
1008
1501
1775
275
2418
2276
1576
2210
1178
1423
123
684
103
1750
2054
2149
124
19
1977
1278
965
620
2071
2637
1891
2484
1404
1430
263
1173
356
2153
2049
351
222
1887
512
492
2043
1544
1798
861
533
1603
2491
1780
934
2449
1109
1237
2566
1966
2328
1340
299
1531
423
2451
1041
2050
1078
942
181
135
2670
94
644
1235
1473
2610
744
458
578
1242
589
1690
1308
1500
926
1477
47
725
387
1688
1176
1336
1153
2363
2378
1863
1989
1022
1271
1651
1705
1435
895
1739
2657
1293
1883
2312
477
2102
339
52
1427
1337
2667
2122
1765
1957
2097
2221
2242
1133
187
805
1562
864
2359
825
2077
2237
1401
2450
322
394
1642
2216
1316
1742
1710
1662
2212
1044
796
1682
1080
1773
2458
2250
1914
15
2588
1807
1409
994
2664
880
2377
2155
1212
110
90
1924
1992
1783
1920
1382
1789
30
2488
960
421
1009
1815
2326
1919
1493
1444
2402
4
479
2464
272
2016
2073
136
407
1198
393
1275
2584
969
1949
1100
2157
1325
2272
812
1244
2298
954
772
1814
560
2207
857
2233
736
1834
714
652
2557
412
1858
826
1400
41
2503
889
896
1790
1676
1656
1943
633
177
1683
2554
325
771
734
556
726
797
1961
1335
1530
2257
211
1976
932
510
1013
1076
1963
1228
1514
1848
76
1210
2643
2249
513
1631
2236
333
1436
237
1601
283
63
1138
1980
1499
1463
2235
1205
148
1113
1698
2297
2303
256
259
2313
1677
1523
347
1730
2178
504
523
897
543
758
570
865
538
568
621
986
264
1904
1152
495
645
793
489
1537
899
1527
1666
837
1725
808
1579
1937
2025
915
1295
2661
1261
544
172
1279
2244
1211
912
1925
55
546
1974
870
335
952
478
416
2675
2477
2078
1538
2030
2542
502
1633
1374
936
953
2245
2605
1574
45
1581
2466
2124
2429
1012
2561
491
2672
2638
1162
2652
1087
287
833
2192
1143
2062
1618
2051
2304
1912
646
2179
1570
612
1313
2352
520
2417
452
1311
2628
909
1791
2305
706
2035
1997
1126
595
1646
707
2600
687
819
2032
2003
745
1770
1503
426
1280
1042
2085
44
2517
219
670
88
540
1288
223
829
2461
1068
1615
1796
1406
608
2403
2059
605
2560
779
1952
1718
132
2662
1159
834
1546
156
2640
1888
1360
438
660
395
289
2540
1399
2521
2514
2338
2559
1033
690
1086
469
1390
1533
1655
827
1777
922
165
847
1948
1843
1268
1155
1831
2422
1131
2055
1063
2046
2106
2126
389
788
1812
692
1266
860
2
2651
636
1592
702
1418
507
1659
224
1118
1763
2653
336
1717
1207
113
2013
227
1457
2229
2487
2658
2504
2354
1130
2686
206
531
1030
2023
2001
2646
1389
892
2090
12
2608
1305
1471
1467
835
2031
1174
258
2131
1737
2405
1893
8
2486
1052
321
2224
2547
1962
843
1634
924
2284
979
374
831
1236
1625
888
1440
554
24
2396
2268
597
2485
1420
1696
1712
2527
853
2390
1673
1180
2132
1402
71
2573
1061
1089
58
989
2219
1967
168
1469
243
2502
342
1394
2427
850
1192
985
2005
1412
253
1151
327
2585
728
1069
1830
694
2333
2629
773
1776
1549
2329
1256
699
743
1214
2695
1227
791
2531
1582
1849
815
1540
286
1905
1458
564
