2173
213
727
977
1580
82
1481
2663
1107
2639
1507
2454
2379
2576
1967
1245
2172
99
2247
1593
45
2699
2057
1022
671
2347
1882
2675
1908
2385
337
832
963
772
1976
1724
1945
2191
1649
2238
1702
2184
2384
325
1447
1276
1803
2150
2496
11
2640
1918
615
22
2037
2678
1018
171
2585
2125
2137
2065
1062
2179
1583
359
2405
1127
2596
1715
579
621
1734
2474
665
1899
1785
2237
1690
1271
159
4
1057
1623
2359
1704
1714
203
1780
2620
840
2681
519
1229
2242
1171
446
15
1243
2646
348
2569
2526
2036
2113
1746
1735
1634
1108
1548
490
2414
1115
604
1440
2407
693
336
2614
2368
2357
2371
406
530
1178
1009
1290
307
17
14
751
1812
2116
1900
968
935
259
2556
429
1015
2636
1030
1926
1807
811
1419
2013
1457
1696
2623
2190
2132
1072
29
329
400
1148
1292
2189
848
2071
526
28
2602
2333
1767
1759
2153
2346
834
1144
39
2365
1490
2139
482
1177
831
2658
1922
1464
548
677
1856
2521
2567
488
896
285
2464
1871
403
596
2377
994
1273
707
944
744
756
119
36
1752
2185
642
1052
107
1241
1738
886
1819
1060
2
1214
19
1763
2126
1619
2536
116
841
242
2426
804
1051
417
1753
1299
161
1375
356
25
1285
225
1990
521
2235
2070
290
2473
2061
680
608
2027
158
2393
1477
681
1688
2339
67
16
86
2516
2210
1424
2577
354
485
2340
1428
2252
1501
1656
2144
2558
746
2427
2336
1664
1043
1098
421
181
2012
892
1443
378
2616
1189
913
1954
1405
1395
1357
1985
1065
1677
2456
1004
1845
2651
759
500
1698
1503
436
1196
1071
1326
1886
1751
49
1080
716
388
40
1270
2428
1418
1654
1449
1402
92
2103
228
717
2578
1122
2611
1911
2447
2085
1162
1466
1531
1981
1026
2225
318
2277
1017
383
532
2667
1238
1255
160
560
1295
558
981
1730
1870
381
730
2559
2327
231
2624
1303
360
494
2538
818
928
1284
1984
194
2453
129
296
1365
2108
439
1486
314
2201
1884
741
1397
1452
1614
2608
1994
56
1308
1416
1539
1154
2229
1999
2654
18
1520
1306
212
309
655
1648
1662
1067
2123
618
191
2021
2475
1773
2399
379
2528
1896
1368
1349
2106
1120
827
997
1554
1792
1928
638
1873
2511
1371
2561
2160
168
1459
1242
2499
762
1728
962
407
544
743
1536
768
1530
1665
2480
1627
1164
1199
1983
1380
292
2446
1861
2534
2372
2541
1680
1140
1149
755
2648
2483
2398
863
1323
893
282
593
794
75
47
2416
1544
986
777
2099
2642
2029
1741
280
2309
2286
819
2457
178
196
1185
941
1891
871
588
1798
409
2133
1047
2652
826
193
340
1750
2152
1743
2682
1074
1867
1820
1524
2665
2589
1353
1739
1117
2460
308
1569
1298
1348
423
2635
885
2224
2215
752
216
1252
678
951
1881
1852
1835
2430
103
1165
1147
894
1160
62
186
591
2203
1082
1354
1262
1136
1991
377
1111
1322
2212
2570
2323
1417
1378
1393
2560
1159
1439
1529
2575
2011
1610
580
322
2080
2442
1914
37
2216
610
617
2420
2633
535
724
1995
2595
1001
2401
464
1079
1364
924
1487
1407
1736
2610
1562
830
2643
2404
2020
316
2423
283
2317
401
613
1480
723
506
1254
946
1694
1606
820
1898
2437
2434
2077
784
1868
912
1608
2660
273
2294
943
576
71
448
1382
297
301
1037
1390
849
497
202
74
539
1768
1840
553
1815
799
425
1386
1549
1514
199
1814
1787
2056
961
1651
587
495
2202
1566
1413
313
149
1975
1584
524
144
2311
1953
2563
493
706
2298
1697
606
1582
959
948
787
1228
2395
1070
1139
248
1921
351
1218
1237
891
2161
341
1972
2196
1740
2471
1023
1670
66
355
1510
822
357
133
267
253
250
792
1373
2207
2392
1613
54
2318
1806
363
2206
375
2155
1090
2689
869
2671
1811
516
517
898
246
2677
2498
2321
73
1996
533
866
607
773
473
2181
1877
1596
1036
644
458
452
976
675
1579
852
960
2337
1509
1576
1541
1537
1175
670
263
1799
966
1462
1916
1998
514
2162
949
1163
1078
428
442
470
876
1256
1173
1301
2129
120
542
900
528
602
1572
2351
1183
1314
761
1977
2489
44
1358
1800
349
1142
909
1781
1483
1209
2637
55
2069
93
239
2653
1126
2322
57
1766
1044
2258
487
776
1281
43
907
69
327
1448
2239
803
1040
1758
2251
1461
1526
1473
173
342
1221
637
1204
547
2035
247
805
2168
551
1056
1132
930
1933
21
1499
261
2358
1790
594
2419
235
862
1335
1334
1099
1172
1170
397
2091
1372
1092
785
1833
932
853
393
1235
663
2459
376
418
616
2218
2512
2205
1513
555
1207
1411
2249
624
722
2544
1379
860
142
2376
1476
491
1336
2199
2342
2400
550
51
2581
387
2003
1408
888
728
170
2295
2169
2078
1925
2601
395
1629
2240
1727
1810
1632
590
575
1770
60
264
1383
749
2549
916
2679
176
796
2319
2079
1641
1013
2156
364
2631
1324
933
1201
1005
288
1860
2314
1711
2270
2421
1703
571
2120
1551
1019
1650
2095
645
1268
1721
1979
2693
2288
2089
2167
2676
988
2598
701
471
561
195
2279
498
600
1956
2105
2448
453
1866
132
1038
2122
1442
1686
2603
1553
937
415
2411
639
991
2256
2522
77
1248
113
758
1944
1000
2591
1892
0
2390
1592
837
1982
1191
987
690
1291
1793
1116
1604
422
1504
750
1046
609
1519
2450
2093
269
1021
1676
2177
483
8
1410
1130
126
2072
1341
1786
846
1607
1517
2223
2413
1287
801
2674
2063
1723
2690
1857
714
1445
343
2638
2074
469
208
1689
1192
2492
1511
2245
748
1875
721
35
101
1669
2304
884
1709
754
2412
713
2356
1889
661
2443
1247
1225
1069
646
1317
2367
2039
565
2197
857
1083
824
1598
2282
1429
1455
598
2092
864
2042
1550
2550
1907
902
2664
1479
124
531
1423
1406
589
1217
187
1733
1109
967
1904
2312
843
2695
1012
567
1325
2520
1265
52
2672
443
992
1234
1058
424
611
390
477
1054
1114
945
1563
1469
1642
1779
217
1893
1685
1391
1940
1647
1478
836
1639
2054
1927
2479
2217
1876
324
1266
1973
214
1602
1788
2562
1879
2655
2374
599
108
978
809
438
106
50
1717
2062
165
1660
1031
2253
2331
1862
1093
419
1938
188
224
1453
72
1547
2458
2098
1133
2230
476
641
1683
735
1498
380
1061
1223
1497
177
679
1707
649
632
1432
1340
1251
939
80
1045
1682
882
1657
2143
12
2557
294
1701
1620
1202
2255
2059
2647
3
1611
2208
445
1684
2082
1458
293
767
2024
41
698
1894
1187
1227
2366
117
219
1463
2147
163
1454
712
201
1855
1491
2470
1542
1489
441
2048
1700
146
1194
2540
2622
2043
2017
2432
915
1834
2271
9
879
764
1260
454
2381
1332
221
1261
1328
2554
687
1631
1066
2227
206
1186
783
2625
995
504
814
2659
703
455
2075
1934
970
147
1775
779
581
1129
1412
457
1556
90
2297
781
973
1188
2607
2545
795
2200
667
901
815
1666
1264
2308
1011
2273
513
2067
83
858
140
1777
1783
1307
1076
1508
305
386
1288
373
1978
2627
1902
96
394
115
2128
270
2662
2696
1558
2171
979
564
2050
2033
408
525
790
1667
1850
1399
1825
136
1505
1737
2574
2629
114
1616
26
921
2010
2523
1612
2465
1986
829
919
1451
1791
2501
1525
1436
971
2388
1053
1311
1226
1935
112
2582
2110
1103
1832
2688
855
511
1587
207
595
2141
2034
367
1213
2609
1853
877
2002
1772
2316
757
1844
1320
903
1113
791
2354
2272
662
789
718
189
1239
2195
1742
46
1661
931
2058
68
2657
2118
996
91
478
2149
110
1180
1500
151
2163
1174
128
1635
1521
1636
2510
2006
312
601
620
184
1150
1663
2127
123
1118
652
2052
872
2431
1347
281
2519
573
512
1272
31
148
1374
2500
1474
2261
382
1797
268
1937
1297
1997
2094
1843
1085
310
1401
2619
711
1101
2049
289
1403
1826
1450
1283
227
109
1801
319
1713
1574
844
1278
1198
1962
1557
1830
2301
1637
1392
940
1764
1567
870
1055
1028
2178
345
1679
2228
385
1377
1468
2600
137
7
449
210
254
2025
1355
200
2117
2313
2685
1591
321
258
1880
205
317
2360
720
2692
2299
2087
2590
1003
2338
1409
1042
295
1181
2621
1327
2241
2151
890
793
1646
1280
658
85
1244
358
2232
878
396
570
215
2076
460
333
999
2583
2045
427
1824
1008
2051
180
30
702
2555
291
1059
266
139
2290
1897
1145
2495
1222
821
1381
150
1854
185
2246
2263
507
2264
95
306
908
2186
2064
53
1494
1024
2406
2543
2028
672
1190
2165
1119
2488
880
2142
1912
2599
2107
2433
1441
2389
1761
2594
1097
1352
42
778
2281
1659
914
347
955
1435
1286
1837
2634
24
1919
492
1414
2007
774
479
1077
1617
556
1427
1161
1822
905
76
1745
1628
1987
122
1809
1167
2649
597
153
1068
1157
2334
1966
1905
1396
1917
1430
2467
1400
2645
1193
1931
2310
2344
2449
1176
2302
1035
2476
1350
1535
204
463
2192
1829
1294
1586
1883
435
2274
936
1212
2615
731
1794
1084
2073
2326
851
1370
1720
299
1025
2547
568
2136
833
23
1016
1438
732
1293
1756
2204
1533
2604
2539
1599
1249
2650
738
461
2016
1564
2485
230
522
1748
1215
257
1951
334
705
1942
552
134
233
2343
1633
2040
1887
398
541
1948
2429
1075
440
1960
2375
2046
1465
1523
2259
1333
2038
1020
179
2397
964
1961
583
630
980
1014
659
817
1048
2131
1073
152
2001
1757
2081
684
1597
2044
430
1425
1913
640
1755
298
1699
236
1
2305
1300
753
353
143
605
220
2369
2455
2014
1658
2260
953
1482
1561
2573
1032
2466
38
2234
2533
1305
1674
798
700
2183
1729
229
2564
845
2588
370
1146
2553
1112
1258
1949
2486
1302
410
1915
145
1813
1195
510
628
585
2361
1253
1337
2257
2243
2330
1988
78
121
1618
2231
2320
1839
710
1220
1319
1206
1673
1152
366
2332
1630
1895
719
48
2182
2670
164
238
2284
985
1691
1506
631
2022
1594
1387
2548
154
426
1289
88
2287
518
1789
674
2236
2580
1232
1475
899
2661
1102
1488
162
1404
648
2159
2362
603
416
2403
1029
1802
1615
1434
2111
2440
2408
1952
2373
1823
2587
1467
2032
2687
704
244
692
574
135
2008
534
130
1200
572
1559
2219
2289
1601
699
350
1805
993
694
2254
339
156
975
2276
1671
1420
2004
1687
838
1923
660
788
2612
563
1421
650
854
983
2209
138
1208
2617
808
906
2328
256
2060
509
1128
1971
2005
2066
183
2222
1088
689
2148
1710
1236
2546
1304
174
1081
265
2112
1570
1692
625
389
1433
2324
554
697
2130
2265
1250
1394
1345
782
87
1470
656
2370
2491
332
1885
2380
468
582
917
1943
1027
2275
2315
1331
2686
1718
2187
1848
451
682
59
278
691
2101
1389
1808
954
527
192
223
812
2482
2462
1890
965
543
302
1309
2477
335
58
847
1158
1010
2505
2176
1836
1444
480
1603
1827
2307
1725
1516
1110
1838
2296
1087
958
2535
125
765
2166
1712
856
330
275
1920
2121
304
1312
2266
1366
1219
467
1668
2525
1240
982
1134
5
462
111
737
2592
1644
2220
2507
2630
2088
98
2566
1343
2348
775
806
2349
647
1841
2124
1515
926
1338
1929
1589
2250
472
1216
2115
577
1958
769
763
584
2579
384
1621
1909
2329
2584
619
2669
1653
770
651
260
2503
2628
2352
2300
520
1091
271
1121
586
2174
664
1359
32
760
465
10
2146
1089
929
1968
2514
923
277
2593
2424
1431
2513
653
1472
922
676
725
695
1581
2350
279
1744
578
612
64
636
303
622
175
1622
2164
2552
1816
2268
444
127
1534
2673
1545
729
2030
27
1578
643
1863
736
1705
1645
1106
1784
2198
1560
412
13
255
1362
344
1828
1754
635
559
1568
1906
1732
2325
2626
1858
2109
1980
326
807
2484
1495
1588
2233
668
1363
1869
810
1939
2605
2461
486
65
157
1888
925
529
1640
2138
2497
1963
2508
952
1512
813
1872
1231
2170
372
2551
1992
1131
904
489
2353
1573
1246
839
2415
2613
433
1315
1771
2668
2396
1277
320
540
1817
276
1141
1624
1719
2418
828
1851
404
1125
2468
2439
1695
1049
2211
2478
286
942
1086
197
1947
2529
2097
1282
1831
1316
1716
284
365
2244
2026
2452
1493
1643
226
1166
2451
1782
431
1456
399
536
972
545
361
2355
1527
237
1970
1002
2532
2694
823
328
1974
1123
1446
1437
797
802
1571
2364
1094
2135
1821
1351
1681
816
1233
499
2382
873
557
747
1638
2509
1100
392
657
437
733
474
1626
2041
2009
918
374
368
2145
167
2086
362
1356
89
1203
1965
172
2000
1678
1050
1941
105
274
1950
1096
1138
1259
1595
989
1605
1546
2269
634
2378
1796
867
910
2104
2083
623
84
1625
2586
2306
1153
957
2572
537
2436
842
1731
505
938
1155
2417
222
2597
2632
1105
502
1279
745
2684
1930
2469
934
2303
2542
1765
669
889
709
1135
484
234
2502
218
2683
1555
666
780
2445
300
1339
1496
562
1385
1346
1310
262
503
243
998
1932
629
1342
2047
2435
94
2438
1064
1197
371
1532
2422
1296
740
739
1565
209
323
1760
1778
633
169
1818
1124
1367
673
1693
2262
1179
434
20
1041
569
496
1795
432
61
2394
414
974
984
2527
2053
1460
1849
549
1924
1577
2530
2090
2487
1318
734
391
2193
232
1376
1156
2568
2292
413
1989
1706
2383
33
2188
1182
1492
1275
459
2345
501
1959
868
240
956
1426
1415
742
2226
2293
79
1936
1585
1369
2402
1344
1846
211
627
70
1969
1269
166
1033
2697
2680
2267
118
990
1398
626
1211
81
686
1955
1874
352
1034
456
688
1095
1137
1313
1652
708
2444
6
1776
1864
1903
2490
523
1749
272
1722
1330
2410
2194
1522
2018
2565
346
2140
1267
546
766
2515
1224
835
2248
2102
2644
249
1865
1769
538
1063
2154
198
2068
920
786
2341
1675
850
2618
2425
102
1672
475
654
369
287
411
97
63
2213
2019
2175
104
2015
182
1957
481
2506
1842
450
1543
2100
683
1321
566
2518
1006
911
1804
2463
2517
2641
1471
2387
1230
2280
2221
2023
1205
2493
2180
190
1901
800
1143
1263
1726
614
1540
2283
1964
1039
131
2391
592
2481
950
1528
1655
2524
2084
883
1946
34
1104
2114
2031
1538
1859
1847
715
2055
861
311
405
466
1184
1609
2278
155
2656
1993
1502
2606
2441
447
2214
241
874
338
825
2409
881
1774
2363
1422
1485
1274
1007
2504
1600
685
2698
2335
1388
1360
927
726
1484
887
331
2119
315
2386
2691
245
859
2285
2472
1169
100
771
897
141
251
515
2291
1575
2494
1151
402
2134
895
1329
420
947
2157
1552
2537
1590
1168
1210
1518
1708
1747
2096
508
1762
696
1878
1910
865
1384
1361
2571
2666
875
2531
1257
969
252
2158
