45
2022
2831
638
1622
504
287
1568
198
1031
1010
399
3128
2193
1051
2923
2552
2678
913
1104
3030
2057
34
896
1847
78
170
1126
249
2328
199
2571
651
649
2272
2663
2521
790
1388
100
256
2290
2446
3126
767
1435
967
1420
144
87
2881
3272
2163
2988
1454
93
1493
2957
2589
3318
2851
2806
2558
497
25
2053
2817
242
519
429
1813
1263
2757
1589
1892
2176
2226
2322
1026
861
375
1835
2549
3198
2516
237
1199
1275
3166
2646
1489
1406
102
2160
1080
440
188
2406
1313
83
2323
811
1715
1183
365
3220
2899
587
825
2832
3283
1746
2066
2902
1620
2729
2617
2230
2157
1689
381
2769
1951
1321
787
2556
2374
1073
2875
3331
737
1533
2388
224
1141
1931
707
3286
2314
2706
1426
3289
2778
1240
3175
3439
1196
564
684
976
2773
2096
227
1889
1173
2064
3197
2435
3
446
548
732
1773
1602
1632
2387
334
185
1881
2142
851
2047
2859
2812
2967
47
2858
2550
1154
1319
2724
313
3136
3367
288
167
225
674
467
2684
363
956
3180
3108
3076
3100
2824
226
559
238
661
112
69
2130
2544
2692
431
2863
1459
361
2829
1950
3468
2654
962
1207
2352
653
2798
1330
660
3347
2655
1772
1278
697
13
305
1692
2131
2304
1456
1877
2428
2870
773
1223
969
1698
995
2225
3294
217
3260
2078
3449
1262
2936
1785
376
2918
3293
300
2914
1195
22
2721
647
2989
1324
368
1845
2386
216
786
1094
2513
3424
377
925
1524
648
951
2607
1717
1798
1810
1560
2198
546
3406
2966
1605
561
1151
140
607
3242
3015
378
1375
326
1118
1641
3191
3410
3296
2165
44
1402
1084
339
1538
3009
2697
3113
540
211
839
2113
52
2849
3415
2403
218
2409
2316
866
3050
518
3388
2557
2506
1057
1198
3236
2906
3239
1747
262
717
2105
584
425
2393
1300
2075
2608
2003
1756
1110
1150
3353
1987
430
1676
2045
2622
1102
2488
3019
964
1
5
2537
416
41
1762
3062
308
278
9
1137
1449
2002
998
2037
1040
1551
228
1869
2928
869
3281
965
215
3433
678
409
2143
2734
2774
3454
492
2566
1780
2539
876
503
299
1853
415
1291
40
1352
1392
2610
2224
1242
570
3270
2235
2120
1825
364
3241
328
1687
590
1759
275
2377
831
11
2281
2189
2790
1791
2275
3216
2324
240
2889
1807
975
912
924
2603
1098
1270
2974
1593
1437
353
345
2111
1789
2820
1577
2286
1653
3266
359
2125
2273
2713
21
1520
1555
2760
2453
2895
2840
1011
55
2449
1730
2199
2466
3267
2702
2929
1556
3317
2431
1827
3053
3041
2366
2953
3417
784
1339
610
895
183
840
2839
1082
836
247
3288
1370
3018
934
2639
3205
2911
2416
1430
2432
897
315
155
3031
1093
3441
373
800
3043
1900
700
1526
82
1583
1936
1175
114
1052
3315
1216
105
2161
3032
1229
1285
271
3125
1012
2828
2518
3147
2317
754
968
450
42
3274
2414
1117
3084
930
666
3068
360
2210
2294
644
1724
1675
1432
939
818
1654
2930
1709
997
2884
742
2688
3092
1537
1703
2804
2127
870
2128
3398
1736
184
3181
302
1033
1782
3121
2597
356
796
1783
412
1312
601
367
2579
3201
514
476
938
3364
794
2152
1942
1410
2470
907
1358
2341
406
1906
306
424
574
1626
2660
1596
2379
3252
3295
2560
2109
663
1276
2464
1427
2031
1953
61
1546
1751
591
2653
516
1120
1048
489
1833
1470
642
2728
1499
3341
2043
2430
2173
1096
3221
2223
2625
35
2854
2227
3453
673
2132
2402
1088
1182
778
731
1985
147
3254
1357
2797
2011
6
2251
1720
2583
1194
2961
2710
162
1770
2298
1598
1870
2444
2181
774
550
2008
1740
1038
783
32
2924
1307
1637
1146
2425
512
3145
2459
3231
2893
996
2129
1972
369
2151
3088
1221
2540
1025
1534
229
498
2553
2980
2068
1830
221
3321
2291
3139
2481
2334
1718
629
2080
3184
523
1166
2086
202
1072
2555
2701
453
2454
153
1811
1895
1491
475
1958
2731
2494
116
2382
2102
2559
3054
1894
1806
2336
1001
3316
1790
1920
2526
1989
556
348
1309
793
1282
520
1784
3395
2345
2014
680
1400
2112
2770
441
791
536
879
150
49
3397
2135
3306
617
1707
1704
125
3069
1295
2121
3151
2620
2358
3326
2427
2233
1086
1119
1993
1066
2486
2249
3456
755
2968
1766
2941
715
2995
538
2835
3046
2700
1916
323
1466
2877
3248
3329
2631
655
3467
3263
1029
733
2523
3209
1492
3244
1332
2211
3351
1487
2983
753
1367
871
2892
1299
2391
743
1929
3026
1904
1421
758
2682
1748
2490
3179
336
1629
1539
2687
250
1967
1996
480
687
426
2547
2174
2397
2088
2278
665
2650
160
501
2581
2819
2326
3261
1818
338
1921
993
2882
1161
1779
712
1922
2861
2312
954
2783
949
465
2640
1595
1663
3168
713
2510
2192
802
2857
1910
1849
1966
1467
1788
3338
481
2641
950
947
1257
1157
1584
1281
3157
3407
1265
3358
108
3469
177
1701
1081
2119
2184
1416
3445
779
48
2917
3116
1138
2960
266
2615
1612
2474
2426
165
1854
2786
1559
622
1380
439
2498
1125
2213
2204
3348
1850
77
2364
2648
366
628
1565
932
3462
1842
3106
1333
1165
2912
2860
468
1541
2802
1379
1019
1078
1384
1614
2776
2350
2705
632
1625
1323
2565
413
3142
1149
3435
2167
2442
1092
86
3141
1298
1464
1505
636
781
1506
3325
248
448
1732
2218
2228
1509
2541
1187
1897
668
782
2039
3300
2321
174
2033
2309
3002
3208
3067
128
1163
2493
3212
135
2419
50
3327
2800
1918
602
3314
200
24
953
3022
3322
243
1447
2602
3334
3256
785
3262
1646
54
2307
1095
2501
1249
1607
720
192
3183
1905
3164
2085
414
1016
1548
1247
1050
1651
740
1362
3391
3182
90
3426
2503
2280
1176
486
1448
2842
3323
1857
2443
265
1064
3250
1360
1112
852
1346
2809
1515
3090
1292
1917
3152
2319
3404
335
2762
2616
457
756
690
1572
496
974
2623
1974
1008
2656
2576
1042
2733
3055
973
2191
1226
233
1801
1382
585
289
2434
2051
529
1512
1234
2827
2931
1599
613
2736
3222
545
206
3303
2356
3429
3405
2707
1848
1650
557
119
2584
1478
1935
1606
400
2672
751
994
2050
1696
2868
332
1796
3158
2939
2208
1107
726
2258
3332
2890
1203
401
1445
1053
1661
2505
1439
1532
1837
1368
2277
2044
1578
757
857
3156
2083
2901
129
659
1962
2217
1994
1463
2508
1065
2944
3330
1604
990
1656
1992
711
3190
2061
775
1390
382
2775
2732
2289
1786
2299
1373
2796
1446
1775
3185
1403
1214
1383
282
1678
3255
3023
3163
3355
1945
1939
1761
2320
2015
1085
3285
23
1530
1527
598
190
70
2283
1519
142
1949
2244
428
2004
2548
2969
67
1130
2232
2351
777
290
2114
902
2946
2864
830
804
883
1044
593
223
1631
2533
20
143
2347
838
2628
625
1690
244
2704
734
3232
1876
1385
2768
1015
2017
3167
120
2100
1932
2487
859
3042
1337
3207
2145
1405
2234
1754
149
29
2943
2588
1753
2711
1582
2981
171
479
3117
2267
2742
1316
3268
2455
2243
410
3344
3312
1722
1911
1860
3177
3374
3059
3028
146
3206
837
3246
676
2346
1685
531
1363
1396
2606
2040
1569
1211
2282
1341
98
2168
3343
1510
151
3215
1504
1613
3251
1776
3132
33
470
1694
1208
423
1103
2830
3123
1129
1227
2159
2412
3162
205
2479
3102
505
2807
3082
1802
2871
329
138
132
28
843
1371
2021
2794
1393
1873
1639
2171
2269
73
604
3077
641
2528
549
2400
558
213
1251
2569
1960
397
513
760
1192
1286
904
1573
1665
1181
2491
163
2604
1236
1027
37
1686
14
1975
2150
286
2933
2440
2862
1479
388
669
1834
2891
2609
3052
1523
2575
2970
2715
582
2784
3081
277
1823
1684
640
528
3148
347
1280
762
1248
79
3134
3087
2216
1036
3097
2690
1562
599
3257
2535
867
3342
2395
371
1567
2019
2010
2725
847
611
1132
379
2104
3437
580
1287
936
1355
1832
3218
181
1391
692
1973
2134
535
2938
2452
2903
2522
2951
959
2763
331
127
1846
2853
1739
2662
596
1414
612
2664
827
3240
1635
1062
358
2543
352
3269
2674
952
2417
1933
1734
664
1133
1899
333
1544
2753
351
1824
738
374
2723
314
1003
999
1634
241
2591
2410
15
3011
1591
1241
1937
3091
3233
1500
1235
2094
2138
2833
2847
2561
820
2976
2959
1528
3394
1279
3428
1060
246
2035
526
810
2484
963
106
2708
1041
2055
2691
1518
58
3001
251
3396
1719
1705
3237
491
3080
1574
2155
2355
1990
1305
2751
3199
868
2738
1264
2200
2872
3357
2986
807
2848
1795
349
2781
1474
577
863
3073
2202
3345
937
169
2643
1354
301
1043
2545
385
3024
1965
2327
182
3153
1369
3146
537
2730
3111
2136
327
148
906
291
2509
1461
1902
1079
2046
1356
1723
693
3399
276
164
1475
722
2814
3381
916
2401
1594
1087
3133
1563
2779
2514
898
652
53
3466
62
2255
2999
886
2718
2720
809
3099
1781
354
1677
858
2626
1585
3356
1702
2236
2203
2221
444
3029
1547
1030
2677
2450
3368
2787
1458
739
2424
2741
525
2483
2866
2457
524
984
2747
1817
7
1927
2670
2308
1106
2573
3420
1004
595
3012
3140
2907
2337
1983
483
421
1311
960
1411
2012
1116
927
2367
1136
1542
3049
2530
1503
1429
547
43
471
89
2922
1111
3359
728
1668
562
3443
970
3144
2913
398
727
2305
1174
1225
1758
1329
1913
3219
1488
1233
1915
2101
2301
1619
97
1434
3275
1113
853
2633
2978
2054
1068
2694
1948
2378
2649
2284
1343
2744
2992
1640
2206
2756
3264
16
1200
1822
3122
2263
355
1588
1664
2990
75
567
605
2465
903
432
3413
506
631
118
2752
2007
2149
2418
208
2887
311
901
2669
2445
2551
891
2856
2116
1135
3419
1645
458
1131
3228
1554
1144
2681
80
3378
1222
2300
3457
461
3085
252
2390
3063
1179
1794
2605
1472
3038
2448
2187
1253
3021
2048
1816
1926
2948
873
1335
2998
3402
274
3127
2925
405
517
2693
1440
1938
296
19
1494
2836
1450
2062
2935
532
3292
2675
2018
2567
3093
618
99
194
473
2295
2942
2771
2810
2963
718
2582
2580
94
1601
2965
1501
1888
3305
130
494
1481
2876
318
3376
1055
842
1444
3165
4
874
942
2698
2920
307
2996
909
2461
1180
2265
207
1959
725
2399
3432
2260
981
3423
1009
1952
109
1581
3070
2658
1882
298
449
656
195
1452
573
695
113
882
2679
454
2852
2805
2241
1006
126
72
1670
175
1460
1193
1204
1903
2188
51
985
304
281
3265
2834
2993
2492
508
2013
2060
2613
2504
3094
986
2915
3386
568
1172
1191
466
3040
630
2898
2529
3048
1792
2197
1623
856
2313
955
2686
1525
2737
2001
222
1167
220
1669
344
2578
597
1261
3287
64
2207
1147
2254
992
1344
910
1156
691
17
2333
3401
1793
699
1397
3360
2398
2600
2668
1351
761
824
445
2259
703
1148
1741
1160
931
2845
1633
187
1688
1658
1721
3383
2124
1968
1673
3350
2029
3245
2822
180
1839
1209
2471
2826
2934
1769
3096
2240
710
3188
2657
3020
2122
1301
1143
803
945
555
2927
3003
3045
295
1919
2894
2070
1821
3258
2497
2538
3035
892
3225
436
3352
71
1032
2524
3000
3195
370
487
1170
3130
1185
885
1880
2361
1946
2726
972
2381
2279
705
1616
2585
1274
2264
1957
2614
2719
1874
828
1805
384
2306
3430
2803
2638
1610
2166
2329
3324
443
2665
3119
2201
1218
1484
166
2766
1564
1890
234
875
1259
2745
1571
2311
1760
1934
396
2496
30
643
3202
679
1745
122
2499
2110
460
890
623
826
509
3203
2209
159
2123
2818
422
855
3058
157
1875
1819
670
2285
1716
685
2532
1884
258
677
3243
197
455
1713
463
2271
3337
2059
8
2162
603
245
2287
1361
1901
1114
575
763
3217
2268
2489
2880
1765
2480
675
806
1415
1310
1944
1586
2257
991
667
2353
510
469
438
1708
689
1108
434
2252
1320
2052
1069
1007
1883
3213
1099
1350
2303
1328
139
2107
372
749
2971
2689
3377
816
2843
2520
2673
2634
3071
1752
3400
894
3427
1376
186
1755
1438
2735
1671
1002
2195
2811
419
2180
1666
459
2994
3302
1433
1023
2739
2292
1978
2177
2372
2175
1893
2032
2515
2063
1250
56
1995
812
1575
2411
2666
31
2799
3392
3313
2904
2253
2144
3227
1071
1516
2727
3320
1858
1272
433
2823
1956
403
1725
2441
2118
1219
88
2365
2413
158
1232
1570
2789
3442
60
362
1545
1856
1738
578
530
2476
231
1020
2838
698
395
3346
2517
176
1258
507
499
2511
2408
3161
2758
560
2385
1273
145
3194
2785
1803
230
437
3051
766
1075
881
1372
3115
2867
3448
1423
3438
472
2370
3037
3446
3431
393
427
3452
2632
1122
3418
1695
3143
1342
1401
3089
2154
2246
2245
2477
1037
1828
1442
1303
2816
1184
1862
1750
877
821
2587
3110
527
2563
2026
3095
2396
1979
3307
2115
2621
2394
872
464
1413
1244
1804
2502
2896
928
2985
1507
2772
799
1178
2178
2407
571
435
2749
940
3193
1417
522
2340
2363
709
39
2092
658
2991
3290
1028
263
2792
729
1826
1145
2141
1378
390
1268
3005
474
2841
833
2028
2667
922
2888
408
1245
819
2910
2594
2380
1771
914
209
2376
3036
500
2485
2389
2469
1121
2360
3414
3160
672
2153
65
3105
1615
1963
133
1977
3339
2103
456
1947
1757
2695
2801
1587
3460
2712
3434
1480
1649
214
1022
3107
2056
340
551
1579
2433
1558
2652
1290
1314
1777
2780
1381
1611
68
2020
2076
2456
2570
2297
1469
1412
606
1070
1820
1189
3308
3172
1961
1213
92
3176
420
3174
1521
1455
3234
3170
1486
2984
1964
583
3301
2500
1190
3200
905
2527
255
1700
2451
2429
2058
2475
1374
63
2384
619
3409
2629
1636
3204
1304
2586
392
1473
1109
776
1812
2869
1815
724
1886
1543
3390
1127
1477
3007
2266
694
1999
1925
3129
2368
2261
235
210
987
3224
1608
1451
1318
1981
96
2955
1398
357
2637
714
1256
2030
3226
1797
3014
2746
2740
350
1364
484
270
1529
1550
3223
2371
2270
926
2568
3064
321
2717
2987
179
1000
2661
1652
865
554
2293
3465
1325
616
2821
1909
1105
586
1774
1737
1864
3440
543
2082
325
2147
1878
3171
1013
1302
178
280
1076
1228
948
1186
123
172
2447
1471
1289
3382
1552
2133
2214
746
966
322
493
581
3464
3455
191
2242
1315
2348
1609
3101
418
1389
2194
3074
268
1024
3458
3310
2645
2562
402
609
592
3159
1162
319
2743
1101
747
1123
1115
2183
2463
303
971
2276
3280
312
1742
1152
1517
3083
2156
3210
2458
1277
2531
946
2108
1083
1164
2077
2782
2962
1655
521
316
2619
74
681
1988
3230
588
918
1366
565
844
2916
849
1814
3361
3276
2
462
1767
1238
3017
2716
1049
1859
3138
1941
2186
552
2065
2332
452
1457
862
919
771
1896
1168
566
136
798
1395
3189
576
477
1536
1205
1628
1647
2659
2042
845
2034
2095
3109
2023
2027
2392
589
2982
1465
3118
297
723
2310
3340
1485
1252
2596
107
2215
236
765
3238
1428
735
1729
3271
2909
2405
1660
979
572
2148
923
1743
1171
1998
1852
1914
1763
1844
1997
702
3461
929
3450
46
389
808
204
893
1018
417
1924
788
2512
1679
850
59
1871
741
1597
829
2636
701
442
3372
292
2343
706
212
846
620
2239
2137
173
1667
1124
2237
2036
2767
1603
81
2950
1254
3297
2024
2074
654
888
3066
1056
801
1630
978
3196
2190
2595
841
854
1334
1561
12
1657
3072
2460
1142
485
2788
3387
3114
608
2972
2997
2873
864
3025
943
553
822
2685
2937
2699
752
1155
2005
3013
1865
1693
3408
2349
1283
411
1683
3299
977
343
915
1153
1866
91
3044
3277
645
189
2900
2091
933
66
26
1868
2222
2006
2630
2318
750
196
1158
2084
3444
569
3149
1206
1726
3425
1710
341
1497
203
2342
1255
1045
2750
957
1531
3369
3373
2079
272
1680
2956
76
1348
2415
342
745
1061
2759
201
835
2926
3137
2016
3278
2067
2642
2344
1829
1394
2495
1514
1293
3061
346
1682
330
795
264
1306
1498
1267
944
3098
2754
1453
1294
2979
85
2038
2375
1239
1940
1867
2598
2354
2482
1308
261
1843
3384
1986
269
633
2795
104
2874
124
1220
1590
1980
1296
2383
1808
3104
2574
3131
337
2676
3056
1347
3039
383
3311
2098
2126
2886
161
3229
3273
2335
1691
2205
1443
2644
1943
3004
646
736
634
1404
2437
1787
3027
111
2009
2855
3006
103
1697
1059
1260
2879
1627
600
3235
2954
137
3259
1891
1197
2071
3214
2087
3366
57
117
193
2611
1067
0
2590
2696
232
1399
219
2097
1326
3173
1768
2330
1672
3385
2593
294
36
1930
2238
2618
3291
1928
2423
1648
1077
696
2703
889
1063
3459
1644
1386
884
1624
101
3249
2647
2883
614
3436
1014
2635
2169
267
1035
662
639
2220
1424
1923
3421
1327
1836
805
1511
1872
1553
1749
310
1621
2212
2090
239
1100
168
1409
1496
1643
1419
1297
3370
1349
2748
534
2164
1681
2837
3336
2247
1840
1039
1231
2850
1490
2554
3416
541
1271
626
1201
1054
273
2919
2146
2248
2288
544
95
2359
3304
3422
1969
1317
1468
2478
121
3463
1580
3298
1809
404
3154
878
789
1091
3103
1462
2709
2262
730
2844
1047
2958
1908
880
2099
1513
451
2467
2072
10
110
1863
2438
1005
2592
1210
1879
3389
2069
2878
2093
3150
2949
1662
1912
3403
1288
2885
624
1034
980
2651
983
1269
2185
1090
2519
1139
1169
621
131
1377
1735
921
708
2331
1387
3284
2357
1540
324
2106
2468
320
1674
1831
3412
293
253
2000
3065
1522
1984
1778
899
2921
1982
2420
2624
1699
2793
2722
2081
1177
3112
3375
3010
2229
1712
2182
2302
3349
1659
2813
1422
279
3393
1495
2564
814
2671
1799
563
1970
2325
3016
935
3335
3319
1733
2973
1728
635
1907
3169
2940
1887
2473
920
3155
1266
1482
2975
1855
2472
2462
1441
3187
260
716
988
3034
1046
2140
1140
259
1971
3135
394
3178
3363
1425
2680
3282
2179
3008
682
502
38
1851
1841
407
1861
1431
542
387
1331
154
1618
1436
3379
2436
1134
391
900
1502
2534
2274
2627
1215
1284
1576
1706
989
2846
3362
1340
380
772
3120
1408
2089
488
1549
769
704
1731
2714
1230
156
1727
2865
1345
2765
2542
2362
1508
2815
832
1483
2158
3211
2049
2219
813
2422
2791
2421
115
2196
1418
3279
386
941
1243
719
3411
3253
958
2536
3365
2977
3057
3192
1188
3086
2764
2683
490
2170
657
257
579
917
815
627
18
1322
1744
1097
2338
2908
2572
1338
759
3447
982
1800
1638
1359
1535
792
848
2339
1021
3079
482
1600
3247
1212
495
823
961
2945
284
2296
2025
594
2546
887
2761
2315
152
2599
1407
1159
2250
637
1336
615
2507
3451
317
2897
770
908
511
2808
2947
1838
671
2041
2369
1017
3075
3047
797
3371
478
768
1885
2525
911
2404
3186
817
3078
1955
2172
2117
860
2932
1224
2601
1202
688
1898
1353
744
2755
748
2905
447
2612
1954
1592
3354
2952
1217
1476
2373
1714
2439
1246
2231
1991
2577
134
721
764
2825
683
1557
3333
84
2777
1711
533
1566
834
1976
3380
283
2139
1237
2964
2073
2256
3060
1089
27
1128
1642
3124
1074
3309
3033
1058
309
1764
515
285
539
1365
141
780
686
650
3328
254
1617
