1485
2333
236
789
3143
2711
1438
1858
1804
1241
2347
1285
1904
1293
2135
790
2768
1709
2892
3427
156
1410
3282
2068
2966
1677
1572
2691
508
2351
1536
2536
2287
1578
1480
3332
2947
105
396
961
2906
333
2999
1634
3382
3343
1376
331
1232
68
2151
1470
268
2570
1391
1021
1147
1144
3173
422
1303
2901
2776
1155
2944
3329
3138
2702
3147
3365
1033
3005
3448
2688
2108
3155
398
3259
1183
1912
401
250
138
933
2318
209
3280
2344
259
930
2398
323
1492
759
1239
2243
2744
1451
3284
2636
143
786
2127
313
300
682
2983
3361
3431
2073
2064
2095
21
1193
772
876
1388
535
1095
687
2314
1854
462
3217
57
2270
2823
1409
2179
24
445
1305
2674
321
3302
3422
1106
2396
3281
2860
728
755
2457
1035
1023
1960
2072
1210
843
94
1991
142
2387
14
3067
1734
1645
1547
1687
2676
3104
2086
608
3081
2250
2549
2852
239
1897
1117
1549
713
3229
1508
16
3421
3367
2765
1932
1972
2188
430
1953
93
3358
727
13
1041
1918
480
911
1588
592
861
718
2889
2055
2853
131
1702
2021
2325
2750
3403
3144
1253
1383
1993
1212
3084
1601
2207
784
149
1202
330
1895
3117
702
695
688
1889
2234
2787
2420
2225
2588
3142
635
2252
2542
1064
1937
2634
182
516
685
1832
2177
1337
173
1558
1422
960
46
2092
1279
2946
1081
1149
2317
360
2582
3134
1321
3288
676
134
534
1218
1367
3066
712
2897
2083
2
2365
3269
658
2543
3214
2125
865
738
2194
1976
2782
934
2167
835
50
3460
1268
834
1825
184
3108
85
1053
258
1822
1670
1511
126
3098
1787
527
3063
2371
931
3457
1180
2693
2201
1866
614
2652
2796
103
1867
2611
1191
3012
649
1794
2927
2109
197
770
1001
3087
803
599
1104
1348
3209
1340
3414
290
839
3420
1447
3148
2183
3405
2047
477
2931
174
3261
1629
2429
2647
2382
2540
3250
744
1754
2583
1209
2541
2499
2922
1019
400
47
824
2506
1730
1911
2240
1909
1862
1915
1215
539
190
613
2014
2565
2677
1672
2137
3429
521
34
112
3088
1243
222
1182
2043
124
2969
2450
1078
3277
3208
2358
139
232
1364
923
1886
410
2058
2745
22
3443
2236
2094
1929
3390
2591
3436
194
2007
748
61
2651
223
2715
1102
781
1836
2848
276
59
2490
0
3428
666
3345
2411
2320
580
1050
2294
2114
2908
1449
579
2337
1445
983
550
1235
636
609
2292
2079
2436
1574
567
1433
351
3124
1093
2615
509
774
2871
412
1782
1099
1270
2116
2713
1566
905
968
2173
148
3202
2985
553
1457
1812
2620
503
335
2808
932
3364
1758
3257
2854
1931
2288
3298
2895
2863
1875
2718
2851
3136
135
460
318
2244
3062
3034
2602
2520
1310
1712
2128
170
3435
2517
2916
753
175
1277
1062
2184
3430
2493
1863
3240
1269
1116
735
3125
1525
518
566
1699
1196
846
3222
536
798
1251
2222
2044
2629
2449
1537
484
2453
2463
3074
2727
2113
1163
585
2894
2606
55
1746
2133
2594
2424
362
2547
2093
1942
1861
1923
1941
2613
56
2556
1466
1140
2980
2276
2523
568
1488
164
1659
2941
1211
2706
3312
1698
301
3097
3438
1111
3032
231
588
3058
669
72
3410
1935
2205
595
2514
2827
320
2648
1833
1753
1464
386
583
3003
2698
1386
840
1350
2640
2266
2279
1868
2214
2491
1806
719
2345
1233
3246
1262
854
2224
3314
2804
3055
3294
782
3044
885
336
2603
3175
507
2432
1065
2218
898
284
1031
64
1966
2904
314
1556
2342
2357
1032
668
251
2242
3415
640
512
1597
584
2537
769
1109
2126
289
2403
332
1198
1939
2970
449
2237
3053
859
1802
1237
40
1136
2353
2474
2988
3221
2935
163
823
2950
494
2933
3411
1026
1989
1519
408
1167
3093
1080
115
1783
2732
3266
260
2003
1846
424
1042
1826
2662
3075
2374
248
2026
2226
2929
1710
2341
2378
160
2856
2088
646
1397
2807
235
3188
686
767
2477
1289
692
506
1938
368
375
3181
3416
976
2484
2915
2981
1075
2239
973
1828
910
421
1159
775
1925
1996
291
205
1755
3207
1332
2478
1223
1076
397
8
2607
2938
98
2883
302
2815
806
1098
2448
1311
1432
2836
158
2091
3307
1662
1793
1113
2673
698
1007
773
977
2321
1443
27
2630
2872
2786
1162
2824
3461
3387
498
1784
505
2552
3247
1419
953
1898
33
3060
378
1978
1085
2143
2379
1412
161
3384
3368
561
1617
1594
2819
3326
794
3011
36
305
45
1796
2255
1745
563
83
2859
2940
3166
2366
869
731
117
419
3228
1051
809
3355
3195
2115
383
2291
1775
203
1506
2472
2375
155
2657
2246
1984
1814
367
418
1052
2781
1168
1286
2907
606
1121
528
1995
376
1444
1083
296
726
1413
1551
2764
990
144
711
1598
2628
994
3293
734
473
745
3185
113
226
3330
2965
2267
1407
3174
1351
471
385
1706
1523
3203
2912
752
918
2579
1090
3020
3230
657
2080
2308
2352
474
2655
572
3010
1656
3328
2212
2078
3039
2118
2599
2756
2809
1414
725
2217
1256
2247
2538
140
1760
2016
1486
1616
2806
2890
171
945
788
3234
2982
2051
1987
372
67
1060
2393
3091
3303
1482
671
79
2964
942
2057
2598
947
2774
1028
3432
1074
1776
1002
714
186
43
2203
633
632
2029
2885
1607
2208
269
2997
643
3353
1892
1245
2257
914
3239
3402
380
3351
602
1785
1004
966
1334
463
2730
447
1133
2324
2061
1100
2593
3456
1516
1197
1842
2903
1919
3310
1714
626
2960
2232
1184
2456
3342
1044
2601
151
2397
2096
3023
293
455
87
123
3184
3401
3370
482
3021
2900
1333
3232
3135
388
569
1612
3255
1587
2394
2684
2020
3338
2571
1273
622
2666
2830
2829
1011
91
1502
1936
1169
1569
1561
2445
1742
2696
1580
2770
3270
1654
1839
1565
1701
3283
694
121
1585
2799
2710
2881
3334
2921
1322
526
409
2286
2256
2261
1471
1331
1707
1554
531
3149
1221
1510
2953
944
1827
2747
3201
3000
159
3068
2671
2440
456
974
1648
2364
2162
202
1881
3346
92
1370
2327
3469
895
2032
1757
3192
1540
997
2190
2510
2452
1740
1768
1593
2419
2798
3380
1604
1324
2893
1910
1852
3043
1501
2509
435
343
513
1564
3225
2249
969
3425
1520
533
2165
1946
1358
2084
916
870
1921
1267
2708
1423
1187
95
283
1940
1512
1326
3128
2140
903
3216
2822
2645
1720
841
1024
2451
730
610
274
2511
880
1970
538
2074
122
1613
1199
2876
275
766
3394
2913
2503
919
2934
1981
1280
1809
802
137
3017
2504
3052
2524
1387
2034
2011
2290
2069
1633
427
263
2163
3450
908
1097
2507
2238
2976
3057
359
60
414
2356
2215
1799
620
783
1290
1715
2957
2627
1227
281
1576
35
1770
1522
2699
1751
1605
2661
1514
270
76
346
1669
1442
1756
3406
3348
2123
1797
2967
2958
2930
1595
3120
1600
3263
1533
1416
2310
438
1282
1329
1460
875
2355
747
1079
696
3205
478
1733
1490
58
2285
229
2380
2867
1380
548
2643
2328
1365
1820
2120
3465
1441
621
1134
857
3268
765
25
211
1788
490
3090
2959
2446
2185
1399
3071
760
2502
1810
2949
1850
3094
1234
740
431
1436
705
2390
2359
3220
1016
594
84
1403
982
2746
1342
97
475
2635
750
3115
825
1856
3309
3285
3449
2489
2803
3170
2837
3447
337
2370
2230
2434
2082
998
1688
3168
1353
1178
1798
2642
3190
2555
940
1635
645
1567
1999
2299
2293
1786
1905
877
1356
884
96
2476
1844
1296
2544
2834
3211
1732
624
699
709
1300
3086
2264
3194
1220
1678
417
2037
3253
1469
1749
3159
3113
1204
2483
365
3441
2998
965
3187
1652
2017
1352
814
2444
2626
1177
2053
458
3112
3397
1816
2968
280
3349
23
1493
2873
704
189
1263
1772
2022
3391
1619
1917
1943
1543
2494
2692
2412
582
267
3451
1491
9
662
2206
2363
936
519
2600
2670
292
1726
2825
1901
3132
981
1963
2182
491
2312
2749
413
3001
739
2004
1513
2335
2783
1287
1084
1606
1010
469
304
3226
881
225
807
1205
604
963
2924
3162
623
2087
2002
1318
795
488
975
625
2735
2200
497
2951
1087
1484
1644
188
2928
2943
2899
1589
1339
938
273
1640
310
2386
1880
2766
663
2145
2388
638
523
3378
552
2193
2833
288
1517
2526
1874
1250
1653
1509
2653
618
904
1695
3383
1884
1967
2896
1568
1805
3146
1765
1366
2269
3126
3464
1249
3046
2562
3158
935
2738
2828
1735
221
1020
819
1686
764
3352
2138
227
3080
2033
3006
444
985
2530
3452
2124
1152
1969
570
465
2986
1824
2105
1870
2262
1924
254
233
3426
403
272
353
892
2569
650
2306
3445
285
1037
3274
729
791
1676
1877
2752
2733
3318
529
340
394
3049
2110
1855
1727
1545
1483
1723
894
1421
956
556
2994
1463
3244
428
3083
2742
369
710
2845
1153
111
2641
871
792
15
1759
2065
2111
2843
1057
2832
821
361
1618
3341
2948
1992
2159
107
2609
1913
3191
496
1691
3056
1379
1792
1248
813
2202
511
2301
951
147
1468
3073
3398
62
3178
3327
1371
2891
1848
1673
1944
1317
3264
1328
315
433
1891
1384
17
44
411
1951
1070
2050
1630
1602
1795
2323
224
30
1148
1156
3372
1705
133
89
2435
1146
207
472
2577
2563
2709
2495
1668
2729
2637
1142
3150
3213
2338
3291
1586
3300
199
2605
2405
3446
1130
387
2529
2649
1030
220
198
1478
2350
1743
1583
1638
2368
2228
2204
1950
328
1697
2814
1327
1952
1417
2154
479
1771
325
1623
2059
179
2972
2672
303
3153
1135
466
2040
3105
901
2527
69
3248
308
1363
2758
344
922
844
1977
1908
2861
1738
1725
2817
1694
249
1860
3272
3116
2581
720
2791
208
3227
2767
915
850
587
591
3161
742
3139
3036
2052
2442
1997
2910
517
2875
2461
176
1750
1195
2178
294
339
992
2869
3064
815
2001
1773
420
3154
706
1883
2231
1086
2683
1790
2492
3468
1430
3252
2939
1507
1063
2485
3458
2220
2769
125
2175
1573
2792
3206
1091
312
1459
575
1295
1139
366
1632
2665
1703
1685
1341
2714
19
1302
1375
2917
2089
1496
2496
2019
1455
849
707
1325
1948
395
2763
2911
3376
215
1692
1548
1764
3054
3339
3316
1947
2669
616
514
1803
1817
307
3
1700
3014
327
2545
1584
2905
299
3100
3179
3249
2141
3251
1349
3022
1680
1257
1307
913
863
1956
2235
2909
1411
2284
334
2954
1461
1345
2460
1853
265
500
612
2989
600
2481
436
3038
1014
2197
2878
1641
1504
3287
1975
1049
2785
1526
2332
309
3412
1535
2725
2309
1126
733
1657
1355
3199
1878
565
1927
1
317
3160
2172
481
708
590
2425
1646
1611
1807
1283
1124
978
3089
42
2839
3317
1914
2139
1394
1689
2265
2307
48
1696
2937
1160
891
700
984
2820
1361
578
1550
900
3455
2757
1625
2400
1181
1036
847
1624
119
1683
1304
979
1801
2216
1246
3233
75
2971
2559
242
1864
2984
3299
996
3231
350
3439
1679
453
1434
2995
2505
1968
543
1744
1475
106
3243
962
1143
2136
1555
3373
371
959
1096
3362
716
762
1489
2573
2898
2512
3051
3331
2401
1360
2632
146
532
3301
684
2009
3076
1046
2027
1894
2608
2372
3070
988
796
2297
468
656
1261
2874
3198
262
989
3325
2772
3374
1231
972
1216
1164
525
1930
2754
295
1729
1724
2158
2802
576
348
2726
355
1288
244
2532
2704
2245
3467
1675
1748
3262
2360
1006
1017
1369
920
537
49
1330
2149
3396
2117
1266
1779
3311
206
1498
3152
3440
2248
2229
2075
1362
2870
391
1439
476
2977
2589
218
1769
102
993
1843
1857
3040
1118
756
10
651
1166
154
1009
2399
605
2315
899
693
1161
2811
3333
2868
887
597
2561
672
38
1906
1621
3385
820
2223
2535
2062
2085
874
1834
1581
2441
3399
1123
758
3308
2251
1582
298
2155
2221
1500
1887
2553
2831
667
3131
1137
1319
2130
1456
2816
492
2849
1959
3118
2414
2395
1610
120
3305
3042
2271
2417
1882
1108
2668
3059
1128
1192
1213
761
2211
1082
1539
3078
1114
389
829
6
2690
240
690
1435
2048
4
1347
3033
1048
237
2112
810
787
896
1179
2759
459
2497
187
2281
546
1609
1424
1428
1859
1043
2703
2788
1458
1426
3304
3363
2056
1821
377
3085
1372
2712
1534
271
2884
2131
2551
1982
2150
454
2147
2846
128
3077
426
3389
1487
2282
957
402
2144
28
2340
3007
3279
1780
1637
673
1663
2471
1281
3336
338
3366
2384
1450
3292
2685
2925
654
2650
717
2171
2597
3256
1762
3454
1354
2961
1907
2926
2659
3242
928
2886
3218
382
177
1557
2063
165
3219
63
1791
3388
2458
2046
2469
3008
166
1767
1125
279
1781
3357
2687
1228
467
2428
3182
2919
3297
1737
3271
1175
53
2812
2777
2654
2616
1885
2918
743
3167
1176
2377
2720
1649
26
1292
2813
1381
2580
2274
3462
489
1217
1893
345
2618
210
831
3235
2550
399
3418
2761
2952
1396
2760
195
902
2795
986
326
3371
1172
2142
407
452
1647
1713
196
3024
1682
246
1575
439
2464
812
3395
3413
3360
2362
577
364
2974
3453
1258
2227
3276
257
1722
1045
2376
2153
670
1110
3106
1818
780
2438
440
860
833
2617
799
384
652
3200
1047
2850
1988
2554
2263
1429
1186
3189
2313
219
1532
3375
1174
2132
2170
2992
3130
2847
2639
837
457
3103
1323
297
82
256
169
1552
2346
1667
2272
2071
1158
2049
214
2789
912
3013
1916
1219
1476
162
721
1382
1838
167
2741
3177
470
2656
1119
607
1170
2035
2644
2295
1201
1926
172
2070
1721
811
675
2066
2326
319
2042
3350
2557
77
873
2421
2914
2404
1590
1811
2339
785
3241
52
1452
3069
2624
241
2104
2157
589
1922
1949
1763
856
1835
2467
2330
530
2658
1395
443
1681
828
948
615
1954
3122
1112
3404
2773
1591
3037
544
1073
830
627
1284
2882
2721
1400
2030
2695
2923
2660
1401
1955
2349
950
2748
2195
99
3102
1151
1542
2587
2010
3145
559
20
2305
437
1934
2024
2277
2623
1711
499
883
39
3236
1025
637
3400
358
1626
1603
217
882
3028
558
2731
1719
560
2979
868
2468
1961
2209
2329
1900
3466
2724
1815
872
3061
3393
2625
1071
495
1494
826
425
2705
2987
2433
1666
261
2148
1390
1208
2956
842
2121
1479
423
2180
2857
2638
1527
2296
3386
586
617
1777
3079
1314
3186
2319
1752
853
487
1398
2475
1871
3258
286
2119
2443
191
3392
178
349
1129
2568
3223
70
1945
2373
1920
2631
2558
2793
118
7
446
2936
1276
2258
3417
2152
1055
1238
1313
2801
952
2416
363
2755
3320
1301
1040
1027
3381
374
2694
2354
967
732
1465
909
2134
3110
3409
2841
827
630
3407
1255
1830
2260
2186
1462
955
2646
677
1973
3359
763
2210
2576
562
114
845
264
1823
1415
2160
2054
73
2241
1437
2389
1077
1015
2189
1335
2539
549
108
2041
2780
51
991
1651
864
3180
2311
564
29
3275
1643
2300
2454
1171
110
129
1873
631
2407
1188
2406
889
2790
3029
1420
3016
1499
287
3095
2797
3296
547
855
2480
1481
1660
1980
252
1563
2805
3172
797
661
551
2753
1728
946
3157
192
1831
2574
3379
3444
2619
2667
2902
1477
1965
3196
741
801
3030
245
2423
1309
352
2762
3265
3121
2385
2367
1018
858
2663
800
1671
2865
370
995
2779
381
1157
322
1774
3423
2427
104
1990
2743
1308
2612
596
1058
2522
2025
1094
2548
2689
41
818
777
2422
1389
3315
373
1145
1538
1038
3210
127
2298
347
2707
1320
958
1845
2515
2500
1986
2932
183
2622
1473
2700
2584
282
88
3344
1518
2784
2192
1571
65
3273
2717
593
2008
3433
1244
2858
724
2534
3127
2402
3215
277
2835
1599
1957
524
611
1297
3156
2818
1979
180
1731
416
1865
2168
1069
204
2191
1808
2719
1747
2410
3183
715
136
37
3015
1998
1841
2455
1661
554
987
3434
2991
3278
520
2466
943
1454
1958
441
2418
1067
3324
542
2826
200
1066
153
3096
1879
648
306
804
679
12
212
483
1446
2498
266
2955
2081
3424
2303
1579
3295
3337
678
1131
2439
3002
2521
1378
2336
2289
2739
3009
1890
862
1899
1544
493
2575
3169
851
1928
1596
66
1693
2161
2039
255
2810
1275
1690
522
768
2000
3129
2722
793
2392
897
1088
1405
1105
238
2107
1474
949
116
3321
2099
86
2122
1505
3204
3019
3237
71
779
1559
185
2633
2023
2437
3306
817
1101
2383
2331
2681
2465
3109
1888
1994
1778
1658
3133
2682
1876
3050
603
3165
3319
941
1346
655
1431
2233
2283
2164
1453
1636
504
1214
634
1207
2578
601
3176
1620
540
3114
2103
2697
1260
278
1299
867
1373
3463
2278
1639
937
1225
2888
2560
1974
1173
2963
754
1592
3260
2519
3459
1254
2459
3018
3419
2590
324
510
2012
1448
866
703
1012
2678
2090
1800
2664
1741
2106
1627
2005
3140
689
132
429
1236
1971
2169
201
1529
2273
1059
3442
1377
1230
1622
3238
3313
697
2596
2680
3323
2990
3026
1528
1829
2877
3151
1357
628
1497
3335
1039
1138
2821
571
2006
152
1315
1847
3137
3408
1813
2381
1819
392
451
778
1393
3004
1008
746
2564
836
736
2614
598
1306
2800
3092
1068
2513
213
2100
2487
2045
1404
3193
701
3254
3369
1903
541
1247
3045
644
2391
432
31
354
722
3027
2592
1546
2174
415
2945
486
660
32
1092
1615
954
776
629
130
2259
848
3141
2013
1264
2686
1716
2176
2304
11
1312
3377
2361
2546
2280
2316
1849
81
2586
2794
1103
3163
852
545
2775
1185
2771
1338
2701
2880
2322
2101
2156
450
2844
939
2198
999
2431
1655
356
2077
2740
18
805
2470
405
816
2675
3031
886
3197
1902
907
181
1467
1869
1664
674
1570
1206
1132
1072
2531
3290
2253
1013
2462
2369
681
2525
1962
2181
2473
2482
878
1425
1203
2887
2962
3111
1005
448
2736
2067
1229
964
691
316
1684
1406
1034
2488
771
2479
924
100
2533
1259
1560
3356
2268
1344
1291
1127
2275
3171
1577
442
2528
3347
2426
2018
838
3354
2413
3212
501
1964
653
1708
664
1294
642
2302
557
3289
2595
665
1766
2060
1472
1056
253
74
647
1872
1521
3107
641
1840
2343
1495
929
54
1265
1054
1851
2409
406
90
1089
2187
2604
1061
1402
1933
1418
2993
2430
3082
1837
434
1189
1240
1650
1761
1736
1718
2199
1408
464
2031
2751
749
329
2737
879
1141
168
485
751
927
2028
3322
3065
1224
247
2408
1298
145
1631
3123
342
2097
581
2621
2942
2572
2716
150
2015
2508
379
2518
80
659
1222
1515
1122
390
2566
1368
2219
2036
1739
2567
1392
1272
2038
3245
1107
2348
1271
2196
3025
5
228
2501
1562
1242
757
1022
1274
723
2978
1628
2864
3224
3041
2840
3035
341
1190
1003
1983
157
970
3286
3164
515
2213
1717
3437
1343
3119
921
2098
980
822
1226
78
3072
808
926
1150
2778
737
2610
2415
925
639
2920
1896
574
1704
1029
573
2838
1553
2734
1252
1541
1530
2975
893
917
1200
2879
2166
1385
2334
1985
1336
141
619
2855
1531
3101
2076
1165
2585
101
971
2129
193
1374
461
109
2146
890
2254
502
1120
2862
311
832
1665
1614
2728
1789
1503
2973
680
888
683
3099
3048
1524
1440
1154
1642
393
404
1359
243
1278
1194
2679
2996
1427
1674
2842
1000
234
2102
1608
906
555
2723
1316
3267
3340
1115
3047
2866
2486
2447
230
357
2516
216
