3366
715
857
1133
3094
2995
135
1635
583
502
654
1488
2709
225
913
2782
732
2807
2999
563
2454
195
1808
2087
776
3230
3192
2669
2451
635
242
1560
1558
1478
2461
257
160
1626
1457
3193
2581
1144
1571
3311
2838
3277
958
1031
1745
2285
504
2227
1091
383
761
90
1564
1616
1647
1868
326
783
1378
846
1492
855
542
2718
2658
3220
2508
2206
1450
1141
3232
167
336
1364
3271
218
3326
751
925
1365
457
3132
1650
1918
2400
2878
2974
3055
951
2994
3253
1058
1802
593
1851
3411
540
1576
1099
2736
1507
2854
2904
3244
2459
2406
481
1917
1178
824
2263
1750
2333
2123
3438
898
2830
2088
789
2766
147
1074
1082
2514
2246
15
1667
2306
3084
1102
1719
700
1225
1957
3444
2453
1412
3424
837
585
1132
708
1703
686
1913
3024
1563
2142
2020
545
2998
404
2620
996
1600
2069
964
1756
1911
2978
3328
2276
3306
1298
3227
1736
907
1707
1782
586
2956
1631
340
670
413
188
1512
129
3450
1303
1094
3077
2500
1071
1952
3033
2118
1807
373
1050
1372
2313
2502
2148
549
3418
2983
926
1345
490
3425
1915
693
357
2569
1024
1901
3273
2472
3133
81
1213
1676
2486
3291
606
3252
1999
347
1836
405
2210
2437
2971
410
213
2951
1458
3201
2648
2368
2862
58
1499
1119
1162
3142
372
2460
2538
377
92
2804
204
554
149
649
806
2349
1393
3321
2036
1658
1816
1833
853
1961
1849
2064
1604
1653
1145
2801
282
1818
1426
3215
3259
189
3465
1522
3347
799
2986
3114
2041
2201
2522
2239
1273
303
2204
2300
2539
1003
1111
2642
893
3261
2560
2434
2629
2076
3313
1276
1746
345
3284
1263
28
1316
364
3266
2823
3431
1902
946
2096
2249
3389
2261
3426
2168
1258
1858
2037
1156
1892
2478
1463
1532
608
2286
3190
2755
2752
1387
2917
2972
2566
819
2029
315
2716
1469
2785
3316
1670
72
3439
3240
3217
2166
1008
259
3044
1569
2815
171
1587
2714
1510
3301
3180
2058
2463
2089
2595
1525
426
3350
423
3258
620
3090
130
3107
1775
1150
2677
3195
247
2288
2865
39
1000
1516
3097
1883
1287
1309
941
1036
134
488
1839
3320
2110
1797
929
944
312
3307
2447
1659
798
993
1109
2805
329
3102
731
2200
1419
2068
485
813
1766
194
1886
707
873
1434
3130
1660
2673
216
316
2749
938
3451
2307
511
1041
2896
1296
1785
960
2798
932
1496
2060
744
2476
2756
380
617
2886
2417
762
2176
3081
657
685
2071
590
2374
3363
955
3177
2074
443
448
1060
1436
794
1682
800
3323
1304
3080
1740
910
2594
602
349
3005
1908
3119
246
2617
2691
2693
454
2774
260
2336
274
1108
605
2794
2639
908
2708
1278
2817
2070
1513
2531
2856
105
1176
2520
1540
2523
2272
3025
980
389
2384
2173
1027
1281
2172
718
3093
1549
181
3377
3226
599
3342
1665
2182
3103
1026
2423
1637
2622
1354
77
1729
1302
1207
2442
2889
2873
1346
2107
2744
2038
564
1021
2410
1356
1264
71
2311
758
1875
497
3334
1966
2652
1929
1788
1224
2825
1465
2259
2195
2988
1456
2920
1928
1804
163
1539
3333
37
138
2199
3233
73
919
178
1299
2181
1130
534
581
1910
612
2114
977
2706
1208
1386
2474
3071
3221
1692
1367
888
3369
208
350
2223
93
482
792
597
370
53
1246
2530
438
1274
2279
2049
63
2797
748
2153
418
1430
1765
1721
3339
2014
1855
3449
2352
3336
1441
3297
2251
447
3027
1645
1866
2803
428
2832
155
2260
2676
2375
587
2809
1845
297
1440
1337
3008
901
1949
1521
1069
1760
3357
1376
2533
207
352
1253
314
1360
153
3036
323
2197
1070
1956
1950
3197
1666
971
3267
3171
1894
1567
1893
2663
1479
883
1671
262
1399
1009
723
2027
2290
663
1583
802
310
3421
3205
805
3433
592
2704
1903
1339
1959
3247
2396
2152
3191
2298
3249
522
1184
1013
2063
2897
1546
1403
2993
2025
3116
760
532
931
461
647
3017
730
2894
1312
1197
1377
2035
2876
1483
2556
2422
1594
1960
455
1900
3397
3050
2898
202
2559
193
642
682
881
3317
3272
2650
3037
2683
1035
1384
3204
334
2883
1717
1467
1758
2387
2329
1841
1049
1732
2237
3181
2846
3458
116
1643
3414
2924
3042
524
2849
3370
3238
1138
626
1566
2428
227
2734
743
2980
3447
2435
2810
2151
3146
2344
3160
1029
2511
688
775
2618
3173
2301
2717
360
894
1771
676
2853
896
433
1494
519
1168
3305
1588
3164
1305
616
3330
2751
351
577
2274
1083
2399
553
265
2363
2257
2900
2501
691
600
2696
871
1257
2386
2360
269
2786
251
2193
1916
1061
3396
2742
552
47
2570
2863
1187
1986
148
2760
2378
1657
2850
2465
1953
3011
589
395
578
912
782
2927
652
2342
859
1879
1661
151
122
289
1233
1032
2641
2724
726
3422
1611
499
1236
3184
1664
137
864
1115
409
425
646
3283
2212
2475
3174
335
915
719
1584
994
1413
1585
666
440
877
3250
957
2245
1698
1414
437
1731
2372
928
1357
221
1343
1542
1088
2990
2991
2678
1709
1452
1052
159
2510
3054
2366
2814
103
1504
1283
1424
1359
1861
2485
703
2687
1737
1286
2084
2542
1725
2587
863
57
2075
3303
1353
1562
820
1389
1681
174
3085
828
1634
2858
1202
966
808
3293
101
2115
1524
645
2353
2599
2762
3089
2424
2935
1475
480
779
1455
185
3299
2952
633
250
2480
584
1630
2404
1641
253
2078
3378
1232
3290
2979
3098
3018
1068
533
1266
1428
1279
2578
978
224
2970
2591
3060
2283
442
2941
355
420
408
3278
2689
2568
1289
3456
3453
2091
848
768
2513
1925
3150
3125
2597
1684
1375
3269
1477
982
407
2262
797
2722
1385
3400
506
672
343
1317
793
933
1867
2857
709
2401
1642
2405
1118
324
43
1124
1962
453
2909
514
1190
1043
947
711
607
2431
1680
3248
2083
2732
465
2525
320
975
2243
1814
3236
3001
2264
2001
1012
2930
2645
2624
1993
283
295
916
576
1789
268
2169
521
3309
3104
1468
640
3168
1656
3167
3443
2102
2665
1142
2616
3074
1734
1871
2121
889
12
879
82
2057
1198
3115
2394
1620
3148
32
378
26
1813
2573
1718
3121
2005
3385
862
2666
1322
2012
2180
660
1169
2119
2225
2008
1006
2748
1311
278
3260
124
1834
2444
1210
2519
318
902
2694
746
2046
2912
2240
3158
3435
494
1265
27
67
2427
1623
2795
515
435
1394
3234
240
1180
96
721
1757
2085
2365
965
2491
1117
2759
2477
2788
1975
1248
145
2577
1773
999
206
1675
276
2565
2048
113
219
3124
2448
1556
945
2441
3228
1842
1502
424
2703
2582
3216
724
1712
3016
3367
1379
594
70
277
546
2969
1907
2144
2911
170
3466
2902
2922
3324
2287
2303
88
421
2256
1970
2557
2607
3106
1895
3282
705
1214
512
2600
1674
3354
3399
1573
2282
510
3338
296
1462
3437
1614
3246
1191
16
1014
3052
1575
484
229
2055
3203
3262
3327
1964
1388
2802
2884
669
1325
3185
1347
439
3035
3287
3355
3406
391
2156
291
1933
1254
2351
2928
1231
226
1668
1093
2238
1320
223
2882
2028
2860
1410
1329
2194
661
2674
3110
3144
2455
239
2550
2073
2234
764
2960
3043
1885
1139
2097
368
2547
1128
158
1005
2341
1518
2421
237
2133
2138
1331
997
922
2370
1586
3029
3086
2958
1603
1028
1369
2211
671
2605
1981
1092
21
1598
2350
1395
558
2231
1161
2925
3229
1203
3356
2913
3012
379
1852
917
1352
1222
1501
3186
386
1954
1762
302
1994
1409
3209
1182
716
220
2692
2730
3325
392
2772
3014
2000
2603
1127
2214
3166
3390
1832
844
1796
2891
2414
2065
1163
3251
1490
841
2494
2679
3140
491
308
892
3231
2939
2429
1306
3118
1627
416
3254
2189
3452
2929
538
604
2800
1906
3020
2781
1269
1267
1201
1025
710
2585
729
1767
51
503
1401
3088
1820
228
2784
1033
3329
2381
344
882
1415
1944
2098
1136
3041
1968
3257
3341
936
3276
1034
2302
2278
429
9
3053
2769
526
1881
2383
3075
1112
1679
702
2426
1715
2016
3281
233
419
301
810
141
2737
1053
2052
2808
1030
2395
1689
358
1794
1654
940
2330
1363
2840
3122
3154
850
1077
3040
1686
2145
3441
1447
1155
108
3467
311
1382
3368
2159
664
2778
1215
2490
1495
1047
1023
550
582
2852
876
1847
473
471
2890
1054
2625
3285
2681
1979
1007
2464
1932
2362
1040
97
1629
1733
1533
1854
2861
2534
1460
3175
3178
1947
739
3454
2517
2671
2398
2746
2418
961
166
1531
1870
884
2549
1307
1019
2719
1404
486
466
1179
2867
2117
2643
1391
2233
1967
1711
747
3134
1282
496
2044
99
62
2294
1332
1651
1349
3211
1977
0
839
3176
3137
2721
1555
2146
456
1328
570
66
52
1830
3182
161
2126
1812
1453
1466
2754
1662
2515
1700
3159
255
1783
3138
3380
1545
1882
1245
1195
1904
2506
2843
3455
393
2943
1946
3319
2129
698
2695
2458
165
2408
722
112
1370
363
3352
3464
3049
177
2675
2657
2934
568
1105
1723
2763
2139
2162
2471
2136
1487
1742
3034
509
1934
528
886
2392
292
1123
1601
675
35
3448
1361
1621
561
2866
1724
591
2456
3112
1787
1078
1743
1828
3337
2822
2163
483
1859
1865
741
2619
118
2292
696
3023
362
1097
2811
1174
2981
1275
2187
241
904
772
641
2919
1220
656
287
774
1173
3344
2122
2081
2319
3198
2312
85
924
474
720
689
2602
1720
613
780
3300
547
2327
2975
517
3371
1416
3263
1704
1927
887
3379
2143
3129
1192
3199
2535
464
2552
1763
2317
1972
3382
2439
2973
1158
1590
2949
2359
851
953
1063
2821
1544
998
1685
579
3375
493
2462
1795
1421
1622
382
1260
1536
1226
989
821
7
2216
1237
3304
1778
2507
83
1971
3416
3223
1212
956
1423
2820
2308
2937
2244
327
1461
142
2179
3139
1612
2698
2583
1181
3410
1323
3179
2109
3275
3156
556
1786
187
3003
2710
2021
1840
2563
10
1951
2623
3004
3213
3022
3096
214
2493
2869
3343
2729
467
638
328
13
2775
3100
114
434
2297
191
1234
701
3207
176
3206
3026
1514
2004
557
2697
264
1368
1921
1538
2614
832
1418
1189
2092
1218
1965
2887
2936
3109
2955
2221
3265
431
2842
2660
222
3462
878
2376
432
1340
734
1272
786
2190
1010
870
637
525
614
215
3031
2380
834
3340
2248
880
653
2637
1831
1438
2839
2043
678
2829
162
1523
2996
492
2818
537
468
341
2232
2610
3105
3376
1319
1301
3019
2184
1129
248
1249
1850
639
322
3442
375
1826
444
139
2457
3459
1051
184
2987
2473
2953
1690
2780
38
56
1890
3381
1318
1792
2879
1582
1806
1398
1116
3392
2
3362
3264
2443
1086
866
2326
34
2112
2819
290
235
3063
3131
3322
3401
1857
1149
422
937
3302
1528
2271
2664
651
2871
1942
727
2833
2575
2864
286
1081
1330
80
367
1420
571
2571
1593
2574
2364
3128
3030
2686
2712
899
914
985
1615
791
2397
3386
3398
1362
115
1790
2402
1640
763
2509
1087
1427
1076
986
1262
1471
2688
1568
19
2634
803
78
1199
1574
1293
487
2640
2789
1747
100
2947
2945
2580
3208
3387
2875
1923
1727
288
2554
1705
2167
65
1066
2252
1392
1170
1791
2318
823
1891
1505
3404
3057
2082
1489
1548
2229
2528
757
1798
3135
209
261
2468
3315
923
270
1649
930
306
559
2967
885
2054
1429
1107
263
2425
865
927
406
835
1165
2134
1381
1351
1437
1439
1235
2851
1779
3463
2254
3072
1310
2659
2761
1486
2438
430
197
1407
2314
1557
143
2826
658
40
1992
1017
3312
146
1827
2844
50
319
2209
2753
588
1227
2834
452
2777
890
369
954
1380
3073
2548
2061
991
2040
1701
3457
2504
2217
400
2661
987
1509
3373
2203
1695
1860
1056
361
1247
3188
2872
959
1619
258
1896
1844
1974
1969
2562
580
2892
3143
1561
1186
1177
1098
1084
48
2331
300
1687
2101
1821
44
2931
1559
1444
2612
3157
2968
6
11
3359
1474
2332
2903
659
2095
1837
5
838
249
2009
2651
1491
472
3314
2305
1980
785
3394
2621
2030
2596
3349
110
2492
183
498
1104
918
199
1803
1135
1497
2050
631
1120
3038
2412
1164
905
869
849
3403
2219
3083
1672
636
2164
1530
299
1089
450
2483
694
967
1985
1336
1085
752
2627
1995
979
2630
2198
353
1920
2954
1223
2806
2373
629
2440
1914
1784
254
1759
24
175
55
1348
2281
2516
1335
895
2738
1039
3066
2255
1038
948
1406
2984
64
337
317
756
74
852
1764
2965
1373
2901
2032
3064
1973
1887
1228
1451
1551
1294
1825
1602
1770
1476
634
527
500
1716
1481
477
3076
3045
388
2103
745
909
811
801
3279
856
69
2135
1485
1722
2963
2899
2140
3101
2914
3360
365
1073
2572
816
2667
321
2338
98
2682
3430
2011
3351
1609
1417
687
2177
2915
2489
541
1937
1696
1589
737
2723
858
1991
1480
1606
1402
790
354
1955
3006
1371
1125
2154
212
767
2391
2725
111
2885
284
1728
1140
267
3402
2105
523
1553
2590
1103
1196
2662
1045
1800
2377
3239
2165
1809
1817
3241
94
988
3000
2275
1067
1435
2649
777
2382
2334
1188
1633
4
615
2837
2615
1931
569
738
1897
2948
1755
827
1884
3151
788
1572
1958
1300
2977
2137
1277
668
3202
2529
200
1171
2019
2104
551
1976
1217
3155
1605
695
1811
3384
2413
529
648
2944
3056
2633
2289
963
2321
624
2310
1241
3461
266
1748
17
2347
2793
826
256
735
2654
2733
2895
3009
619
1341
3200
2976
2013
29
1239
1148
969
2086
196
1396
1062
2646
690
1726
1200
1042
1244
3141
2997
3117
1157
2291
2672
1291
309
840
2796
1292
2540
2713
3409
2905
2371
1926
2022
1229
976
1663
54
2787
1948
2847
3047
2735
3194
1570
1843
618
1694
1898
815
76
2466
2127
2010
2524
2236
2740
449
1819
2270
679
795
2743
3002
356
2564
205
394
2576
2546
2606
2877
1780
1268
1938
2636
18
1880
2680
2946
1315
338
3224
1691
1838
2385
1445
1793
3007
2906
717
567
131
2739
1579
796
2631
1193
2588
949
403
2611
1554
1613
1835
366
3419
33
1535
814
736
3331
107
2090
2790
1939
2222
3099
759
665
2006
548
1987
293
348
831
2077
2670
2541
384
2116
535
89
2280
2047
30
601
398
1669
333
742
3296
1655
753
673
1090
3189
1219
875
1498
2961
812
1134
463
643
1580
603
2432
2985
712
1147
1624
479
2907
1998
2628
1706
3048
2390
401
1596
2561
1216
2355
374
305
3126
3092
817
2824
2192
625
2185
1183
2609
20
713
650
75
2921
414
2023
2728
3288
1242
3365
1905
3058
2644
627
674
1151
3245
3286
2505
3218
2416
3170
2007
2415
750
91
3051
2916
1209
2592
2196
2870
1358
1314
706
2512
1342
3021
2369
1749
2230
2208
2106
3255
1922
3427
152
1730
3407
1677
3046
784
962
2125
294
1683
469
2768
1022
2130
829
1270
1982
2827
2848
3295
2964
2186
3308
1113
830
3434
900
3163
1167
1628
754
1541
381
644
3062
3346
3067
1930
623
104
2745
2812
192
470
3015
1114
211
1990
3127
2926
1738
903
339
2147
2655
1261
331
2792
2859
1240
3413
2379
1608
1989
2175
1454
1106
2358
3353
1065
2940
2354
3059
2776
3270
2593
1618
1064
845
3225
106
234
3335
1713
2003
860
2731
1137
2042
1997
2536
1101
3393
2403
3310
1996
2051
1146
1096
1935
1166
787
1652
2613
59
3391
2527
2855
2893
2316
1984
843
836
2498
2874
1848
397
3145
2467
60
531
2836
2750
1617
2346
2499
1075
1648
2626
1936
1751
1899
2345
968
1744
2450
3415
781
1154
61
539
3469
1442
2031
2191
2799
31
950
2918
3298
1823
3460
874
1697
417
1405
804
1752
23
2598
190
2942
995
1001
1610
1863
390
1110
773
1464
842
1100
1250
3289
973
396
516
1873
399
210
86
1919
3082
565
501
536
79
2067
84
972
1251
2828
3432
2503
1080
1625
655
41
1761
2845
2758
198
2923
1059
415
1699
3446
3078
3065
2128
1383
2335
3149
45
117
121
1482
123
725
3123
2132
402
1324
2045
771
1735
770
1822
1308
1255
1284
981
2183
1221
1708
2727
1632
2108
3412
2711
2481
1153
3069
3440
2656
2174
677
1020
3372
3032
1636
906
2449
332
1526
1591
920
2388
3420
560
3237
778
1607
728
1511
460
2323
2765
1326
1259
3079
3222
2124
1508
2653
2469
3153
2420
683
861
825
1172
1714
3095
325
3187
2309
974
102
236
2266
769
2131
1295
244
1400
1
2910
2881
3061
245
49
1978
1552
1194
1037
2018
359
2767
36
2488
3405
2340
201
2791
459
1889
119
1230
2273
1271
441
2604
2389
495
3162
520
1431
1472
3428
1493
755
157
2409
1678
1500
2551
2320
2950
699
285
1599
2066
144
1018
1877
1805
684
14
281
1484
2487
172
1055
544
574
1057
243
140
573
2482
2579
252
3436
1297
518
939
3028
1470
952
1449
2773
298
2690
385
1799
411
2684
1768
1390
3165
992
2841
1519
275
3039
1446
1639
632
2720
562
2685
628
1983
2484
3332
1079
427
2962
2702
1853
970
2496
3152
990
921
2205
1874
2188
2726
387
1888
1334
436
2053
3113
2816
1122
3210
330
1943
3111
3318
2170
307
25
462
125
2324
2295
611
692
1702
2150
1864
3013
508
1810
3070
2242
943
1878
697
2757
173
1313
1924
2033
818
1912
833
2430
1011
2079
109
489
1425
566
1072
1801
2558
2247
2322
1945
1015
230
2543
2034
2635
8
2202
1048
42
2224
2880
2024
1256
3423
3212
2328
1280
1673
2813
596
3388
1333
3136
3169
238
2149
1646
2080
2367
2521
1366
942
2356
2868
2545
2526
1543
2226
2304
3280
3147
1185
555
1433
1002
1592
2419
3268
2908
2567
2267
2452
232
2026
2296
1044
1527
2544
1515
662
1578
376
3256
1321
3214
2989
3292
2213
1126
572
3196
1327
2337
2779
3358
3010
3395
1408
822
1547
180
1448
809
1206
136
1473
1529
1204
127
164
2293
935
3345
2099
46
1688
2589
1772
1862
2446
126
2959
280
891
2495
2933
169
3161
2632
478
1131
1753
475
575
680
2056
1856
2647
610
1422
740
1046
3
2325
595
1238
2039
847
530
2241
154
2831
2299
279
507
3243
2157
2932
3219
3383
2638
1095
1290
2938
807
412
1243
1211
2343
1941
2220
2586
1940
150
2113
371
911
2015
1876
1988
1769
2433
3235
272
1159
1004
1503
3068
2445
2532
1550
3120
2982
1205
2407
1869
273
1397
2764
3468
446
2017
1160
2158
231
3294
1374
1459
1693
2888
3429
2436
1781
3361
451
2218
2835
1777
445
1710
2707
3374
2277
2705
1644
513
2770
868
2178
3364
2771
2497
2093
1517
1443
2269
2741
2062
2002
934
1581
1016
2100
1350
2111
1432
704
3087
2601
1597
749
2141
2258
733
867
182
87
2339
2268
3445
622
1595
2783
1754
2161
2253
2265
2699
1252
3408
3417
2215
1288
1520
630
120
2701
1815
1143
203
2207
1565
2555
598
2715
714
872
1846
2160
766
2094
2470
2747
2284
1121
458
156
681
1411
3183
3108
2537
179
3348
2361
1344
313
1638
3242
2357
2553
1152
2059
1506
1739
2479
2608
3274
168
2072
621
1829
2171
1774
304
1824
1577
1872
2966
2315
68
132
1534
2518
1338
2120
133
543
271
1537
2584
1776
983
667
22
1741
128
2411
2228
2700
2155
897
1285
1963
2250
2393
2235
342
3091
984
505
95
217
1175
2668
854
1909
346
3172
2957
476
2992
2348
609
765
186
1355
