2486
1304
1455
875
414
1180
3035
47
1335
1441
892
3175
2978
2151
2614
1429
1515
2443
2252
3274
2079
2690
3093
2012
1214
1801
2198
3406
2781
253
311
486
109
3347
3367
1521
2487
1840
3137
1433
1803
477
132
1630
3441
2270
2999
180
468
3300
2558
2379
88
2163
7
481
2827
2691
2200
3100
2150
1300
2758
549
1139
2206
2107
2332
2449
3113
2865
928
1426
6
233
2797
1332
3271
1371
1236
2818
922
2211
1720
2285
1327
958
2572
3405
2908
1385
3224
715
3299
680
1967
1051
1666
96
1724
2510
1925
2450
1697
53
1953
798
830
1056
194
1939
3045
2747
1297
827
3244
2660
2728
1997
1101
2729
489
2890
894
3469
273
2719
2582
919
196
988
1696
652
1144
1343
384
964
2015
182
1778
3048
234
1928
499
1
1608
701
3390
520
2170
484
3204
1014
2843
2024
1735
1308
174
1788
2078
2613
364
1449
2901
3234
3034
288
2315
1842
2229
2068
949
1159
836
1208
2447
229
1695
1903
238
1712
2092
1160
2292
815
562
2371
862
950
3371
1299
1914
3047
3184
1633
2141
1445
902
2410
58
50
3150
2305
1846
2497
1865
888
1464
55
1414
1083
3458
2544
3099
170
2965
2139
1546
1660
1450
2395
1915
2032
176
2927
183
107
3068
760
1309
3270
2367
2432
1021
3434
1710
450
944
1221
1926
498
823
497
3446
2205
121
1717
1378
759
2902
2125
2721
3017
2807
2122
3265
2018
2683
399
1656
1275
2670
811
629
874
2925
1249
1078
3319
1238
817
2384
2204
63
2291
142
2953
781
3382
1254
783
1466
337
2883
3392
1912
1469
3378
431
382
2493
1107
137
1262
1775
2057
39
1427
840
547
1766
2479
3085
2113
2723
30
1567
2684
695
1334
154
2145
2778
691
1485
3055
2888
3460
3320
2396
719
2949
954
772
406
2055
97
2058
631
2190
1960
1497
2067
953
2417
400
1482
3229
430
3176
2106
1477
3354
1637
1885
570
213
2167
1783
1640
2149
765
577
375
2994
3279
3073
916
2855
2722
1901
1615
2328
22
1388
2612
803
2489
303
871
741
383
2856
2791
1192
2963
855
2279
1340
575
961
745
2156
1527
1930
1972
3005
1970
2822
3395
49
1415
1489
3076
2842
1213
2825
670
3456
3133
2875
2429
2011
422
930
1888
1434
2897
1977
2317
744
2565
2543
2325
3050
1419
2816
2166
363
365
2160
1643
1870
2461
1402
2257
2895
1951
147
230
2108
3119
2435
335
1815
2664
1228
1589
2082
1753
2833
3410
356
1318
3317
2231
2696
296
2730
1756
1118
2201
2174
2136
2005
247
1516
3303
3233
2639
2776
1007
3030
1421
3237
534
608
535
3440
2981
1022
831
790
3170
1554
2392
1368
73
3166
1988
1480
2732
2632
809
682
1688
752
598
1558
2658
860
1490
722
398
1642
1366
3313
1683
3312
219
1677
2611
2290
307
793
582
2720
445
2414
3396
2146
2266
3242
68
1059
199
1072
277
3379
2101
256
554
2688
1210
2806
504
2386
1621
426
2444
2187
1802
1773
3331
3399
2466
1684
2960
845
1133
2383
2961
2971
2535
924
2651
848
1207
3182
312
602
2380
1474
1896
821
1935
1613
77
2967
2502
2031
98
2511
2375
276
1064
778
2831
2731
624
2483
999
841
1539
3349
2743
677
2583
1685
514
1714
1674
3132
635
204
1808
2863
761
2789
2026
281
2635
2192
2512
797
246
3257
3463
2420
3060
1382
3346
434
1354
380
2975
1363
1764
2644
1956
2462
1422
2019
1834
1902
26
870
2121
1722
425
1247
95
869
2798
1655
344
3355
1470
15
2046
2985
2577
574
1911
3191
2647
113
2409
355
1054
2764
3246
1350
657
3401
1061
544
3417
537
2848
1680
1917
1511
3258
1282
3022
2642
471
687
1916
1012
1404
885
2838
2434
1418
189
1861
1524
1193
3179
1187
61
3295
2258
1439
1446
1387
2193
2560
973
1301
1140
158
1600
156
1893
3058
111
3384
2513
1872
2715
2725
2905
1617
129
737
985
1487
1880
479
1250
1798
1596
3292
857
1313
1772
2221
2471
119
1253
2748
3225
3087
3465
3088
1273
1811
3226
1267
131
1400
1624
3376
2900
873
1049
2528
117
2126
1832
1235
1971
3190
615
1662
1246
1018
2904
3008
1855
568
567
76
2933
942
43
143
1796
3413
250
3228
3018
1540
2534
1089
1844
1761
536
2062
757
1476
2281
583
2793
482
3383
1833
735
3151
2983
527
2878
743
2093
2220
2894
2832
3070
336
424
1535
2389
2457
1274
1006
340
1860
87
1039
1548
2542
270
1401
144
3412
563
1163
1944
2303
1284
2935
2436
2059
242
1587
1594
686
1110
2795
82
2550
2704
2004
1581
1149
2509
2800
1066
2736
1048
3098
3159
690
1393
872
1264
2568
299
2086
2621
2500
1240
2003
1793
1138
2524
2876
161
1011
974
1356
1376
2749
2294
804
833
3370
1451
2474
1899
1348
2111
1592
3081
976
2309
2091
826
749
1757
1475
2573
2926
1413
2282
1352
2498
2265
616
2293
2634
516
2153
843
2090
2054
3028
3380
585
436
708
3041
3014
1748
2335
3363
1380
523
2237
1338
3389
1329
3322
2189
991
338
1963
863
910
2529
2763
1097
329
1661
1591
1817
2061
3079
3431
167
3364
1868
967
1281
1057
1177
2394
1711
2689
1598
2307
3146
1420
1822
3052
2017
2183
2711
945
2356
103
28
2989
1317
463
1821
1590
867
403
1980
1746
2191
1391
1835
2821
2589
2060
511
348
1641
3112
2422
2225
376
2403
2950
1285
341
3104
672
2240
1440
3143
1170
2402
2579
2453
2624
2663
1737
2697
3277
1447
2705
1774
1230
1812
590
579
1790
2297
1669
597
1259
556
984
2419
2588
1280
612
678
44
2087
2199
2702
517
2080
314
3066
362
1693
1708
3394
2120
3323
2387
2064
990
820
2065
712
1052
724
1043
1468
2214
134
2271
368
2369
3109
2022
2083
2785
2467
3129
3138
350
453
1120
2956
1027
1978
257
3273
2430
1093
2760
2255
1869
2523
962
2246
34
3154
963
2968
3341
3059
3452
133
2319
1190
1437
2295
3046
513
2365
960
1326
1295
1845
1705
2623
3122
390
101
1728
2693
152
19
2253
2678
850
64
1921
2159
3038
630
509
2376
1319
3181
490
1496
828
313
2576
370
186
2127
195
2230
232
2416
2178
2759
1425
3451
185
455
2218
2809
3156
1553
168
1009
2129
728
2564
1940
2262
1555
3206
1314
480
2470
2641
1073
435
2802
1507
656
2506
714
1367
29
2826
1168
357
3435
1518
901
2646
2637
1727
491
2877
2421
758
1279
2898
1547
685
2071
1081
326
1659
2318
1495
2939
1117
2563
2202
2349
1752
1597
2133
1478
2601
165
2361
1638
2886
1226
289
1143
524
642
1082
3409
2755
2552
2463
2615
2700
2803
2475
2484
2952
1851
221
522
198
310
2401
2851
3019
1080
2969
3193
2958
1424
1864
2132
1919
1430
460
591
343
2918
3107
2236
2029
2657
622
2541
1791
1665
837
3368
1689
750
599
611
2164
327
3075
3385
983
1740
309
1522
16
2992
730
2636
2056
3278
2099
1032
2473
3173
1884
2823
747
3232
3256
316
3157
2212
1359
986
2398
1745
1866
1593
1212
37
3025
3094
330
2575
2666
792
3411
2814
386
1337
3345
1494
389
2301
789
1312
2716
1889
318
2717
1913
935
2195
2652
345
880
3291
2916
3251
868
1307
3053
879
2494
3203
763
469
3185
727
2313
2591
2667
3069
1744
2273
3400
448
1122
2590
3178
1931
3031
3318
3202
1673
972
128
52
1121
32
3443
2081
2706
373
2934
2412
1062
461
3333
825
2045
2858
2362
2355
2846
865
2844
3338
1222
2567
3209
2775
2995
1432
1211
3180
459
3280
2708
671
1364
3263
3353
1560
1830
1852
3140
1923
2756
1493
1954
9
462
3255
2320
3275
2710
1771
1315
1616
3043
846
1108
286
1945
1196
1175
1005
1443
1759
661
1355
210
1937
3288
1881
3124
3128
2626
212
2014
1733
3325
2753
1649
2847
838
1384
3350
3416
2608
3210
1767
11
2849
529
1907
1603
3358
1141
1614
2805
3403
2659
746
2503
1747
994
260
881
1291
1998
1682
205
1206
819
20
571
1098
2490
702
1938
1650
806
502
1628
1957
1397
564
2768
3290
1166
1904
2508
566
2418
191
263
418
48
2951
1725
3021
1626
1029
2912
2598
731
449
3195
3366
2182
3459
937
1046
2496
1298
1510
3214
558
662
1601
1950
2864
569
409
2570
3261
2551
2701
2049
2464
941
2374
1379
3330
293
46
3149
1151
952
2109
317
1565
1028
2451
666
1167
2830
3105
2920
86
72
1694
3414
987
404
1381
236
1336
538
135
3373
3192
3356
1639
3123
3160
1026
272
3218
2671
2263
41
1552
1763
2656
2269
1570
619
2326
756
669
1360
1824
1481
2519
1551
485
3336
1272
1583
3125
411
586
540
1058
3419
3208
3357
959
1575
1586
385
2991
1460
1934
1890
1690
371
1841
51
1077
84
1707
3217
74
1528
1182
2000
13
625
1410
1726
1582
2242
27
2962
1283
2603
2557
1561
1412
3144
1045
1000
3219
2972
717
3436
1828
2036
2733
3205
3188
1529
1125
2185
209
2097
1370
510
1848
2259
3236
1762
1905
446
2801
1716
1743
2172
1251
2811
2346
2914
2298
543
1331
675
1090
1023
2105
818
2321
530
2765
2181
35
458
2899
674
2766
1456
709
1898
478
822
3455
2033
83
908
859
2455
2562
1713
1651
799
2609
2341
474
2640
1265
1471
587
1223
3327
634
545
3438
2393
3306
2289
3375
3078
2286
1810
2407
2209
24
1799
104
884
1789
2042
2828
2687
1550
925
2051
1749
2893
2016
3171
1369
1859
3329
1330
252
2839
705
897
1576
2530
1202
2072
1099
561
1044
240
3040
3340
2406
91
2476
770
1113
3311
439
1390
882
3253
2353
1119
3267
2955
1863
110
226
883
1130
2423
791
640
1969
321
3172
2241
1428
224
1423
557
1883
284
2861
2213
3294
427
2681
2574
3092
1577
23
1687
1691
832
3454
2835
2868
525
1436
1204
2773
931
2128
3108
3466
172
505
3328
3194
125
1353
2586
349
1709
75
1730
738
2514
934
668
2284
620
2337
2123
2261
1595
2041
956
2938
3001
553
2734
3044
1900
918
1647
2929
2996
173
2363
3387
1242
3453
1358
40
3397
2714
1573
3196
470
2397
1008
2424
2299
3227
676
3398
2607
689
62
1836
1715
80
1610
1760
507
351
169
1268
1042
698
1087
1256
495
2536
1303
1813
274
2668
2569
2007
1606
67
1961
2619
651
2359
2982
3235
1514
2010
977
1229
2175
2824
1499
1075
1862
1123
943
1648
578
800
2860
3296
2038
1417
1602
1252
904
1906
1620
802
576
93
159
551
1556
237
1237
2048
162
1473
494
2098
1918
2100
2531
2112
2338
1462
773
3283
2672
1618
228
2343
3281
3297
3039
203
3074
2066
1416
2872
1181
673
2820
650
2250
779
2020
2415
1442
2946
3015
2692
2115
696
295
1347
3264
2772
2735
392
241
1607
740
2566
2930
2712
1564
3462
3447
753
766
3114
175
328
764
2244
2491
1486
496
2774
3241
3096
1559
1736
1454
3365
891
1030
1266
225
18
3091
1111
2625
3027
1245
1929
3127
421
1623
2750
1403
2310
647
1672
1270
1241
688
653
2208
2188
900
1658
3084
3404
3077
2537
947
1035
1134
222
501
794
1509
1636
2238
1569
3332
1686
1779
1146
2547
2336
589
3302
1106
17
1952
2334
1513
275
1459
503
1086
1389
3061
1968
2707
1692
3407
354
780
844
2381
324
914
2559
637
906
729
3361
609
927
2869
2438
2584
2142
3285
381
1634
1850
560
122
878
2311
1506
1085
2942
2331
2505
2477
1287
1132
720
402
1995
2370
584
216
626
2360
1276
3426
297
3102
2903
2287
1984
166
1814
304
3110
993
2495
3026
2039
997
548
824
45
3198
1829
3213
2998
1198
2148
1721
1178
1341
1096
572
1013
2441
92
3259
2235
3334
1777
1325
1220
1816
1867
1017
1019
2340
1498
333
1534
710
2538
1357
1508
1322
796
948
3003
2751
2677
231
2140
269
2228
2439
2468
2887
877
2352
2063
2035
2790
1103
663
264
3189
1856
1344
2114
2288
1787
2859
683
2979
933
1068
2480
2047
774
3268
3286
2990
1734
140
2219
102
2373
1333
332
1185
3106
2539
2578
915
2268
3448
2504
2251
2694
697
2274
78
2784
2171
235
2027
2742
1227
2267
518
21
1826
1531
2587
65
2592
2117
54
3391
1342
2910
1612
2280
1094
3249
1854
2445
1544
3248
1114
2154
2606
946
2782
57
342
1908
3164
951
227
2272
808
1316
1195
646
2216
2757
1036
771
2222
2597
1706
3197
401
648
3240
3183
2069
1976
1484
981
787
2103
3344
1147
3142
1645
60
1909
1781
1631
320
255
1444
2144
2571
2203
94
786
2616
1320
3293
428
3020
3307
1463
1392
2812
2604
2740
1738
3120
1979
214
1321
2713
693
3250
3207
1857
2388
1243
939
2350
1041
1034
413
618
2342
1847
704
271
898
395
2215
2673
1843
2454
633
1755
2643
14
1286
996
1579
2210
854
1294
2516
1031
437
1838
605
2431
1959
1372
617
3269
1784
638
853
1020
2709
3054
3284
2249
580
2158
920
3402
2546
1657
3117
3298
148
3037
1949
932
2501
1260
829
265
3016
1517
1209
1071
248
331
528
2001
1827
3429
2866
1131
1162
1472
3097
1519
692
1290
1218
3013
1215
755
2675
3252
1542
581
810
215
127
2085
2653
3343
2009
393
596
387
1069
1920
3221
8
1858
2867
1112
2278
1176
660
2799
2119
1091
2923
1632
1135
856
716
2648
1194
2456
2254
1224
573
1271
3418
4
1003
3386
2726
1769
2095
1750
3335
42
2630
1037
769
546
2682
2077
2226
2520
3424
2152
3004
645
3135
2638
2168
323
784
1700
2437
1257
1004
2245
1467
2194
1157
1234
124
2322
2917
1409
1609
1500
2197
2810
3231
1116
3186
3430
541
3082
1611
2427
3421
1948
3215
2452
2413
955
1154
2124
2348
372
2954
1025
1627
1886
405
3301
2555
971
2404
3089
1654
1876
136
3342
2553
359
1512
2746
3457
636
1652
3220
2227
2458
3243
2184
3337
2580
2442
966
1179
2718
2351
911
245
2433
2314
3282
907
2527
968
3427
1530
929
1407
1681
2533
2002
2426
3065
184
397
1891
2752
965
2974
1232
2936
3211
1377
1205
1729
2440
3352
3036
1458
3272
465
352
1394
447
628
555
3169
2217
1076
978
1985
2909
1941
559
1765
2676
2854
2754
1989
2034
1751
1200
2932
36
2829
864
936
1892
644
703
1492
607
2460
2327
217
378
408
1015
2880
654
982
179
1990
785
2507
970
2769
2013
3432
659
412
852
2044
1088
1383
1060
1100
3428
3161
287
1676
3314
1055
3393
3449
1625
1983
3067
912
1578
1183
1386
3315
2744
290
419
3029
2885
164
775
1894
2006
3276
440
443
1231
2372
1754
31
3063
3362
2738
876
415
3326
410
3
2662
2741
3136
1927
1962
2739
1804
3199
3010
3002
521
1974
2924
1878
1910
360
429
2819
3115
1109
2882
2481
2134
565
244
2884
2472
1955
3167
2525
1629
550
1973
2177
1067
1261
2339
2488
1258
81
2256
2585
112
2997
369
1129
1053
160
1174
90
2629
71
3348
1758
3072
1933
1186
3201
989
2347
1820
1987
2650
1239
812
201
1302
1278
1806
1873
2870
2088
3187
2922
3381
3439
684
79
2260
1839
2600
3245
3254
2283
2118
1289
267
2405
278
834
1263
2941
1448
641
515
283
1171
280
531
2617
3433
2329
2207
1150
153
2344
2518
2984
444
1701
2234
1063
2499
3304
454
2021
2889
38
1994
2522
305
542
1127
3118
1431
1084
975
1010
1739
1999
1887
1128
2302
197
207
2627
1505
1823
1136
623
1324
2323
2703
3011
2162
2110
2233
1216
1533
1932
3057
2977
706
2834
2143
601
2515
416
268
2382
1016
452
2008
1532
2993
2448
512
1943
2028
2275
1296
1411
2780
243
2399
725
3153
366
1277
2685
292
1047
315
2549
1742
903
3247
1292
751
298
1741
2891
2610
1219
1523
1699
2223
2970
2025
181
208
627
2948
508
2695
1038
261
56
2482
905
1115
3064
2788
3216
3444
1104
1465
1947
120
3062
106
2620
1782
2368
1155
2400
2645
3359
2131
3239
3095
887
754
1992
456
1719
1966
1805
2836
655
1488
1537
2247
1585
3158
1795
25
2767
2378
595
2686
2937
1395
1678
2761
711
2308
1619
1563
1635
116
2157
126
539
2130
1255
3147
99
1958
1457
2094
1172
1807
2853
108
163
1588
2425
2699
2186
105
308
251
909
2871
1723
2385
1233
2845
2390
3080
776
2737
1399
926
1452
193
723
814
66
302
1398
472
2330
1981
2173
2074
2446
992
2459
1074
1545
1065
2964
3442
1809
59
2
3116
374
1373
2345
3023
2633
2366
1768
1461
1079
1879
149
2808
1491
736
1158
155
3408
839
2248
3134
1311
1543
483
913
807
3000
2137
2874
777
146
592
3464
1993
762
432
294
1269
2605
1288
1438
0
178
3468
3012
467
1217
1675
2232
3130
475
2358
718
2988
1946
145
739
3152
2596
2554
5
2777
3372
2727
3148
1346
2879
1305
1792
2631
2850
1536
835
600
1406
1732
100
377
1785
3316
1975
1050
1924
420
3168
1622
3024
3308
2957
1964
493
202
782
177
526
2075
2304
2556
2165
466
1201
3324
1604
639
3377
896
606
1164
3049
2277
1580
1435
1001
610
3238
2324
768
2906
1794
319
3369
847
10
2179
1936
1169
2841
667
1102
3422
2478
391
813
1982
442
3351
249
2770
1375
457
3262
150
917
2595
3162
1668
3032
2196
2724
1663
594
2907
2428
1199
358
2792
1605
2076
192
2813
643
3425
3212
506
1646
795
2698
1831
3056
3111
938
1670
3222
2661
1351
2762
2540
1142
1825
2581
1339
2817
895
1124
1797
262
2155
699
2594
1644
2561
200
239
2815
1703
1818
858
157
1882
259
379
1145
1986
3321
367
2043
3450
1244
1574
417
2966
322
533
805
1248
441
2532
980
190
171
2973
2654
3360
1853
593
211
957
279
2224
3033
1173
1566
339
1191
849
451
2852
1033
325
2857
2919
1365
2300
2354
2779
3374
2618
1328
1479
2138
681
1704
2070
1137
899
3309
206
3071
492
1092
532
258
3155
3163
2104
396
2089
842
1105
123
2945
3007
734
3090
621
347
940
995
998
2944
700
2084
2050
886
742
3467
1526
2593
438
1362
726
1965
3200
3042
33
3174
12
3121
3305
1148
1702
679
3103
2680
1188
613
3145
1070
1874
1780
1040
2161
1408
2602
3461
921
3420
588
1562
1405
649
1996
1871
3165
1525
487
2679
3266
1349
1942
1568
1165
1502
1571
2931
2873
2947
632
2357
3388
2169
2649
2986
353
3083
1679
3287
2862
407
664
767
2030
500
2786
2408
85
969
2622
2296
423
2135
3101
2306
1776
1503
2243
1293
266
1875
2794
2316
218
2674
889
1203
1572
301
2599
2804
1002
3260
2391
2040
138
1225
851
890
2545
130
2665
2526
2333
1126
361
220
2881
2053
223
1664
1396
3445
2469
3230
733
334
1156
2102
1374
291
2147
2176
388
721
70
2915
1653
1698
3086
1520
1584
2911
2745
2239
188
3415
114
713
603
1501
282
1095
464
2787
3131
1877
2940
519
2485
2771
2521
732
2116
3051
2548
2052
866
69
2411
1718
1671
1549
2180
1897
1538
1306
3141
2377
658
604
2928
285
1483
1323
614
923
118
1837
1895
2896
1770
707
788
89
1153
1557
433
1504
2465
139
1599
1541
2921
2023
2669
3177
2628
2976
1361
1800
3437
1731
2959
141
2364
187
3339
1819
488
3423
306
3006
1189
2655
2073
2276
2517
1849
1152
861
3223
2943
2980
2913
3126
346
2492
1024
2037
3139
552
893
1310
2892
979
665
1667
748
694
254
1197
2837
476
2312
1184
2264
3009
473
1991
151
2783
2987
1453
115
1161
1786
394
3310
1345
2840
300
2096
801
1922
816
3289
2796
