1878
2607
2510
2380
1134
219
63
2162
2636
1839
413
2549
2435
2247
674
1771
1627
2420
226
2227
2151
1586
965
1978
1171
1080
1241
2682
1711
567
46
2254
1337
1163
2646
510
757
2678
914
488
94
2393
1639
1114
1352
2033
2096
685
1318
312
75
2093
1728
2274
2488
2307
293
1564
1256
432
2114
315
720
1130
1509
536
1854
2198
1238
1759
1520
2302
1624
2158
509
35
1910
568
1489
1835
2518
1572
1285
940
1468
1934
2385
1760
2072
1071
2109
1701
1751
13
2331
1609
367
2127
474
554
2407
764
1395
2480
195
2587
1922
2275
1798
801
938
2349
2355
926
346
10
755
1577
665
686
112
900
128
773
2052
161
1499
1794
2176
1526
835
2288
1007
870
85
1086
2686
2597
602
1497
1225
867
506
2617
507
2076
728
1681
1796
2639
1951
462
573
635
59
263
428
2160
1353
171
905
581
859
2069
1175
361
1088
1124
2041
1741
1648
2156
1026
2231
2327
1194
1765
668
2272
473
1791
2525
2278
2192
1826
1554
1306
2427
969
166
187
1191
868
2261
1320
1822
2134
498
810
707
2210
1513
976
971
1575
1666
2112
963
1696
72
1747
642
317
928
1750
318
2226
869
212
523
1122
579
1746
2441
2537
1301
624
1986
872
1445
359
2120
922
2434
1954
1236
1385
2559
1425
613
300
850
1157
110
16
809
893
354
2691
284
927
1002
78
1516
303
1423
409
1669
492
1871
2059
398
1047
778
113
1932
1060
1451
337
542
1995
2243
2633
264
1952
1170
564
2351
358
1351
883
1244
1891
1316
283
2202
2167
804
1198
1757
625
1319
139
1364
824
301
1772
2320
626
2131
2365
1249
1073
946
1391
348
427
1507
980
2577
1596
2641
421
221
1872
83
2503
1801
480
183
2053
327
2285
1921
1787
1324
649
1334
193
513
362
1155
192
2157
2129
2573
276
2432
854
149
411
1990
211
885
2189
2267
552
723
465
222
2645
2496
959
1315
2177
762
2273
56
502
2650
1736
2045
1442
430
703
2581
1834
1156
939
2328
2457
1742
445
1379
1999
1384
302
2186
1432
236
1058
1567
1148
641
1204
537
1817
247
2569
272
663
332
1200
24
1992
1227
1074
2666
2143
1349
447
1098
683
2062
417
103
1491
2185
2482
2609
1150
559
968
496
555
2175
2145
1456
41
1619
30
718
2612
341
2446
1342
2206
678
725
645
1912
739
2484
1631
2061
2165
2463
1784
2671
1188
818
1476
351
892
891
1178
934
2430
1494
1559
1642
1768
1231
1859
54
2011
908
989
1135
2513
1336
580
2375
2222
122
2418
1050
252
1857
451
2591
1054
1182
2105
1738
261
2694
2073
347
2511
591
2212
738
1960
64
2699
1028
2653
2334
1911
2117
265
698
1828
675
376
1943
2644
143
2524
395
2681
1897
1239
2382
34
1907
129
2071
180
1534
2493
975
306
1644
1375
1031
951
1877
1406
600
61
1333
148
603
394
1810
628
2578
231
1372
2589
1865
1376
849
1611
131
730
99
519
1953
1550
1149
381
944
400
2455
188
2501
653
2377
561
1789
1685
1126
1309
1955
1230
1980
2136
913
1576
879
2187
2034
2386
22
1201
2369
1529
2066
1079
745
1900
923
2022
836
2049
1085
1403
2126
1525
1806
1305
1804
1538
1779
1766
2602
1072
2490
2695
2009
2361
1310
793
2404
2119
2502
2132
1221
96
1273
2115
1998
1753
42
984
2269
744
1689
1281
2316
1011
2234
1205
391
1737
648
1409
2526
1111
442
1541
1894
1416
1617
45
2392
2294
604
1187
2116
1233
1540
706
2572
1232
808
1365
1775
53
2173
1975
2260
515
1827
1444
1034
1377
458
2359
2140
915
2332
2251
1177
560
1108
2250
1361
1355
2199
1404
2532
368
477
896
1814
67
1183
1657
2521
328
2318
2099
2142
545
2575
524
320
1298
452
2107
1113
146
1012
242
503
998
243
2103
1763
909
1889
2540
1091
2445
1961
667
431
2696
1483
2357
2224
803
2439
961
699
1172
1965
2623
1431
710
2396
2039
957
753
89
1606
2004
1061
390
996
1939
1512
1937
360
1371
387
1167
1909
505
2625
1323
1694
2622
659
237
582
2284
1402
1514
584
1597
2300
2373
1583
2665
124
384
321
935
2431
2295
589
2259
406
1104
1147
2403
2381
172
1121
2553
184
2051
1563
1090
704
2043
2545
14
1413
1165
1812
2360
2290
1067
77
2054
466
1140
1927
1982
2478
671
654
1914
1884
1399
1761
2590
1408
2077
2118
871
592
785
1994
894
2535
2180
655
2065
500
1097
1966
1926
2412
1360
528
189
2090
2314
1535
688
530
828
1063
518
1588
863
1496
255
1607
2068
2579
1142
216
2668
711
1890
285
207
2196
563
2367
651
2171
1094
1769
1653
76
1422
754
190
168
1419
2347
2447
2240
666
1106
2233
144
1919
1503
375
2564
761
597
134
1560
88
2195
1125
7
2647
1288
1537
571
1438
1945
2018
985
1917
51
1770
2489
1981
269
2517
388
2363
610
1788
1461
153
1938
743
2225
2555
2615
1688
2366
2040
191
115
1488
2164
2551
225
1458
2030
1918
1571
1092
423
1484
2228
2530
1457
295
1179
746
1020
260
266
1686
1078
759
1762
562
556
1662
2025
2050
2539
1950
273
154
173
1758
1064
1033
455
736
2337
186
114
768
1933
676
2088
2036
2529
2410
2321
1472
1916
1435
1882
228
947
333
2238
541
135
412
28
1522
386
2498
1551
2044
2270
1562
2509
259
238
2491
244
439
130
566
1797
84
2516
1286
1005
2479
2255
2618
1168
2020
1545
2081
2642
1037
2203
2098
988
1480
234
485
1613
433
497
807
1449
2451
2257
23
220
1437
1528
1331
770
2338
2346
2104
605
614
1863
2271
1396
1707
716
163
1733
1208
1362
2100
1778
2667
517
750
2683
1332
1110
570
107
2016
2276
127
2046
194
1930
2048
607
2688
1658
2411
696
2433
945
408
2031
590
281
1144
1254
118
1373
2089
1829
1018
155
2379
2576
2415
2362
69
622
2684
1446
2527
1308
1949
1209
142
997
1844
267
858
2012
2401
1630
2437
2664
618
1454
2200
1715
2023
2679
531
1348
1478
2303
105
962
1095
1706
1836
1843
1482
2325
2242
2417
1683
108
1838
282
399
1849
1614
2469
1463
540
2277
1536
36
2512
2471
596
147
25
741
2286
1929
2311
339
229
365
8
1069
1813
721
1979
972
39
2637
62
1735
795
1436
1118
1169
2638
1176
1815
2178
1397
102
912
1059
2643
1942
2574
1655
2308
1915
1842
378
1671
2468
1004
714
999
2149
1490
2013
2631
1600
2019
1502
2452
2296
27
1515
786
410
1725
2593
2651
324
1465
629
1875
2523
11
342
731
1032
550
1224
2256
701
2584
2557
350
1263
1248
690
660
1027
617
2244
2554
2456
815
2002
2168
577
2378
44
2419
232
74
906
1271
1448
1203
1197
1807
1222
1466
882
1959
478
1858
1845
1675
2218
1991
1819
1453
955
1523
20
1258
2197
1659
1218
1885
632
256
1245
2654
1700
1697
549
2627
680
393
1923
1561
2153
1852
1136
978
2313
2193
1314
2550
70
1902
1555
2416
763
833
1407
1327
437
66
119
1366
1260
880
841
468
794
1970
2024
1164
2661
599
611
1107
2184
2221
2400
950
2674
353
1173
1008
6
310
275
1161
2319
311
1289
2531
441
270
514
2263
475
1956
471
1621
2376
1493
2216
178
732
952
1874
1405
2443
2499
1242
1251
1869
1764
277
246
371
1065
565
2606
1312
1720
929
2079
1045
2264
601
1892
740
1861
355
1252
2632
705
511
198
2428
956
1267
2515
791
1016
1039
1721
494
446
197
2215
1159
2541
546
1487
2139
2546
1381
1665
917
1089
771
1745
86
2304
2074
1234
2374
1632
98
1469
18
1347
1623
679
2135
121
1693
484
1226
1307
2453
742
3
1958
210
136
569
2483
1293
1984
1066
1649
2619
1680
1805
1568
1297
1479
2425
1651
1519
2547
258
145
1821
1594
1269
813
1388
309
1692
533
548
38
296
1744
2692
529
1441
2598
254
1220
782
1946
1740
2352
2395
1968
249
385
636
2241
672
874
1411
1690
516
1023
658
174
2006
534
1009
1732
888
169
2626
2133
1383
1024
1661
356
1673
1103
1544
1780
1880
781
1228
792
1486
1223
1338
936
167
482
1212
1928
1083
829
80
574
2429
1420
2005
2291
1650
877
440
1076
1295
1830
789
2183
2204
1783
2461
2414
215
2514
1474
657
1590
1330
1129
1081
495
343
1967
1467
2467
797
1903
1056
1154
1546
58
1901
349
152
490
1261
2697
1972
1141
1587
726
1470
2656
1473
1752
709
2067
783
2583
1837
664
2394
2010
322
1739
974
693
331
1421
1574
366
200
1344
279
2567
1592
1602
2170
1255
898
1506
539
954
476
2520
831
405
392
2570
2506
1636
377
1481
931
1195
1881
1800
2568
251
1936
50
547
240
551
1128
1598
2007
202
2620
1030
1278
1962
1414
12
52
250
457
1501
1434
1754
370
2344
925
1266
1439
504
873
373
2092
2232
1369
2497
943
1508
2266
383
1321
1276
1158
1811
1710
286
2662
1181
1647
800
111
1143
977
304
1682
1322
1132
132
878
2561
784
1084
1102
330
319
1207
2634
747
0
2383
9
1115
1341
2070
2017
734
224
245
1093
2095
769
1329
109
1475
280
2613
805
1808
2599
2310
889
397
2670
907
201
382
116
2675
1668
1860
508
2477
271
681
2245
2690
2091
175
702
2064
772
766
606
241
1180
290
520
866
2060
1851
218
469
1589
2102
1864
827
697
817
1532
499
2124
1558
1450
756
2268
2628
340
1944
2657
919
2280
1793
1809
819
2003
2237
983
2306
493
656
138
1283
1816
2207
1856
1712
1471
712
92
2630
2504
1051
615
1548
2422
1599
158
1773
884
117
1185
2239
1703
1335
2603
2560
196
979
1717
1462
2440
159
843
1049
424
2676
55
2544
470
2014
2101
751
1584
1724
2592
257
1192
1573
1311
352
558
2169
1935
1294
182
2354
43
544
2236
2209
1189
779
1382
404
213
1896
2458
735
2660
2438
1654
1635
842
1210
967
830
2519
2330
483
1296
2057
338
1237
68
986
845
401
2201
2372
2648
2038
844
2500
2586
456
1993
90
2086
1578
790
326
217
73
1638
1672
1485
1317
223
1518
1214
1440
904
31
1068
1853
798
1988
876
2188
1137
2466
1645
717
775
1790
2
855
1257
1505
1820
1052
1527
1895
1755
288
1931
1832
1401
1748
2138
2223
1652
1595
1186
380
2172
2205
2402
1387
501
2693
1123
598
1087
1557
2179
1246
1270
2652
1017
1855
374
2174
1531
434
1120
1940
33
1782
1300
687
1443
1428
419
1424
1714
787
910
1303
553
2141
992
1722
444
2125
949
176
733
933
1398
1803
1346
294
2078
1433
1974
1117
1131
489
1025
2042
1663
2317
1521
1626
1127
1876
396
1629
2542
2405
2249
2190
1818
1213
1698
2341
2329
2370
1279
719
966
2556
788
682
2388
123
389
1637
2462
1356
1565
1539
2220
2384
1552
32
2106
930
2450
2083
777
994
325
1264
164
420
661
2669
525
2582
2390
918
1350
1193
1217
2339
2150
2476
345
1357
2146
297
15
2604
812
2387
595
120
748
2128
2087
2213
1219
1920
1166
2562
1612
2230
1001
2154
426
1215
864
26
1325
181
2487
2163
526
1206
2399
860
1429
857
1678
491
802
2543
2442
538
1868
1549
1862
2624
1670
2552
1908
97
522
2309
684
1133
1591
2605
1274
673
2147
253
1713
1265
1625
1070
1109
2159
1014
248
2008
832
2464
1730
1646
126
2486
2253
631
991
822
901
1035
1284
1756
82
572
1781
1893
1593
2027
487
1262
1581
1941
689
1987
2113
1615
1378
1343
204
2287
2444
125
1899
298
379
287
235
156
206
2635
2265
2371
722
1723
316
1605
1533
2600
1464
1146
1850
1259
911
1358
461
727
1287
2035
1667
336
2032
1099
2436
1492
2423
621
1913
2281
1786
620
749
2094
2130
133
1983
151
964
799
1046
2028
1556
1153
1190
2475
630
2485
1455
443
1705
576
233
587
21
897
960
2026
1211
2161
1676
2111
708
826
2058
594
2148
2649
765
1003
1430
1767
837
2217
2305
2350
2473
593
1196
414
848
677
578
179
2248
2472
1777
2122
806
1275
2611
415
1802
767
1447
1053
2610
583
851
1743
1216
1898
2481
2538
157
299
820
1699
2459
1055
2698
100
1704
895
79
2056
1040
460
19
2474
638
1823
1427
1354
724
695
60
1304
1622
1996
847
2558
2594
2571
1708
2055
416
37
1412
2097
48
796
1363
1734
838
2454
2279
2492
1302
1660
691
449
981
1604
1679
289
2426
995
274
1530
814
1989
57
1062
1277
407
2246
2324
1691
1138
623
1964
453
1340
752
1973
1824
861
840
1948
1848
2323
2021
2037
1886
937
899
1013
1151
2424
2121
990
1831
314
205
2152
1036
1618
902
472
1841
1057
1202
1019
608
329
1542
862
1633
1452
2297
1553
825
47
2333
150
65
2353
639
2289
1077
2595
2588
230
903
640
2348
1795
1985
1048
454
627
2663
2522
1963
2144
429
780
2655
1543
1731
2211
2465
953
2345
1547
1603
1726
1359
1846
1674
1112
633
2258
2616
2685
2406
2495
758
450
4
2000
776
209
1641
2182
1888
101
418
1313
1677
425
1328
2293
2292
2029
1585
941
364
1643
1006
2342
1887
834
1517
141
713
543
811
372
2322
2364
104
924
91
1326
1749
586
1291
137
95
1729
1184
2137
2166
1240
93
521
1370
948
987
464
1119
970
486
1867
2326
2585
2659
647
1426
1976
535
2336
1096
1021
1601
1015
2298
1290
344
2409
1906
1247
652
2397
185
875
856
853
886
920
2565
2181
5
2536
852
203
1971
1664
512
2283
2214
1785
481
942
208
17
1010
2262
973
1500
1580
821
87
1374
1460
1702
839
1640
1495
1925
921
1616
2358
2047
694
1082
170
214
1043
1145
1199
49
1904
262
715
1566
816
435
307
2470
1879
177
268
199
2015
357
2507
662
1833
1579
2301
2534
467
1684
2110
865
1866
334
2391
612
1905
1101
71
2155
1368
2340
1774
1229
227
1139
1044
2229
1390
887
1977
1389
1410
916
1695
2580
239
2299
1243
958
2548
2508
1235
616
2080
448
823
1792
2687
2084
881
2528
2533
29
1957
1394
1299
1608
81
1569
2448
1924
2312
2601
532
609
2398
1
1162
2282
1268
634
162
1345
1847
2614
1272
2208
1716
1610
308
479
585
700
1253
369
1038
403
2505
890
527
165
588
335
644
737
1116
1400
1799
2075
313
1709
2123
2335
459
2368
1524
646
422
1415
2082
2658
1498
1477
774
1656
2689
278
2460
993
1282
1947
1873
729
2563
2356
619
1719
1029
1250
323
575
1392
2421
1969
982
2001
1386
1100
2413
1687
2191
2194
2343
1022
1504
2494
2252
1280
402
2640
291
1367
2108
1570
846
2219
160
2315
363
1075
2449
2673
1393
2596
1459
1105
643
1380
2063
140
1582
2408
1883
1000
2389
650
1339
1840
1160
557
1718
2085
1997
40
2621
637
669
1776
2608
1041
1042
1628
932
1510
1620
692
1511
438
436
1174
2677
1870
1417
1727
2672
292
2629
760
305
1634
2566
2680
463
1418
1152
1825
670
106
2235
1292
