1482
1126
2293
485
505
2248
2264
2339
893
68
2280
1109
1957
1974
1961
1404
399
1847
2497
164
2573
1078
1291
239
27
2087
1377
1759
2633
46
1714
1037
1977
1801
1564
2588
1160
428
1996
43
2404
2518
2450
834
1945
108
2176
1402
740
2352
1645
1407
93
1197
11
945
793
2687
1326
1080
2177
1260
1079
270
2499
119
2664
2271
769
1569
669
1034
2480
1071
2580
420
920
579
1038
1511
1934
445
156
7
2231
2285
1340
1821
1591
1234
2437
1415
1940
983
2330
712
2562
709
2571
2476
1515
53
1575
1049
514
809
1743
605
1772
2565
303
700
927
850
482
571
517
2585
574
1021
61
1969
483
233
549
1324
1574
858
897
908
304
1173
1809
1649
1083
1816
85
2598
2206
1026
2136
636
149
2175
2365
1807
2183
764
1796
1792
376
2350
2118
2469
2638
811
503
749
1062
828
260
888
1728
2368
145
2110
1490
42
1619
2220
1153
198
1244
2302
65
427
185
846
808
524
547
1254
737
196
598
2054
1844
894
753
1815
2158
770
2686
1289
1628
1013
757
2332
224
1919
2153
1952
19
1131
309
1975
1980
2665
171
1748
1684
663
2344
1900
1997
853
83
2586
252
2617
91
1496
2500
2422
289
826
364
33
1361
2138
2267
2474
1949
1955
1721
1699
1298
1586
143
2179
964
1863
166
1068
801
1352
1101
370
2207
2629
1438
1854
2372
190
1881
2057
1729
382
287
59
1375
1999
132
2668
459
2392
77
1568
773
431
391
1395
1053
703
1448
8
189
2663
1585
1191
599
714
465
1343
466
859
2062
1256
2146
1901
1216
2063
1983
2577
1741
1202
864
1147
2141
768
1100
2034
242
1758
2616
1834
944
2694
1841
789
1063
2112
468
2022
429
617
82
2587
1008
344
615
1887
515
1318
1992
638
667
2643
680
929
762
1040
970
581
985
2448
2378
369
444
2624
1597
1446
925
2117
2250
542
1647
2426
1567
1799
2411
430
993
2001
494
2461
1716
2126
1461
650
241
240
310
473
408
2439
1508
2531
223
379
569
2630
1708
2077
1831
481
567
160
831
2205
1262
666
1238
1201
589
2475
1488
862
518
299
76
747
1497
2015
2162
350
863
2559
2026
130
495
2199
2603
79
968
697
226
402
1085
616
2364
424
509
1607
26
1061
1441
2329
2167
14
1733
868
1797
423
1480
1984
1786
1986
275
1767
251
1576
2601
1871
2317
777
70
1735
2459
1805
1937
2039
1236
1571
1634
266
629
440
2165
554
499
39
2257
2097
1494
1322
12
432
352
2065
1307
825
969
311
480
2181
956
2683
1603
1976
163
2479
1883
2692
120
2477
2013
1367
112
1820
2405
426
401
1638
1904
359
208
84
463
1180
1994
123
1818
843
931
114
71
805
2208
1364
1312
1002
2273
2695
2409
972
1217
118
363
1890
36
686
1396
2212
532
2191
2402
2187
922
539
721
1456
121
639
378
1651
2173
2222
2296
1334
511
623
2535
1763
2096
2238
168
609
458
2379
1605
231
1963
1032
2576
336
154
2544
1513
2436
1505
66
659
2089
290
1606
165
1922
1670
2413
1208
1608
1780
1390
2483
2017
2691
2082
2324
2425
1641
918
788
531
508
1732
1165
1618
2534
1360
1330
1685
1464
30
679
695
1856
375
2472
1663
2608
2615
2291
2307
1559
259
580
2493
2237
1530
1311
1134
2640
1419
2399
21
1366
2328
824
886
1941
1627
1128
1719
2202
776
610
1205
1412
800
104
1502
500
2105
1899
2533
2550
1141
1339
1118
1020
247
288
838
2611
1742
1383
537
626
2623
421
1600
2444
1736
2621
357
2568
949
1727
178
446
1635
2253
1075
1178
2698
2376
97
1047
2508
752
1782
593
710
2074
1655
2066
654
2119
2069
744
2188
1514
2297
1393
2679
1246
203
2103
2169
1427
2358
2428
1543
1451
1055
731
595
2281
2356
977
496
911
245
1581
619
711
2216
2561
316
2196
2381
1314
216
2396
2111
1987
1258
1164
342
530
1823
1345
254
1111
2387
979
2156
201
1985
1255
1596
1521
1087
1773
2642
2634
2346
34
1081
1272
988
702
2116
1300
840
887
1064
1501
2384
1368
2400
1884
1437
708
2245
1381
877
1190
2593
2028
1268
153
2018
946
2599
765
637
2351
407
955
331
1990
1872
1788
1598
810
1487
486
2680
677
866
141
1822
692
2677
2193
1830
817
1837
2612
307
1659
2353
1510
914
2032
891
647
102
2151
628
470
1385
2053
471
493
1006
1535
1159
393
340
1292
2693
1968
2337
2004
355
2081
2549
348
2397
754
2321
2481
965
2247
1766
110
750
1477
433
576
923
1225
2190
173
2009
2667
1279
1691
1223
903
1874
236
449
1518
1916
2541
772
1865
1293
1848
606
2227
414
2266
150
1633
1849
2093
640
367
1033
253
522
1161
50
1220
1923
2670
2195
1700
98
1229
2620
519
1275
1852
418
791
498
406
830
1000
916
794
1615
1458
1950
904
1509
933
2357
334
1277
1926
1625
293
2636
1144
1500
564
2473
1036
1481
2023
2395
126
2540
760
109
2260
939
596
2597
1751
1547
127
1233
2455
1485
1771
2478
1284
2234
1455
1862
2050
1176
1674
738
1099
2316
867
1713
2218
2431
1091
783
1459
2410
1754
2498
2407
2230
1912
365
2244
1469
601
1004
958
25
1886
1389
1371
529
2486
1752
210
673
320
2377
205
2154
910
578
674
1138
291
653
1143
1092
319
683
1730
729
523
2648
2659
967
1321
2552
180
2000
134
2343
1122
2537
1951
2375
521
416
278
1243
1442
1595
2655
1265
954
1400
1382
2494
895
851
417
2338
861
1664
604
1791
1939
1158
1157
898
1712
2312
1803
1024
232
2072
2465
989
128
89
215
13
2359
691
158
1303
451
713
1029
2495
716
932
1563
1245
28
792
1077
613
1416
584
2134
2521
533
435
1932
644
1140
785
899
1043
1251
966
2628
1577
1690
1551
1768
1845
684
2005
806
2514
682
1453
2042
2067
1308
1800
881
879
181
948
1933
594
2289
292
2044
267
1468
1962
1206
452
726
2672
2277
2166
194
341
1425
2519
779
2241
175
81
1327
1344
1170
2466
317
1167
2583
488
1193
844
2275
1938
1911
1294
1333
298
2170
2501
44
2094
329
474
2150
1537
1812
761
479
759
1346
2
681
1944
2047
2107
1443
1573
2255
1162
1988
1432
2109
2401
739
2625
2447
641
1465
890
2262
1315
2671
1947
461
730
1041
387
1811
536
380
1558
2504
1151
671
1203
174
2298
1517
2590
1132
2548
1457
707
2335
400
631
1
1817
255
813
1212
230
1399
715
1610
820
1839
2528
2513
807
1196
2254
373
213
2471
294
271
162
67
1616
1764
1187
1365
2369
926
385
1473
2002
950
1250
874
2327
1369
2073
1682
2211
873
2589
849
1156
139
971
975
2386
113
2417
1533
2560
1166
1472
2517
2539
1972
816
2115
1093
649
1810
999
1123
1183
845
1152
1931
1306
722
1489
2408
1181
1050
735
337
2653
144
2427
839
318
2515
135
2052
115
2584
2635
155
706
368
217
1769
1859
690
1114
2556
2522
2666
1357
1186
381
1278
1545
1612
1349
2433
1273
1893
766
2488
2673
699
2185
1787
1430
1626
642
842
2567
170
268
1734
1471
1355
833
2201
2678
1552
924
1909
1052
2038
1970
167
87
1993
2644
1484
238
2536
2502
1998
1959
2041
1653
2341
1960
560
856
1995
1070
1431
1133
2600
2092
1876
415
2529
1297
991
1403
577
938
2676
2326
1274
1379
2161
296
425
2084
1503
1232
2320
2020
1304
460
1072
457
1556
2209
1592
1323
2581
1146
1097
2027
1864
1740
125
1098
1195
2340
1964
1745
1163
952
1120
2182
1019
2035
994
2342
90
913
2441
1059
2080
386
398
676
2632
2272
2637
0
1215
315
582
1917
1942
2233
1631
1531
1588
1561
1084
2650
60
1495
1010
35
1555
1936
2442
2088
1018
2021
1885
1621
705
1135
1025
1662
1247
333
1428
403
2484
1113
1755
1824
986
668
1703
356
1658
2662
351
371
1214
1105
1636
2607
921
643
1973
1179
1316
803
2527
1779
907
1560
2086
1408
2120
1544
2419
799
2140
2232
237
1880
2555
2363
302
116
1746
2349
780
2591
1073
1534
857
870
2520
693
2489
1671
96
661
2121
997
2085
504
1888
736
2564
1445
2070
1765
305
1850
1184
1775
1209
1117
1935
1145
1808
2011
78
836
797
935
1762
1374
1738
1065
1701
75
1299
1405
704
38
1686
1660
812
917
1656
884
1436
1204
2274
646
1493
1051
1014
781
2303
672
64
443
670
585
982
2113
1639
2382
1169
2252
388
249
1697
1557
74
1387
2619
2322
220
655
2403
2137
2189
2229
1867
186
543
308
934
1261
1027
990
1661
1470
1338
47
2228
1136
1643
775
2467
2172
635
2308
1637
1384
2418
2310
746
742
1578
928
1689
1035
526
1189
583
558
1565
353
2160
1388
200
1519
1125
507
32
1380
262
2225
2133
295
848
2219
607
1966
214
1207
2305
1896
2551
2646
2048
2095
1614
1642
2388
882
2354
510
107
2046
437
2558
1149
1192
1329
2079
1527
2239
2055
211
103
31
1587
942
1449
763
2292
1422
2223
330
1644
1583
1979
1054
1536
756
1171
250
1454
1296
1798
1652
1718
976
2424
2445
2543
475
2675
347
1174
282
1249
2075
743
2503
627
1011
880
450
2100
2366
1927
361
992
2068
563
1978
1613
1842
1130
1418
404
648
2697
1687
1116
855
1444
1902
512
2197
883
719
1219
2315
665
1723
1540
2259
624
1908
2098
1802
528
228
1476
2626
612
2014
301
2390
1227
878
562
2373
875
1943
1088
2602
1335
244
1855
1793
1363
1688
2690
52
912
506
2130
1725
1042
2652
207
2574
614
491
525
1889
219
1022
664
2314
2258
1737
2458
1313
1958
1305
1492
1778
1956
1410
195
1486
1929
591
5
2509
2152
360
540
2651
1525
1523
2037
137
1895
2270
197
774
1248
1873
1512
1776
45
2631
685
2178
246
2658
717
1281
1288
728
953
2505
1829
2569
1439
2516
2180
1678
95
1566
2685
438
1276
2468
161
915
1358
243
1620
2414
464
2099
2434
1139
2333
1076
2566
2284
1282
632
837
1666
176
490
1925
2649
1210
865
2538
535
602
2204
1989
442
2145
2594
2171
2278
235
2064
1828
2311
2159
1965
1150
2286
1921
2056
1185
2263
1417
1270
323
2423
306
502
1286
99
2030
2261
1119
1924
131
1001
2288
1044
405
2299
472
1200
439
600
1447
1124
1520
2059
314
2507
2102
1526
1781
1770
1548
1819
1301
782
354
1529
2210
688
2688
901
2355
2406
936
1790
1948
1669
2511
814
2295
1590
1269
720
2235
1479
261
1813
790
1221
1182
821
455
55
40
1814
1435
1463
960
1648
277
687
2391
1702
2443
748
2627
152
199
2641
2393
2123
1601
784
1240
1406
413
2268
2542
819
1542
588
553
625
1695
1868
2290
2269
229
2036
384
906
1362
92
297
2605
723
1632
1858
841
1857
57
478
1237
37
963
1090
592
796
1611
1826
327
940
1913
273
2491
1222
313
2547
2524
651
1242
453
645
2525
2090
2144
2217
1094
1870
1554
516
122
2389
1498
2421
1832
1409
1622
2689
984
590
2147
959
1593
1629
1528
2614
1783
1692
2276
2604
283
1046
1287
575
2361
105
177
1750
1426
218
1570
1675
410
718
397
41
2058
2240
2287
1267
534
1194
88
2007
142
51
1589
2200
608
909
1744
513
377
725
129
148
1506
264
656
2008
422
545
798
1413
1460
184
557
2016
396
1897
527
2613
620
2374
1350
225
1450
1241
550
1749
335
1420
652
1507
182
546
1039
2438
1199
2430
1676
265
778
1108
484
1853
1930
2148
572
281
998
20
374
72
570
1698
978
136
1717
1069
2496
675
2546
1483
2657
1347
2532
1838
462
1869
1066
1892
2370
657
1524
786
328
1553
1667
346
2490
1058
2142
2203
325
1584
2669
2236
411
1650
1707
2699
1089
456
1391
2168
179
2575
248
362
2526
1928
2323
1342
1920
1694
10
2429
73
2043
1074
1003
172
2345
2186
1110
1760
1239
501
2215
24
1226
2060
412
1747
492
701
1846
1009
1067
285
1376
2029
1665
2135
2456
1253
1967
1137
4
2609
2606
981
1198
896
2510
221
1562
1421
1177
1356
1259
1609
1168
804
1332
2192
1175
17
1599
1907
63
1715
1851
1582
2301
257
829
1211
1392
1373
343
1353
1731
1104
1572
566
724
1877
1341
2464
973
1188
111
727
62
2125
1982
2083
745
1121
2076
1386
1726
489
2622
1266
2367
689
2446
2106
1677
751
2383
1023
2251
202
2045
263
1522
885
256
2578
2108
2283
286
1224
2572
1103
2319
980
2457
2246
1302
2143
597
222
2325
6
2554
1903
2091
1106
345
2012
1971
943
1539
2243
1057
1370
2595
587
1319
1378
1657
1827
1148
1946
1434
2304
206
1354
147
1095
1271
1706
902
1252
852
962
2596
1127
1440
2313
2101
1681
818
2654
1654
2371
326
2265
694
658
18
2348
2249
383
133
1910
961
1918
321
117
1785
1580
1129
274
2647
561
86
1878
1804
280
900
2420
771
2661
2682
1328
1155
1398
2194
2155
2530
2129
2485
1213
520
611
974
1235
2610
447
1048
1623
1320
1753
871
169
987
678
1879
1905
1285
2226
1348
1646
212
9
2279
395
1720
2462
2256
696
209
1704
1794
1795
1604
159
2300
1466
2128
1705
1005
1394
2432
2463
832
487
49
538
2294
16
2334
441
2024
2132
1310
1475
544
860
1630
889
1228
390
1325
2656
2163
548
1541
847
1672
1882
568
2184
835
854
1280
2006
2394
1546
2318
2645
2104
2454
1532
2051
1359
183
1724
2618
272
951
436
389
2553
1351
2282
2570
767
869
1263
1331
1115
2336
2523
1722
2440
2071
80
2122
795
1031
2306
48
1789
2114
2347
1012
1007
1172
1452
892
1257
1843
556
2435
957
2639
2040
823
2198
802
930
947
2139
1467
1112
392
2033
2660
937
621
552
1981
1231
276
2506
94
101
1683
146
1317
1290
1028
1429
2131
2221
477
1218
2224
541
1086
269
1806
2010
2557
1594
2416
191
1836
56
1107
1016
815
372
1825
1866
2385
1060
234
1833
419
2592
2214
551
312
69
555
1397
2582
22
409
2025
1693
1756
1414
1504
2127
1550
3
187
827
1337
1142
2451
1739
1891
1017
2174
1478
1624
2360
1264
1056
366
1953
2049
919
100
787
2061
1491
2019
1423
2452
2415
1757
1914
876
1673
2684
698
573
1954
565
54
1709
1875
2331
1774
2078
2149
1538
1761
227
1602
633
324
733
338
193
1840
2512
2242
2563
1861
2380
1082
448
258
1424
476
157
151
1860
2213
332
1835
2003
15
996
2164
634
358
204
1295
662
1401
497
2124
1777
1411
1283
586
2157
1102
1096
1045
2681
1154
1230
995
2470
734
2482
454
1499
2031
140
1309
872
1894
2449
2492
2412
1906
2545
434
106
1679
192
339
29
1015
2362
124
630
1710
2460
618
1784
732
2309
349
2579
603
905
467
2487
1579
1898
2674
1680
822
2453
660
1462
469
1991
23
394
1336
58
2398
188
138
1640
1915
1711
559
300
1668
284
1372
279
941
758
1696
2696
1433
1617
741
322
622
1549
1516
755
1030
1474
