1
171
3374
711
1769
212
665
3872
230
2968
425
2599
553
2131
3433
2689
2555
1368
3335
92
3350
1335
3567
1208
3204
2926
1146
1917
471
1447
3769
934
2733
1951
858
1095
324
1194
3258
2367
1540
3439
1719
672
3610
3488
1892
1383
2497
1606
2948
853
638
3413
3156
1756
3608
3761
3871
1444
1515
938
1948
2938
3482
263
3498
1481
3809
2710
368
2747
1525
608
2670
1659
2466
2150
1128
360
500
855
1825
3776
2692
348
920
1706
495
2335
2935
1337
2034
3663
3372
1338
603
3376
1065
3803
1968
380
1390
376
11
1944
3129
2360
286
621
702
3695
3882
3840
1199
2184
1949
3281
53
1637
2797
973
828
1923
3856
2685
513
1399
96
1605
3268
1905
1618
2377
2048
1339
3275
3891
1628
403
563
900
804
3905
2652
84
1567
1011
2765
3140
1508
2698
2812
1246
1425
2971
2796
2636
1649
1672
1965
2549
2990
1566
3331
2465
269
2235
89
441
3606
990
1740
1090
3073
2291
2017
2874
3537
3284
1918
1346
3832
2966
1439
2614
2764
449
3325
1469
2309
2653
1868
3158
3113
3035
744
2724
1646
2663
908
2997
3812
2248
2547
2962
2844
328
1255
1981
2838
2422
1092
2821
3765
3255
136
1466
22
47
2217
3309
1745
2996
2458
2633
305
3635
21
2473
906
1737
611
213
3188
3863
1955
648
3874
3499
1042
3327
2503
2108
3633
515
3767
1961
666
1689
2493
582
1034
2121
2550
2994
520
731
2179
3252
1931
1031
2133
2852
2895
2592
3794
1928
493
1710
2604
2306
1234
2788
1610
3895
1221
1986
2451
3224
2588
3182
3572
3086
2530
427
3791
1598
2470
2230
3616
803
1029
966
2444
2343
1832
3549
1814
1393
3786
3698
3586
2915
1574
1506
1243
1839
718
240
2866
1837
2903
1320
3550
1020
2775
3603
2286
833
1875
437
3241
3563
3851
1411
8
3176
879
2043
1102
1182
1063
1300
1969
1926
3842
112
3631
215
2307
592
861
3127
2111
1627
172
527
130
3581
605
3299
353
2266
2749
2804
3084
2768
588
487
653
1577
3481
3913
626
281
2088
2956
1051
3138
2287
1597
1410
252
1552
2209
596
3697
1430
3561
2520
1988
695
309
799
2132
1064
3274
3777
3617
2628
937
222
2456
126
1458
2712
2937
2120
1073
14
100
501
1497
633
3215
798
3180
854
2417
876
1319
2487
1093
2609
3865
2580
3798
1437
3208
1373
2303
2317
2928
549
768
2845
2321
3213
2740
3020
2160
314
416
2302
3447
3886
1800
2673
3686
661
333
1429
91
3272
2525
3579
494
1230
2624
837
2545
1929
618
2639
3085
3640
815
3904
440
1267
1359
93
2551
1792
1361
951
3525
3287
2167
145
2356
1397
3531
1052
2728
2440
3654
2232
1608
822
3709
115
2340
2449
894
3384
3544
419
155
3318
1224
2414
3107
1813
1887
3404
3231
2669
998
3135
816
3768
1579
1388
847
1519
2877
3898
2537
865
1967
3449
2354
3387
1893
2247
2310
3621
901
1521
3800
1700
2707
3489
1150
3009
424
735
3012
2888
1773
1824
2261
1617
1909
941
595
3234
3080
785
1762
1658
320
3888
575
2471
663
3763
2305
1958
423
2929
1801
2833
2570
2216
3675
543
170
909
2381
1677
960
1902
2081
183
422
2175
2003
1450
3694
1588
1126
3720
2419
1897
1336
1351
3465
3741
2351
2468
560
1727
2331
1544
267
2142
3303
42
3087
3642
3684
2117
3211
81
1205
1427
2771
3778
1633
3823
1993
1882
767
2867
2224
1229
972
1752
2865
1125
2223
288
3492
98
1835
3189
1418
3828
3068
1104
2608
881
3010
2822
2972
3510
3435
180
3148
3163
2478
69
1237
54
2648
377
1402
737
2700
2693
1228
729
635
981
2672
1276
1580
3282
727
554
3558
2329
886
1502
2477
381
316
601
164
3018
2213
3159
3454
2115
2891
968
2849
533
2858
919
1170
3478
251
3846
1857
1916
2481
891
1925
234
3560
3094
2861
3887
2396
310
1057
2814
587
3869
2438
448
1609
485
1008
2312
2180
640
465
3683
1870
3212
433
461
3380
1556
3233
4
2774
742
301
1389
79
1475
2594
2978
2934
639
1225
2513
3681
748
3194
3817
3652
629
3305
2399
1783
3671
3542
1191
3523
2650
3655
3770
1621
2282
3106
747
90
220
2357
3862
1365
2431
3081
280
1679
137
2957
1705
237
3100
539
2457
567
2943
3412
825
3503
1217
1348
3878
2540
329
3000
1140
184
1204
2316
528
1970
3538
2170
1604
3796
2155
628
1370
2748
1203
3609
1239
2342
1010
438
9
2284
1715
2863
1980
3553
2645
1904
817
3611
3063
2826
1611
3583
1286
3069
3323
3428
3831
3470
953
1591
2087
2012
1640
2080
3370
476
3559
2075
1270
1830
1386
3425
101
836
3513
1188
1991
2341
2311
2249
1698
598
3261
3451
3723
1489
2987
1964
2752
755
128
2016
2498
3373
480
197
49
3050
2930
1363
1682
1711
544
1474
2379
2462
1045
2107
1283
2687
110
1906
1576
467
2299
1379
1111
2803
3532
3612
2030
256
1819
654
131
2923
3062
1189
408
775
3448
3150
1328
3351
2793
1257
39
795
2227
3854
689
1423
2602
3601
3090
1110
2960
1529
119
406
3288
3758
978
719
2098
2366
3219
1520
517
2791
1266
397
2965
242
2717
2239
165
2002
3039
3353
3708
1385
303
3210
1196
777
2559
1532
346
2193
1846
827
3313
746
3897
3739
2694
2283
1077
454
3573
728
3657
2386
1344
3338
1141
3006
3738
3749
3151
2676
3283
1412
3254
2070
1807
1173
2816
3634
3357
2598
3487
2125
373
2882
1569
2403
791
819
64
83
1464
986
1582
1357
3027
378
496
15
3381
3407
2950
1222
1534
1158
1665
2344
2222
108
2840
1864
759
797
1083
1974
161
1750
1242
2130
166
2565
1818
1623
2854
114
16
645
961
3884
2951
3003
1654
2084
2059
2894
2387
3744
12
51
3590
2755
926
1796
313
3795
630
3168
489
1833
2393
274
2378
2824
2398
2981
1153
1573
250
1787
3183
3056
2526
2622
1331
284
1148
1537
3725
1507
2137
3164
1321
3501
574
3244
3827
293
3411
846
3315
1619
315
2025
1717
2496
2036
1620
2231
3025
3365
1318
874
1987
2420
3506
3455
2729
1613
1023
2127
3417
1407
1910
390
3112
2334
925
1730
2105
122
3672
2319
536
646
1713
3171
2857
358
1314
2445
3861
2859
1463
3093
1630
1301
3217
3024
3653
2376
2744
3670
159
2574
289
1899
999
1636
37
2452
2064
2989
2870
1828
411
2810
1751
2308
3278
141
2099
2920
1114
1202
2627
3667
1834
2600
1667
840
1299
3043
678
2441
190
244
1190
2450
3587
3146
1557
542
1258
1595
2327
2808
3015
1151
1354
3792
3070
1680
1570
2753
248
2781
863
3764
1041
3714
1038
3915
3092
1999
1994
1615
3502
2446
2510
1657
2000
3459
1236
1367
2725
68
86
3575
1738
2714
3512
2780
2001
1413
872
1134
362
3822
2243
3390
1699
2264
1889
555
3911
1501
1772
2534
2424
762
1903
3206
1866
2292
2197
1164
3121
1653
431
1088
2479
564
146
1990
2009
1854
6
2736
538
2770
832
652
904
3595
2158
1003
1898
868
1551
930
1435
2884
3369
726
1799
3302
597
782
3178
2173
1408
1771
2346
1374
3623
2519
2901
2136
807
713
541
2336
581
3690
3511
3169
2862
1921
3834
813
871
453
1461
1707
2147
963
3662
308
552
620
1855
1553
1347
697
570
1226
254
2954
2011
1517
1369
959
3408
1523
3162
1313
3838
3292
327
3317
2726
306
1539
1822
2843
2945
1005
344
992
3122
1035
75
3392
2952
2401
939
3620
3297
3613
2727
1692
2433
317
3134
2492
3083
931
2743
199
1124
492
3137
1305
3837
1673
964
2276
3735
28
1995
446
1376
3555
3187
52
2023
2353
5
2723
1546
2875
2573
884
1984
2522
2007
2681
1428
3147
1686
1803
2827
3783
2664
1424
877
3859
468
3733
2079
1068
1634
3021
1733
32
3784
512
3192
1033
2183
1568
1272
3466
3175
1311
3329
2253
859
336
2157
3202
3307
2695
3394
792
820
40
2089
3752
1811
163
2767
2035
3120
655
658
389
3116
540
3226
3345
974
292
2195
3230
547
107
3472
3014
967
1448
3267
2315
1129
239
2939
531
3703
1530
3500
1275
176
482
3624
1760
1526
1007
1938
1137
3787
1179
483
1066
3668
1514
927
3418
1274
148
3710
2582
1136
1207
784
371
862
2430
715
911
3522
3836
2668
2219
341
1099
2484
2696
1058
3894
3041
1703
2200
1691
1768
2711
1884
1472
3051
3262
2718
2046
956
2730
2787
2324
450
3186
3699
1032
1624
3519
2705
1332
1157
1117
2703
2221
987
50
2412
2786
2365
3225
616
3732
3238
705
2665
73
845
2091
3139
1103
3469
97
1816
2587
1571
3706
895
3876
3483
1304
2918
2640
3064
3429
3269
2019
1055
3688
946
3576
772
1495
55
3124
2097
632
2657
1894
1244
923
2244
867
210
1693
391
3756
2370
1490
261
3785
463
3154
1039
3562
2868
2848
223
352
2077
2206
1614
188
1118
2807
2579
1952
1486
1122
2208
3111
2576
1116
1477
749
3630
671
1186
3712
2406
3023
2391
631
3875
848
1017
1069
983
3082
3446
2251
1241
2792
218
3753
915
2362
1723
2910
3497
1873
2060
2889
3463
706
3551
1789
2991
1233
829
694
2969
1594
1862
3541
132
1414
1409
3816
739
420
1144
707
3402
1372
3557
2427
238
3145
3902
3432
766
1433
1725
2921
636
2917
3731
2601
3691
864
287
475
3860
3909
1585
1037
3907
957
1583
2274
3242
3490
2467
3589
1380
1989
3352
2722
546
3650
3075
2878
2330
3072
1491
1127
177
3102
700
1400
1322
3802
723
1671
154
2834
1352
2233
1721
3240
3296
3866
2562
297
1171
556
1480
3078
3893
2053
2742
593
802
821
1729
272
2375
3358
1985
1115
866
2856
505
2961
2275
675
2967
1012
3026
1890
2927
1643
2517
3177
2546
460
1456
1739
1728
1641
3028
417
778
1227
2187
399
2372
225
750
2979
2350
568
3464
1484
3286
1808
3346
1851
2611
824
701
856
1482
3521
331
1025
2288
2571
579
1817
3824
1684
2211
2294
1927
2885
1156
1518
2563
2531
2860
2270
1024
1123
2073
2114
0
831
1200
521
2905
599
2164
2811
48
2984
1080
1394
3095
2039
1538
299
2199
1269
175
1155
1268
1358
2436
3052
3721
3530
3548
3508
714
2349
3285
94
3337
322
627
849
2352
2112
3715
1831
484
3849
634
604
1209
789
2691
1028
3659
2076
2459
2279
2055
2425
3514
2621
65
2632
2126
3457
1009
693
3444
3526
2933
2902
447
3333
1315
1911
1907
350
3042
1240
1392
59
3200
1879
788
1972
932
2644
2152
3152
407
1726
1406
498
3462
945
2093
300
1616
2293
1488
1678
3873
2320
1650
2483
980
3820
3734
2847
1920
1599
1708
720
504
1797
1112
1950
2394
2058
3779
1449
1048
1075
3046
142
887
3265
1764
1770
113
3326
2886
2134
1387
1139
392
3
1113
3110
898
793
1142
844
3383
120
2505
794
3645
13
857
3246
609
1749
363
1296
1513
3477
902
3441
499
722
3853
1391
2524
1212
444
3271
2116
1119
2947
516
2583
2662
375
1676
57
1997
3665
584
2322
2855
1417
1945
434
1302
1888
3249
2095
1145
943
743
139
3528
975
2281
924
3443
3833
1061
3280
3066
935
994
409
204
580
2809
2605
3574
294
60
2290
276
1087
2063
550
2789
2999
989
970
1036
770
2872
2719
565
1660
2102
2314
2851
2067
241
997
1160
3825
2163
1215
2974
1629
897
2617
1741
395
3627
2225
3344
2447
752
2228
510
688
3197
3398
318
3438
3103
372
1056
1714
195
253
903
1758
2400
3852
2469
660
1284
3332
2986
776
270
1178
2429
3864
1473
393
1863
2045
3805
673
1524
1550
285
2613
1026
3520
721
838
2154
1962
2830
2151
116
2139
2552
2721
167
3340
3339
2677
321
2421
3737
2361
3367
413
763
2853
2165
2585
1645
2416
2941
1697
3578
650
3604
3416
1860
3571
2850
3689
189
29
1914
491
1193
2065
1883
2686
2092
473
1840
61
278
3237
1690
3179
3780
44
600
356
1930
2196
384
3570
2802
2388
3119
3585
418
1622
2893
3740
3109
1325
118
2759
1441
1378
2159
226
1364
2521
2715
2577
153
1527
1398
2515
753
2156
1176
826
3207
1647
2148
3622
1072
1185
1856
955
3843
1106
3793
2985
273
2490
243
2018
257
3422
1601
3105
717
400
1460
319
979
1880
3711
2269
3386
1541
1625
1487
3632
3808
2304
3415
1865
1375
1774
3410
3599
2828
3321
3101
1404
2049
730
1483
3264
1019
2052
3649
2805
1746
3040
594
1896
1307
3673
147
3890
3184
1504
2988
246
369
1795
1802
1983
1669
3203
3132
2454
1845
3426
679
2543
3702
2106
607
1780
3591
3602
228
2488
2906
3229
2548
458
3347
2015
1664
3279
3319
869
1231
2280
949
295
412
1869
3588
3195
535
3414
649
1297
2607
619
562
3678
402
429
1459
2542
3061
1731
985
3750
2836
3885
1612
2301
3676
1528
1308
2658
1979
387
1166
2240
3839
3680
2773
497
2529
2024
1533
3636
1973
2032
1572
509
3598
3685
1939
3355
2257
3055
456
3185
1434
2890
325
33
2485
1704
2737
2042
2626
2678
2499
2474
2501
3473
2215
1262
1443
19
583
591
2119
3835
432
944
1581
724
948
1940
2708
2031
2100
1924
2560
1094
3034
668
2090
211
3700
3766
3460
1167
2504
1316
1806
1161
2533
995
2561
3130
3385
2192
2037
3131
1788
2820
812
3452
3250
3747
143
1748
443
472
3343
2785
2589
2772
3393
3821
893
2756
3126
282
1455
835
3017
2946
3362
2630
2146
178
152
913
398
347
2005
2675
2924
2762
3248
1415
2706
2226
873
2411
1718
1479
3592
1310
1377
1607
232
669
1548
85
1070
2779
2455
3524
2494
1132
2066
1558
3775
2188
1238
2680
1838
470
2898
1943
1794
481
486
677
1096
1666
36
1000
259
3378
3421
3754
2567
2161
1759
954
2527
2690
2359
3845
2758
3494
1290
1503
965
2068
337
704
2606
217
3436
1071
3881
2144
3389
3705
1264
3181
3099
2168
3423
105
82
808
56
1963
1198
2616
134
3029
1089
2486
2245
1342
2300
1168
3848
1470
1936
1871
3445
3656
1563
585
2769
3908
249
216
2735
3044
2899
2313
3759
1277
104
2418
3596
2879
1021
2688
1681
247
2267
133
2586
1496
506
3032
3324
1280
2172
3757
1757
1265
149
2591
3594
3304
2642
1251
1736
1844
2818
169
2514
3216
1436
1960
1651
3693
1306
2541
2268
3228
1416
359
361
3625
236
1522
1561
3781
2612
3539
2896
464
1451
1847
1596
3330
3660
710
625
3807
3682
1040
1589
3114
3098
3495
1454
790
2655
1510
1218
2904
1685
1426
1395
523
982
1192
3797
3518
3260
338
3728
2204
3236
379
2783
3223
2569
3580
185
890
3527
2776
2643
548
3379
1998
2506
2339
1355
2837
1836
3545
642
1891
3364
2554
3644
1564
2907
1712
330
23
1709
1675
1235
1138
2218
1135
3048
929
2641
1245
2198
255
74
2086
35
1793
3440
415
2272
3104
522
3844
2220
2333
1976
2618
1381
2476
2369
830
880
311
3306
573
1120
2162
2647
2255
2382
3855
2453
916
2124
1600
1121
1778
2623
2936
1781
3019
2916
3005
2434
3320
208
1590
233
3424
405
2405
3022
2256
2980
43
1169
899
2260
2295
1937
1957
1975
1826
2766
1663
123
912
3375
106
45
612
2953
275
1345
323
2876
186
834
102
2408
940
1767
1494
1755
1067
3354
699
1324
1753
1696
2819
1584
1485
765
1592
3322
3172
182
2135
969
1223
1626
1674
1852
2040
1442
3679
1531
1082
3008
3142
2568
883
3397
404
2603
1761
2475
63
1499
2109
1279
469
690
2262
1798
3717
2205
3910
1060
3401
2635
3277
1405
3515
2931
3468
1401
606
3730
1655
1849
1343
3218
3614
3646
3479
576
2682
590
2745
193
2575
3420
1602
2731
2426
1992
1256
2798
2578
229
3076
756
2958
741
224
2538
736
613
3316
3543
2842
144
2149
2480
452
1078
365
1562
3619
2061
1790
810
2778
2072
2051
2397
2763
3038
3097
156
2041
1555
3060
1350
2325
2619
2368
150
1543
231
1784
2338
3356
3504
508
1858
2975
3566
2263
2572
1786
1201
2831
3235
124
610
3565
1815
426
1109
271
3626
2651
2507
3013
3108
1278
127
2637
1195
2345
1791
783
3143
3701
534
1263
2998
2328
2389
1549
304
3328
1722
151
3388
1467
1804
20
2101
3334
298
962
3724
2021
1177
1097
206
910
3535
2873
1536
1872
10
125
3647
896
3253
1468
2189
577
160
3089
326
1163
1303
3790
1782
3743
111
1644
882
3209
3529
2271
3534
2887
209
2138
2892
2140
2259
1820
885
3841
2402
1216
3293
738
2008
3475
1542
1639
2881
2
2174
3155
3161
2461
761
455
888
683
1213
2596
214
2278
2557
2880
2385
3193
191
3858
1446
1084
173
2963
818
3467
1027
187
3771
3123
2289
1632
3291
490
2191
1172
3079
2869
1006
732
2026
3751
265
2214
2649
2236
200
745
3814
2699
2057
264
3141
2326
386
2667
3456
779
3125
18
374
2363
354
3476
2392
462
1340
58
129
781
2590
2364
2186
3643
2800
1341
1074
3696
262
196
878
2922
3096
2674
2143
258
1720
709
349
1648
2371
88
2832
1942
135
2250
2337
2913
1214
3058
70
3615
2027
2296
46
2914
3031
1046
740
168
2435
2782
2597
3091
1848
914
712
2949
1289
1895
435
2096
1015
1047
1971
2825
773
2029
852
2234
2022
2463
502
3053
1462
17
474
3748
3552
2069
2581
3007
2358
1941
3406
1638
703
3819
3220
1702
2413
2900
121
343
572
1586
662
2423
3170
1062
3198
936
3191
3762
623
3301
1281
1747
2919
602
3880
401
202
3917
2660
3540
1932
396
1716
1878
1908
207
3359
2010
2720
2078
947
2532
382
3471
1143
2528
2634
1053
3049
1754
708
3899
2407
2799
2784
1829
921
109
2185
2103
466
2241
1421
917
2033
2671
530
1016
851
2659
1776
2553
1743
3173
1261
1294
3431
1049
3453
1326
1742
2656
351
1220
3760
1330
875
2054
1476
2348
3016
245
1886
1827
3870
1946
1915
1919
839
3199
905
138
3256
436
3666
918
3247
2062
103
2318
2841
2993
2028
3568
3480
2110
1396
1059
357
1285
221
3065
3729
3002
2285
235
1516
971
457
198
922
2704
2129
993
526
1312
1744
2732
3368
3400
806
958
3450
2511
3133
3641
439
589
1809
3877
3290
3774
3295
3546
1334
2201
2004
3593
2439
2746
2013
3437
3371
3409
370
2071
3505
850
3310
1465
684
2539
2443
34
3308
3221
2500
1500
3547
2171
1108
760
1431
3011
1535
277
2083
117
3605
78
279
1076
578
3157
907
3174
451
769
3597
3263
1996
67
1547
667
345
2252
2166
3811
3516
657
2970
2964
991
3569
682
3727
1959
410
787
3115
2760
38
1812
3914
3222
1174
557
843
3266
1603
1578
3057
3896
3294
3517
2713
1661
3153
2277
3341
1635
2790
2864
670
3196
976
1147
2178
1260
2666
1079
194
1295
685
2141
1165
1662
2437
586
388
1656
3074
3391
2992
332
364
3276
1288
3648
691
1022
1775
478
2823
1001
2777
3128
2761
1843
3658
3722
529
1206
647
757
3806
3826
1291
3692
1249
977
3118
1101
2813
786
2801
2238
428
518
2629
3533
1219
307
290
3405
1323
2512
2374
988
2123
3117
2246
2638
1292
3205
2697
179
1652
62
3638
764
2482
3036
1766
3629
291
1935
2959
1248
1947
841
571
312
1432
3801
3474
1587
3054
622
1149
3815
1593
3259
2911
801
283
383
2428
3484
488
3677
3584
3067
442
3850
2536
2145
3847
1253
3507
1175
984
811
2646
2976
3491
1360
3312
2056
2566
30
1724
928
479
3564
2202
24
3883
2229
1081
3004
2741
334
1670
2502
1014
3251
3461
870
656
2177
2410
559
1159
686
2409
2464
1982
2118
1098
3243
3273
2871
2593
1130
1438
3037
1384
203
1642
2932
2122
3232
2584
3363
1954
3577
2509
3755
41
860
3661
566
3536
503
1732
3788
2203
2973
66
1329
1044
201
551
2955
1287
889
1559
3813
2323
3165
681
1694
296
366
1271
3903
734
3719
1382
1197
3556
2207
1867
1085
31
2897
1181
2977
2942
1545
2925
2094
1498
643
814
3789
624
615
3782
2610
1933
260
950
1683
1298
2702
3804
952
2750
72
3458
2273
1349
1018
219
3144
1420
2190
3485
3906
3637
3434
2237
2489
2751
3718
680
823
2113
545
2654
1250
3892
140
1842
3088
1247
157
1100
3818
1874
3190
1105
1953
2460
7
3736
1575
3901
1152
2298
1403
511
1512
2128
2661
3582
355
2709
2210
1565
266
1913
1735
1273
3879
1687
687
2516
3289
2082
3239
340
71
1777
1043
3600
1934
771
1183
2347
3257
2912
617
3167
3033
2544
1327
1509
2795
3348
3829
751
2625
2757
809
1810
2883
1362
2380
3366
3311
674
3395
507
1317
385
2631
3442
302
2176
2734
205
3166
3300
1785
3868
2265
1821
800
2909
2523
1309
1900
1823
892
1841
430
394
532
1493
1554
2615
2944
2297
558
3227
25
459
1765
641
3059
1422
1779
3361
1002
1885
2181
3664
445
2556
1453
3745
2908
2835
754
1853
842
26
569
2806
192
421
2620
3742
3077
3377
996
1452
664
342
2491
644
3399
3889
1701
3342
2716
2038
3772
780
1211
942
2495
2940
3419
2839
414
1356
2472
2815
2508
3270
733
2535
2404
3214
805
158
2383
1282
1492
2044
1252
87
2701
2679
3509
3047
2212
3496
477
3651
758
1440
1861
1668
1353
1154
2169
1133
1471
3687
2432
2104
696
2982
80
2518
716
2846
2182
2006
3298
1086
1912
1978
774
1210
227
659
692
1688
76
2074
3430
3427
3493
2829
162
3618
2558
514
3149
2738
3360
3716
1419
3810
1107
2683
1478
1333
525
335
268
1293
1734
3912
3045
637
3486
1254
1259
3639
3916
2020
1445
1184
2258
95
1901
3030
1371
2050
1131
1859
2995
2332
3554
3713
3707
1956
1180
1805
3607
3382
3900
77
2153
2355
2983
1763
3245
524
1013
2390
1631
1877
2395
2754
3349
2739
3403
2242
2442
537
1091
3669
2254
3136
181
3704
3746
1850
3201
339
3160
3396
3071
1560
2085
3314
2564
3799
2047
2684
1030
1054
1457
3001
725
1881
2415
1505
2194
27
519
99
614
3773
174
3336
676
2817
2448
2373
1162
2794
1004
1511
698
651
1232
1187
2014
3628
933
1695
2595
3857
1966
1977
3674
796
2384
3830
1876
1050
3726
1366
1922
3867
367
561
