2748
381
2180
3861
1535
450
1260
2149
1469
3075
212
2483
1167
3236
739
3669
2630
1071
1872
1372
2218
3643
3100
3410
369
1634
3323
932
751
1962
2445
2042
3790
161
1340
1712
1440
1727
2805
1693
3739
1681
2415
1039
412
2791
3856
3741
2751
2447
1765
3732
3117
2629
2480
1457
3267
2660
1999
292
3697
1126
3563
3803
603
1697
2718
3719
3807
19
244
2800
2635
1139
470
2922
1810
2053
1990
260
1946
3747
787
587
1544
3119
1654
1338
21
3059
2881
2632
1370
2932
2384
1943
11
2954
859
3036
1824
1221
1116
2930
72
394
2677
3093
1125
3104
3252
2934
3647
1296
2639
2404
1682
2787
864
3875
949
1002
3629
2145
1559
2362
1549
3001
1554
2788
855
1885
455
1526
323
213
230
2130
3016
3377
2216
1254
3662
2963
1665
0
274
937
3614
3801
577
2907
1162
2406
1352
3501
2885
2637
3449
3777
2541
1104
2634
1924
247
3197
2602
3346
3151
1954
3547
2141
2181
1214
1778
3476
3736
3478
49
1356
626
2804
1015
2385
584
415
1025
2763
339
2155
3659
310
2323
2446
2148
1362
1517
762
3254
3253
1553
2529
3731
2366
1620
3771
1477
168
3840
2678
579
1789
1564
1398
3612
3896
2517
814
2068
1421
3007
1844
2161
332
612
1351
281
3040
838
1350
2588
1060
3405
1618
1518
2658
3573
182
408
132
3048
782
3419
1420
2555
1884
3216
3190
498
911
984
2825
2685
2416
1487
418
305
2500
3895
2516
2192
2597
3576
1700
2595
2720
1435
1415
1305
128
319
2898
524
3228
106
2708
1063
1277
2530
2435
2013
736
511
2903
3217
1425
2661
410
2072
3391
228
3413
2267
1284
3552
832
2531
76
3842
115
1521
197
3061
101
2261
1135
1772
1234
2234
2291
461
661
3404
3338
125
1298
2413
2369
1374
2549
3565
2247
1703
3721
3206
185
33
737
2728
2028
496
3442
1608
40
2960
37
71
2122
3291
1459
1786
2452
1908
2501
3459
2914
2204
726
1045
2333
1029
3880
203
2716
998
1248
1912
466
1531
426
456
3331
1285
3824
3858
1341
1768
2076
695
2722
3232
85
1756
1867
2587
75
3249
583
3696
14
3808
2610
3183
96
3864
3756
3041
1909
635
1270
34
3712
676
3160
1384
1259
3195
1014
241
2335
2478
1707
397
1647
102
3881
1194
3282
1505
1959
1371
222
945
3022
356
2840
3137
2405
1394
2493
3225
3671
1013
3683
1936
623
2352
2674
377
331
2231
2867
3434
2284
870
3475
3751
956
3726
2469
1557
141
2257
1143
1077
1711
2173
3769
1525
3529
1801
401
1418
3737
2577
1685
1555
1774
2370
2268
1456
3132
769
3518
2047
3809
3873
2185
1264
1320
263
1767
1261
905
1640
2224
2414
1431
1689
3667
3218
1530
471
3708
1631
3862
1287
2451
2393
2044
2496
3019
1790
3176
2655
1680
2345
2075
3848
973
3827
1777
1495
368
139
2489
2841
1282
2944
628
643
624
2970
3458
1195
3618
2273
2430
3276
1538
2125
2926
1683
2293
2829
3163
820
2640
1173
3636
1899
2118
3275
51
1862
2226
2007
3860
1615
1115
3427
2838
2417
3900
2821
1738
526
1366
42
3121
3765
3255
129
729
329
721
1286
2792
2893
3568
714
2750
1630
3497
3904
3162
633
79
909
431
2210
2565
2707
2274
3521
2802
181
2861
918
342
774
1401
2401
1741
1960
957
1122
2402
226
104
3892
3058
1461
1272
2726
1106
744
2656
2336
1463
1509
1639
10
2578
3298
2701
883
3029
155
2858
976
2876
1179
1437
3530
1467
1764
2280
2432
1033
3235
2433
1038
3012
3847
1590
3261
1330
1479
793
3910
707
621
3065
1134
1476
2938
3814
3666
3297
1389
2832
2355
1625
3223
1464
1136
1610
2872
1927
2642
3805
2383
2211
2019
796
1816
124
3087
3469
1791
3654
2303
2915
3175
892
2246
3127
321
3789
2933
2774
3728
2573
1255
1048
3088
594
1466
15
1847
3483
1037
3754
3014
1906
1230
2776
3509
1249
1696
652
507
2340
3646
3150
371
711
1694
1099
3838
2966
314
1869
3735
1102
3214
2894
202
1763
1966
2341
3278
3359
1838
541
3063
665
140
3112
3630
1961
207
2523
1449
682
2576
2309
903
220
2995
3569
2307
1641
646
2407
1112
2705
3852
3533
3098
1311
1729
1627
3248
773
1067
865
780
1749
2140
610
2972
2263
16
797
915
2462
3394
2626
2127
618
1325
2961
1223
1393
1834
3054
2464
252
2005
1105
742
1224
12
3174
2703
2823
3479
193
3878
3466
708
877
405
2360
469
3129
3711
1983
61
694
262
2135
1292
955
2874
1840
195
2380
966
1996
2459
2017
3336
639
2008
165
2675
1082
2615
3287
166
3770
24
534
2941
3753
2494
1967
3141
775
3510
1913
1293
1890
564
982
1742
3817
913
2046
3686
1147
670
1660
315
306
2866
1626
1686
1980
2710
3785
987
521
1503
933
1779
875
1360
1416
391
2027
2396
946
472
2298
1022
2169
544
3804
1163
3474
1236
977
3603
3724
1239
3604
947
1629
3716
1176
2744
3495
542
296
2957
3373
257
3634
3798
2229
2622
1638
2066
1574
3500
1877
1870
2160
2973
1754
2901
3635
3903
3068
2845
3066
2571
2232
3548
3274
942
1434
1736
2662
2186
1091
3429
191
1637
188
1852
1181
634
678
2409
3318
78
435
1085
3428
3883
3344
1826
3360
3811
776
1241
1971
3003
2455
1382
2502
2633
2164
588
3430
2024
81
3640
3672
1108
433
2457
731
3774
1835
1208
2687
3752
3700
2242
1016
2770
2498
2692
3527
1916
2306
1820
763
2584
1189
1475
448
997
847
1271
1486
702
432
664
2566
97
490
89
1333
654
1507
2816
879
3744
7
1968
3613
2087
3593
1422
1994
3186
2846
3167
3369
563
3826
1921
158
705
2412
2863
3690
848
1642
1914
757
194
1219
3776
902
3599
1566
127
1238
358
3698
500
2212
3397
3507
3310
792
1621
3026
286
2648
1031
1750
3096
3536
25
2217
3192
360
2712
2603
2344
1547
3623
2200
1258
1596
1160
2208
1200
3464
3678
1304
3889
2311
2065
1587
808
3815
831
1197
2659
1957
430
1070
1873
264
1086
3284
1399
804
2958
1830
2844
123
1423
686
1119
3077
2219
904
1005
2202
3572
198
1018
3793
362
3461
3101
3605
1443
2035
849
2758
767
1252
2296
573
354
3322
1970
2207
295
1692
122
2058
756
3567
2012
3586
2000
528
1101
1409
57
18
525
2292
2519
2121
572
209
2806
1170
2959
3561
3819
3271
416
3492
880
3080
3901
2397
1893
1036
3468
960
148
2431
1465
219
2864
2437
3009
253
3882
396
387
559
535
1932
1240
2376
674
1814
826
337
698
1812
2300
785
2568
3513
192
860
1156
1542
3621
3496
1721
2095
586
2111
3227
2030
2356
440
597
3465
3886
3491
2817
3589
3722
2507
1597
3660
2097
398
920
1441
3566
3592
1040
3366
2993
967
843
513
224
1668
3487
1103
1057
1068
2236
341
1262
3057
308
2879
3028
1049
896
2382
1941
2463
1819
491
270
293
336
3283
3060
681
204
3758
1632
2315
180
1753
2308
1184
2060
1315
1041
3273
2721
2132
2672
1123
3772
1935
1656
786
1833
819
1407
378
1069
2654
3039
3147
747
2899
2887
1925
2522
3710
55
1312
3627
950
1825
169
48
1481
990
887
3110
1266
2510
2745
2101
596
844
741
2525
385
2074
2742
1450
495
510
2221
557
1010
2768
3111
347
133
1514
3115
2697
1424
1715
3477
691
94
2641
3169
2536
3042
1201
2679
300
1218
3307
2156
710
3539
2421
784
1730
1849
1369
3544
1501
1021
2581
2917
2923
3426
3243
2747
1145
580
3399
3106
1815
2015
3181
233
214
2724
1502
2789
585
3608
809
2761
3520
1385
1406
1723
2853
3226
3799
2203
806
2166
929
2532
2154
279
3525
692
1331
2265
2943
501
1643
2892
2628
357
3727
3456
2977
2935
543
2612
1209
1845
638
2289
2830
3813
2900
3516
3368
1651
881
3435
1901
3134
2168
3532
47
3056
1323
2468
475
2329
696
424
1713
1169
3484
3579
994
2131
1992
3865
560
3424
409
1365
713
3598
1151
1442
3831
2734
294
3632
3729
1342
1670
399
677
1883
1972
1948
1008
2357
1737
3212
963
2324
2649
566
2918
1245
1470
995
3542
232
2420
1788
282
2461
1568
3309
3914
1247
2067
979
2591
2051
2696
1213
2283
366
3034
575
1915
3370
2077
2683
1575
1716
3334
2043
520
2260
917
3681
771
229
1484
1886
2798
327
2664
3187
3832
1851
2488
2338
413
1336
852
1550
2983
3445
593
2906
2199
2704
70
3245
1532
2126
425
3541
2811
135
488
801
1725
3843
1403
3170
2545
519
3720
671
1593
2765
2078
2910
2989
2025
3113
3499
2896
1645
1964
1586
2441
2115
1979
1275
828
2671
437
3651
3713
2968
3294
2586
3388
2585
3545
150
3306
873
693
2428
752
1705
246
3551
3140
3522
2365
365
2105
1714
3689
2277
3354
2198
2032
3692
3743
453
1541
2250
1989
2477
1510
374
3639
477
2601
569
486
227
3125
891
944
2842
3794
58
1129
923
2714
965
1096
3512
3517
3543
3103
1719
162
699
3270
1028
187
3740
3109
379
446
3130
3874
2305
328
3526
2554
2854
2029
3849
2460
142
1821
1098
278
3688
254
3528
3602
1355
242
487
3205
1268
3259
2916
364
1591
2936
712
516
1004
2783
39
1454
2909
2387
3560
2290
3199
3648
889
184
2766
2574
1152
451
3620
3730
2350
3557
3033
813
266
2353
1875
3265
697
2794
176
1026
3891
2994
3810
725
600
3207
1529
390
3855
975
1283
1947
302
627
625
3082
1023
3523
2886
333
1046
3269
167
2556
3661
783
684
3385
1076
2026
2558
607
2691
3123
3884
1354
3215
2010
3198
1836
1111
871
2526
2310
2254
1120
2104
1928
921
948
630
3585
598
2158
3836
2022
2543
733
2736
2112
3812
3078
1551
3540
599
3879
3037
3679
361
3676
3498
3122
1865
1882
1963
551
2062
2814
2467
745
170
617
2256
2326
2572
547
1523
882
3471
2096
121
3750
2484
590
3032
3616
3792
2974
3701
1408
1198
2
3043
1227
454
1488
1307
3211
276
857
2359
2702
1527
402
1178
827
2400
380
766
3351
3002
3590
1944
3308
2729
1405
3795
919
1347
1695
2182
1699
1892
2171
2331
3457
641
3421
2759
1329
2688
2454
2133
3155
2784
2134
1861
1445
980
3202
1993
3072
2473
1745
1759
861
13
1506
1969
3074
2589
1558
2399
1751
900
2248
238
3637
2481
3917
1831
3745
1144
1141
3473
138
845
2733
532
3451
3076
722
2539
3378
3234
301
1739
1339
800
720
2538
268
2592
1987
3330
3051
805
2092
261
2071
3053
613
1478
2124
1273
502
3263
2820
422
3418
4
1027
423
3371
1397
420
2048
668
23
84
373
1800
846
2070
922
2608
1866
3725
2120
312
1043
2138
2175
3055
1758
1155
1034
940
2225
157
3534
3609
1011
3796
3846
1616
59
1137
1020
2638
3144
273
3558
1516
1688
3237
868
1062
856
748
701
3718
2713
1988
1042
2389
3038
1480
1118
1387
795
2262
2183
3876
60
1274
30
925
1222
2870
1922
3780
2049
669
765
1578
384
3775
2524
2946
522
658
1196
907
2194
1324
2771
988
1489
2215
474
2429
546
494
1225
3208
476
1832
269
3535
1701
529
2358
1130
527
393
2279
2878
2607
1601
1191
2682
3570
3594
1400
2824
2466
2316
3305
601
2091
1823
3715
2285
2394
3264
1242
1204
2286
2780
3577
3320
330
1024
1581
2332
2343
3071
3916
1375
1250
816
1562
2719
2715
443
2567
1956
3333
2897
2052
1795
2222
1965
1452
1269
179
553
3693
1050
3837
3702
3200
3574
2956
3723
2952
110
3114
2598
1216
1850
3401
3687
885
1492
659
1032
243
1839
842
463
2911
1648
152
2039
666
1636
3250
1878
1083
615
1679
1453
2167
382
2764
1818
791
3680
2860
3781
2616
1335
3390
3633
2492
3086
2223
1907
114
1898
1322
548
3173
3246
675
447
283
2996
173
3327
3897
468
1650
1698
2325
3089
2924
2150
1055
3834
2813
2255
1288
2797
2902
928
2142
3303
3467
1419
1565
2965
1402
1368
1761
2304
5
1289
105
1482
3238
1377
680
3617
1938
343
1357
2390
2318
1897
1065
1220
2465
3888
3355
3652
2772
1432
2244
1614
2491
545
3707
3403
3268
2302
1931
2264
1930
2297
2865
3348
3486
457
3502
2450
2998
2575
240
3607
894
3279
3524
83
2057
2321
869
3641
595
958
3699
2235
565
2882
3049
609
3221
3665
303
727
2485
1310
2018
2949
2269
3352
1205
1207
2962
1483
1386
3335
1781
2625
1095
3656
3866
2999
2475
778
3402
348
872
3868
3260
1528
3302
619
2427
3131
1782
388
271
1079
3610
608
1903
99
3157
1379
499
3277
1664
31
1317
3384
3301
906
1373
3224
2540
2760
3705
1545
3845
2990
2673
1817
2557
3407
837
764
1439
3709
3135
3682
1411
2147
908
3044
98
645
1920
3372
3670
237
3203
2851
3210
2980
1460
119
3280
518
2873
2695
3231
718
1986
458
3317
17
2016
753
3615
2913
2859
3292
1837
2773
2086
558
1856
3158
2240
1649
1114
2282
2904
2458
3006
3149
1757
2294
2114
2179
1446
2422
3398
267
2002
2740
277
1733
2686
9
571
1794
3915
3204
568
2835
2373
1364
3575
3460
3717
3863
2699
159
2403
660
1381
3179
3851
1796
3316
285
1624
1728
3107
673
3079
1926
3382
2667
3289
2486
3064
2497
1417
3908
3595
2755
3606
2782
1175
1345
2618
1585
2143
1663
1210
1842
1691
1579
749
2109
108
3286
3571
3258
2801
147
3313
2709
2034
1937
770
3913
2550
200
2144
2036
3345
1533
1982
3400
259
993
3505
2600
2985
370
853
346
2137
2442
2328
2514
810
2499
2266
2815
3564
1124
372
3841
297
1128
3005
2295
2669
1677
2624
582
473
3189
404
3239
2982
1474
3485
80
3288
50
3508
2395
2942
493
2073
2871
2474
1604
3350
1619
3443
2657
3178
561
1702
1762
3628
2271
3262
1052
280
1570
2506
3365
2021
146
2796
1653
1157
2093
1731
449
3387
3251
3907
1192
1752
1841
3020
910
92
3188
2377
100
2041
2560
349
299
1346
959
2009
3343
2351
1603
3153
3488
2723
3782
740
2346
3146
2151
1563
833
2767
644
1279
2700
489
992
3742
344
1309
53
2564
1183
3017
2146
1561
68
3321
256
1117
2627
938
2937
1472
850
3177
1746
3090
1534
3825
755
3092
3030
480
3083
732
2372
2386
1494
504
3691
2361
1180
1594
3853
1056
657
2054
1380
3356
2117
3514
2537
35
2551
629
77
616
3783
2828
1092
3673
2834
1159
2424
830
2698
536
3164
131
723
3911
2119
1807
3481
2666
272
1035
1708
2504
581
2287
290
2604
514
3168
3784
497
3031
1072
3120
1735
555
467
1572
807
1164
1006
2040
3905
858
2819
1278
2059
459
1726
3797
1348
3768
62
683
2259
2727
223
1232
2230
667
1133
1154
3182
2187
2743
1438
1217
44
1328
2527
3890
1349
1
2590
2749
604
389
1127
2808
1089
719
1929
3489
653
2249
1934
1107
2668
614
2920
32
3047
3358
3503
3379
1281
2839
3375
3069
444
2681
2172
1635
1396
1150
886
1710
2089
2272
3018
1353
427
2378
2408
1879
2391
2136
637
1267
3290
38
1734
1599
3389
3143
2580
3073
309
2609
1548
3416
2690
2997
631
1161
428
2011
1410
1598
154
2184
734
540
1589
2213
1003
2646
2050
3638
1171
3161
2045
2368
3444
2921
1776
968
606
2258
334
3091
3383
3417
1784
3166
1007
3381
3462
1391
3644
2684
3437
2228
2552
28
3025
56
3045
649
1822
353
1064
1633
3515
1592
2818
2108
3256
1059
87
2371
2348
2579
1367
3340
1297
3008
1215
1868
3367
591
2653
1658
2546
985
1047
1891
2472
145
552
523
3085
3116
2809
2948
1857
912
3870
3779
3010
3432
492
3830
307
650
1436
3786
2544
2490
3441
1294
1543
2094
1053
2515
867
3326
2470
768
562
758
2381
2562
1787
2877
3704
221
3454
2975
2563
1704
3578
411
1813
1326
538
2950
840
2190
2038
2826
1858
970
107
951
3219
632
3684
1511
823
1499
622
383
3142
190
1519
2456
298
88
1265
3196
3312
1414
1576
974
620
3580
2106
322
2570
943
2031
143
439
996
1678
1973
2080
1910
2645
893
1090
2055
481
1690
578
3361
82
592
3550
1344
825
2976
1666
1132
576
3229
2426
1998
964
1017
589
2237
3194
91
1073
1612
1358
1706
2735
1291
367
117
2799
2665
2374
3328
2367
1770
445
802
2347
3446
703
1097
3021
199
3906
3531
760
1900
3820
2617
931
2680
1257
3422
311
822
1000
3172
340
2191
2757
1859
2812
2583
67
136
1675
1953
1383
3396
2364
3440
2123
3000
2278
352
2752
1975
1388
1290
137
2334
1430
1237
1313
484
2177
2174
1942
1673
2020
1094
700
952
1226
2868
662
655
338
1958
1669
434
111
3281
1390
3220
1174
874
981
1855
1512
1233
3293
3244
1805
508
2398
1515
2001
1075
118
1166
3902
2947
2322
400
1546
2004
1659
1228
1113
1491
3537
2769
986
1646
1567
289
65
799
1889
2275
841
3433
265
3363
1864
1001
245
2513
2085
1687
3241
2518
724
817
1413
482
1628
715
539
478
2534
2238
781
156
225
3685
2103
2855
1974
3165
3325
3247
818
2443
2090
2349
3734
1853
3412
3871
2312
2482
1709
2176
2436
2605
2438
1444
164
777
1848
2953
3304
1485
2594
1896
779
3912
3493
1808
2239
2023
1149
803
2006
1243
2511
1190
506
916
3374
759
1952
2795
421
1182
991
648
1316
834
3821
2986
3787
3791
1976
735
2197
1661
2883
258
2509
876
26
375
175
3138
1860
1246
1662
3452
2379
216
1769
3554
824
3490
326
651
3409
3152
3347
1588
3233
1158
2440
690
884
3767
3472
2392
1177
3095
2889
1299
134
2063
406
210
1978
1798
3909
2088
3425
743
2214
2827
1806
392
3349
239
3423
249
3035
3762
2195
1583
1894
483
2880
2647
1773
235
2850
2738
3108
3674
1172
2375
1168
3463
567
2188
1030
1044
2419
2717
1783
41
3124
3455
3011
689
890
1655
3657
438
3867
1121
1843
851
2992
709
863
3420
656
798
2869
3755
3133
2739
2689
2951
2079
2245
1253
728
2418
1609
3553
531
1949
2206
462
2317
788
3159
2110
1785
3894
647
3004
231
2342
2652
2209
2288
2081
2189
688
2165
3447
926
1308
2444
941
3414
1540
3650
3653
2775
2890
2056
3324
1584
130
3760
3703
2988
2971
1981
3470
2636
2746
1684
672
1392
3759
1301
69
2227
924
503
517
3823
2128
2694
2528
2611
2314
971
3332
2779
1433
2991
927
812
2777
2741
1376
1500
2955
897
1748
717
3357
570
3546
1580
160
1536
836
2163
895
3664
738
1378
2252
1458
3885
126
989
2925
3438
969
1802
862
103
1888
2862
1081
386
3519
1895
3105
1009
1539
3342
3364
2561
2790
217
2129
3431
3128
2623
1744
73
1740
2651
790
3171
2569
3898
1066
2152
2535
2895
2069
3185
1185
112
151
1447
479
3145
2064
530
335
1109
2754
1524
1087
2614
679
2756
1766
3257
29
2613
2928
1314
1202
1955
899
3240
1672
20
2785
3380
2521
3802
835
3582
2099
2330
3584
2559
2251
3295
815
1722
3027
1573
116
1256
1951
3600
961
452
144
2939
3504
642
2425
1917
2276
189
1334
1556
789
1560
3386
1984
1263
485
218
255
429
1138
1605
3393
1131
3581
2822
3415
794
3857
1991
1995
1462
90
291
1061
1876
554
3184
1829
1361
811
2964
3139
1933
109
1905
2533
962
914
746
1231
1051
3778
2363
3649
236
2453
2553
248
1945
2620
1498
3099
3749
208
3081
46
1747
359
3597
3887
3839
2205
2313
1997
1676
1471
2875
2606
376
2411
318
2520
512
2919
3285
3299
2327
611
854
3655
1321
2891
419
2852
2014
120
3
1775
1295
3893
2621
183
3899
3482
1395
1508
2730
1718
821
3296
1142
1887
3877
2233
550
1918
1671
436
1732
1203
1019
3766
2337
2582
2631
1363
350
2927
1985
8
602
761
43
2107
3376
1251
2320
1667
1244
2731
1771
3733
1600
2170
898
934
1602
1720
2270
754
2807
3480
2157
3314
1473
3213
2847
304
2434
1617
2098
1428
1193
3645
3050
1327
2548
417
2596
2981
1799
2162
730
2940
1153
1276
574
2967
3191
3329
1206
3587
3222
2100
2737
66
2512
2929
74
2084
251
2884
3559
1940
3395
556
1863
3816
3829
3315
2644
3408
1199
1012
1595
1828
1074
3818
149
1504
1412
2281
3511
3675
2836
1950
978
1337
345
2831
930
999
2987
2693
3448
64
3773
3023
1797
2663
3126
3850
1923
3046
2643
54
3102
3538
1303
953
2843
234
2979
3052
636
1359
3341
1426
2599
1724
3148
2908
465
2849
3062
2969
3362
1100
1881
174
1451
1300
3859
1552
52
206
3453
1809
829
888
3209
1302
407
205
2650
3763
351
2479
324
3024
153
1674
1513
2793
2241
1803
2339
3067
3625
215
1569
3764
533
1110
1606
3806
1911
687
2778
750
3300
1490
663
3761
901
3562
1140
1520
275
1497
2619
1652
3311
2159
2153
3392
287
1607
1455
6
2978
3835
3626
3013
3706
1078
3242
3695
3800
972
163
3193
2547
2848
3663
2508
3748
2856
3201
2945
1804
460
1427
3658
186
3619
1186
2781
1404
3854
936
363
3872
515
1657
1496
1493
1211
1577
3337
1187
3272
3494
177
2786
2476
1188
1902
1088
3070
316
86
3677
3588
3015
3611
2299
549
1165
3869
113
1054
317
3591
3822
2301
2984
3642
1332
355
2837
3757
3180
1904
704
2410
2931
3094
3411
1854
2178
3596
2706
3624
211
1280
2670
1611
2003
1871
1212
3556
1717
3668
1319
22
1846
1760
172
2725
1644
3746
640
3266
878
3583
1792
2449
414
1229
1318
685
2753
1146
2037
1755
1623
1537
1874
1793
772
1827
1571
284
2676
2833
3506
2542
1343
954
1093
2711
866
1880
2083
1977
3601
1448
2487
1148
3549
3230
36
1939
2243
2102
403
45
3828
3833
1522
1058
2082
2448
605
95
3622
325
3406
2857
2810
537
288
3339
178
1235
2193
2113
3319
1811
2220
2139
1468
1429
3844
3439
2905
171
3788
2732
2888
3156
3436
2503
1084
3136
3714
2319
505
442
2196
2253
3555
1622
2388
395
313
2116
2505
2354
1613
706
250
935
1743
3738
3450
1919
464
2061
3353
3097
939
2912
3154
509
63
1080
2762
983
2495
1306
839
2423
27
716
441
3084
3631
320
3694
93
2593
2033
1582
201
196
2803
2471
3118
2201
1780
2439
