2183
721
3878
738
264
750
3476
3876
2405
912
179
159
1014
1056
292
3454
3789
1787
3512
414
1689
2653
1097
1250
3174
1397
3267
794
372
2613
1381
530
3293
1556
4156
1585
1379
3795
3946
538
2748
1215
464
2222
1350
1560
1284
1901
3422
1427
3629
4086
268
2073
3148
3124
1019
1749
3844
1294
2939
1302
1931
3141
95
683
4081
581
3696
1729
1173
3240
370
2272
754
1718
1537
3411
774
1708
2117
389
359
1387
4031
3294
1678
3487
3208
2247
3058
2005
1507
1504
4140
1668
2894
126
1655
1817
2448
850
3455
318
1220
2782
3739
2131
3009
2997
3791
1475
2668
85
4076
3743
26
1584
295
3687
2732
1996
2443
1768
2408
3227
859
437
2045
1201
2414
3053
1315
1304
2904
3579
1412
3274
1558
725
2949
451
939
885
855
1847
239
3286
3809
281
1949
964
3506
2499
644
993
3966
2911
1036
1360
323
40
2908
1487
173
3060
3242
3197
1683
3998
2755
3185
3117
148
1138
3633
1736
1860
1955
3322
2228
4010
2581
2498
2360
681
1253
2848
555
998
426
3864
3736
1067
703
4082
1990
3869
1469
3015
1269
522
2976
3133
1857
1383
3888
4061
1361
901
3298
3965
1601
863
139
3344
2583
2122
4135
1438
2847
3405
2719
1103
3692
1436
3592
2185
1912
3392
1418
2161
1921
2992
2404
412
1663
2872
1917
3653
3019
2959
1492
1077
1342
1809
3165
2680
1407
3315
795
2094
3421
1747
2991
2466
672
3773
2416
658
427
2082
2771
194
2979
744
715
2990
2781
1757
764
2708
519
2656
3872
997
992
3524
1960
1714
3554
217
3419
3875
1375
3582
1107
144
1148
3724
1971
874
1738
4099
979
2293
1423
3104
133
1445
2634
155
122
3118
2667
2618
2250
280
3691
1106
3386
865
2914
8
2017
4027
1104
1473
3000
213
620
521
507
2496
2230
2047
2495
828
497
3832
3802
2571
1180
3049
689
3833
447
771
1896
79
971
845
3377
3740
2766
2019
735
2167
2200
2615
3805
3591
1964
1594
3075
1442
3589
3916
3897
3416
2374
2227
2625
1984
362
2406
3605
434
2874
246
88
4158
2009
3468
232
2955
308
350
2730
3840
2701
4090
2696
3983
3778
3768
2989
4005
63
524
356
2957
467
603
866
862
3573
3741
1319
2108
4059
1568
1939
1890
3738
2596
3346
2041
385
2352
1476
694
1141
858
3329
891
3363
2835
1323
2857
641
3306
2717
3697
1500
1121
3788
3475
3243
2384
907
1600
2718
1512
3903
3351
98
1155
2703
626
3482
3657
310
2816
3865
2794
1424
763
352
41
2646
3178
2632
1926
3979
2506
1880
500
2630
3442
3166
531
124
1031
2231
832
3477
390
105
143
4084
3238
1099
230
2987
1116
2356
2752
4102
3658
2221
300
3073
3291
3948
296
3796
2332
2349
1437
3933
3964
2469
2935
3323
575
800
4035
4127
994
2259
273
823
755
1386
4069
2681
33
2638
2291
1058
2556
457
2397
762
3312
2892
1788
2050
957
3427
549
4002
388
1069
4033
1439
529
890
1388
2115
1957
1664
972
3901
2087
432
3370
2919
3234
3774
2320
3523
459
2078
1750
2800
690
1150
770
4154
2313
199
544
905
2203
2881
1559
2621
2780
2099
3918
945
3215
38
2004
1082
2030
1390
3723
1612
185
2995
3644
2336
3642
4053
1831
4038
3962
3485
3085
3944
1372
1498
2260
1884
1140
2445
1888
3186
2130
2419
3037
2326
3361
2261
2251
483
653
3159
129
1595
1925
1268
2258
1772
914
1450
128
3927
3681
2552
2378
193
1658
888
3271
579
1347
3278
3559
34
1156
3643
4056
223
547
150
2514
3508
797
54
3107
3106
1565
43
583
3586
732
2187
3084
403
113
14
1479
3218
3751
1839
3730
65
915
2446
3164
1754
321
2132
1604
2046
2449
3725
2767
2795
2704
50
6
494
978
2828
2648
373
930
4141
3908
3627
3533
92
789
3380
4014
2532
2467
332
3954
935
748
1025
306
1992
383
3588
2927
172
785
4040
3069
3798
3974
3578
49
181
604
2998
2628
699
1261
198
1318
283
1572
2860
3603
4042
1529
2716
1447
2101
2076
3241
2840
1856
4129
3896
3300
554
2479
1363
513
2592
2294
825
1419
3257
4058
3154
3062
2537
3889
2298
2490
2468
482
2396
2960
3953
729
2702
3521
1271
1508
3325
4078
1223
2037
3511
2482
2504
3410
1029
2882
3417
4146
3250
3387
4132
2773
3977
2750
2301
138
2315
1516
4012
3955
4028
1048
1501
1392
3607
3748
2391
1636
1160
94
2876
1765
1149
192
225
189
560
5
3601
1995
2797
3770
853
342
2186
420
13
3008
324
2063
3101
1592
784
942
2605
1335
2346
4104
2255
926
1929
3191
2684
2745
624
916
3401
2175
2917
314
415
3437
625
2020
2021
3871
4011
289
2420
3402
582
2586
4131
1575
416
1621
202
882
205
107
304
1711
3940
2938
3651
3444
4074
2920
2376
2600
2491
1712
1581
23
3812
1606
3982
2819
1815
1055
2617
809
2501
2143
1652
3109
1563
3731
2465
3677
77
2351
4106
4026
1322
3080
1828
2295
3518
2543
597
1152
234
3635
665
2967
1982
3340
1266
3636
1983
20
3099
2947
696
635
872
1296
1384
1690
182
346
1280
3382
1202
535
3926
371
2826
1573
2317
358
3693
3188
1277
4015
747
1797
1005
1843
3292
1484
1923
880
1743
3970
587
480
210
2155
2042
1349
1184
2899
2851
2103
3092
1725
1705
1863
2529
3572
2806
1801
3530
1059
3772
1341
1985
3216
4004
1413
291
630
1311
1967
231
3925
1616
675
780
29
816
2643
627
3132
706
2689
1864
176
2540
3885
275
2825
2885
1593
2631
165
25
3223
4073
2095
2905
1299
146
3817
1796
2564
900
1279
3211
91
2357
261
1354
1477
3469
1686
2148
227
3540
805
1494
967
3531
1799
3934
475
2550
2120
3438
1526
3957
3904
3797
2902
2066
610
2430
4107
2057
830
3599
2075
18
671
4022
2644
2028
1452
829
2846
3311
166
1448
2328
3912
274
1804
3698
3489
3007
2053
196
178
2032
2254
3609
3314
3070
3373
2440
2456
3371
1090
391
3852
2746
3575
1731
277
757
3231
3151
3610
2389
123
164
1004
462
68
3924
1611
4007
4047
1282
15
1941
4036
2323
3640
3259
1763
3819
3963
2788
923
4006
4098
3761
3041
177
2829
3577
2624
566
2059
255
3661
1659
481
3309
108
3910
221
778
1125
498
2244
1978
719
897
4032
1325
1035
2265
3403
2675
3383
3338
3203
2921
1640
3596
2304
2817
2423
2626
2820
3828
2963
2849
2936
2146
1276
377
3563
1356
3686
1084
309
3824
2152
2724
2563
3942
397
4018
3618
2437
3201
1998
3562
2137
160
3867
3675
375
518
2711
2570
799
345
1639
1713
3082
1952
45
2442
2698
3079
1355
2285
120
204
1003
3456
1980
3367
886
3763
2744
3256
47
2492
1089
3180
2488
781
3935
1054
4108
3362
643
601
680
1629
3396
365
844
3366
3602
947
2015
1699
819
3102
1916
3646
2903
3800
334
723
2541
3571
2512
4088
4136
3866
195
317
3318
4063
1034
3018
2485
1638
3988
2070
3072
2594
1838
588
1458
542
707
1474
3542
2608
425
1226
1136
1389
2710
1550
2006
1615
2996
2982
1958
3914
1509
2832
2971
4126
424
3025
1410
2344
3251
3782
2218
2178
3268
2932
2893
1966
3737
207
3594
2713
1969
89
2812
2365
399
988
2398
244
2287
361
2308
807
1193
1521
3756
3851
247
989
3330
787
760
2368
1105
3975
1470
790
421
3535
1956
504
766
2208
2590
761
3013
3841
3726
2844
1632
1862
2645
1671
2154
1625
515
4152
3031
110
337
3483
1239
3981
654
1443
3145
3136
559
384
2373
629
2105
2353
2575
463
4080
3500
2362
4133
1049
2799
1464
3555
2077
3509
3334
1832
1739
206
73
2312
3093
4122
2778
565
1540
1013
1968
2639
4144
585
1576
2118
3332
3742
3169
2238
3822
1000
2662
2785
2191
411
157
1789
0
1635
714
1519
2889
1667
471
1396
1020
3682
4147
4157
1262
831
2619
1945
570
2551
622
4094
3699
2060
1235
1829
3630
1078
3943
4021
3913
3265
2064
1651
1963
307
3003
3139
2852
4039
4095
1853
1456
2761
1047
364
490
3945
3042
669
1918
742
877
66
3098
2824
3621
298
2345
347
1120
2054
4083
551
1897
2508
1444
4119
1973
3327
4068
2289
3128
1146
2517
3732
3229
3711
670
3279
1236
2340
1759
2412
1703
3414
2010
2129
2242
398
3710
2383
279
3016
717
3544
2952
1273
2089
226
4115
1181
245
2283
702
1063
3276
558
24
3479
2418
4023
2149
710
1433
2941
3369
1203
3606
4111
2839
796
2562
2664
3464
3040
2309
1327
728
2124
489
1737
422
2700
741
3038
2361
1580
590
2253
510
2431
3071
3938
640
2887
1232
3261
3703
3780
3153
2288
3623
1151
1944
1770
3826
3647
3590
3546
3130
2141
4008
2970
1451
1544
2270
1192
1795
101
1345
569
1961
1086
3310
2560
2582
1426
1722
726
171
2629
1920
3111
2113
1070
2890
2197
1233
1130
1118
976
1535
1461
2024
363
2528
1987
2579
3613
596
1716
820
3704
3426
2347
256
3745
2267
3560
3922
616
3304
2237
1339
3088
387
2338
386
1218
3337
3565
1385
3352
1764
3125
3226
918
2375
351
3503
1496
1588
1191
943
3146
1532
3425
3549
1336
745
593
175
1076
2424
2694
222
1495
1293
4024
953
2722
2738
31
460
3902
1338
355
408
2215
9
1617
3350
1093
1775
2859
1331
3296
1053
1950
2807
2410
366
2929
3595
315
2266
2457
1970
3470
1533
149
2104
1567
2685
1431
2355
163
1154
3183
2176
3452
2661
3654
1043
2029
3354
3818
1530
2836
1011
802
1162
3608
3547
2248
2706
3457
1525
2277
1943
3569
2335
191
2133
2783
3628
2743
3161
2369
911
2359
3065
968
100
59
1032
1357
99
22
598
574
3156
1254
1297
313
727
3969
3381
3574
3825
539
2171
1185
3848
2422
2721
3771
2940
1158
357
3235
1249
3665
3039
2264
302
3551
3863
875
1278
2547
3172
2489
2888
1334
3978
1406
2476
3666
2477
2478
2975
396
2599
3443
267
1246
1641
2001
2471
975
3478
3728
1455
3779
1515
1128
3857
2565
32
511
3034
2201
3520
3632
615
1243
3289
1675
1144
1377
257
3170
3409
2381
2233
1060
248
2768
4142
3513
117
3355
3973
393
716
810
1153
836
4134
2652
2276
1589
4101
609
3837
1286
1669
3622
2516
3320
2620
3269
2170
2392
2390
2002
3158
2926
1041
1935
2861
698
3907
1467
1310
1642
2119
812
2666
3667
1811
1822
2497
2687
3439
3911
751
3179
3996
1824
3881
3342
4097
2654
335
2641
3083
1295
3931
980
1216
1065
1539
786
3089
381
493
2879
2640
1172
548
3407
469
1127
2538
1823
1161
2981
137
4060
801
3390
2475
956
2891
813
833
1040
656
1039
2511
3033
3868
1119
1428
693
2459
1726
3831
1083
3909
3684
3713
3801
3816
2660
3001
2144
3372
169
534
1867
1488
2062
3067
3760
3147
3526
711
4096
1691
1199
1892
106
2734
2279
1373
2065
2673
2415
1016
2609
1189
803
791
2863
815
2741
4155
1135
3820
3252
3056
1569
3451
3094
1782
2436
2731
1168
3200
1665
841
2527
2705
2239
2310
2182
2561
2770
2245
118
734
2169
621
1001
739
2116
1874
2733
2153
1599
1024
3472
3152
2875
824
1142
1825
2366
798
4159
1908
2679
3815
4025
2112
818
2557
1205
2749
1976
1643
1229
250
2281
2388
2311
783
873
903
861
184
2327
3584
3055
3576
200
2544
3004
3674
242
2830
3273
3284
2651
3023
1007
3951
2574
1674
2505
2031
3960
3976
618
3160
4044
1378
564
2364
919
436
2307
3947
632
2993
846
3679
1169
982
2235
2796
1776
3138
478
1654
2913
1885
1953
649
3142
379
1194
2558
282
42
1965
444
1657
2715
804
2022
835
4030
553
1204
1762
981
3939
3505
1044
1198
1682
614
1818
3404
2604
892
4087
2273
3494
962
4054
550
57
3110
2058
2083
458
1200
3002
3720
3484
2737
3552
3324
2915
1913
60
1543
2481
1586
3767
2873
1672
3755
1228
1480
2172
4067
3044
3614
768
3989
201
2472
2531
1830
368
2763
3581
3860
536
782
1785
2589
1021
701
2081
2039
3209
1602
216
3389
1398
936
1991
1800
3830
3854
1314
2138
3886
3299
2822
1206
1432
2714
2190
2134
3254
2337
1291
612
3341
3097
722
3823
963
2787
3488
925
1174
3446
2962
17
1133
2160
1577
1018
3119
1382
2759
2898
1734
2821
1989
1898
2657
3113
556
1872
1695
2603
2669
3793
3834
577
2150
3497
2299
2616
1803
81
3673
48
1538
969
3680
413
898
904
1098
1511
2554
676
3671
1662
1771
130
3676
4138
1720
2463
271
3272
3349
3784
1394
952
2473
773
2211
991
746
2091
1505
557
1687
2427
1057
2193
3548
871
341
4013
3122
2367
1122
360
1022
776
740
1773
1313
1742
3435
2051
1783
619
709
2306
4145
501
2896
2754
152
2534
2789
2451
634
1876
486
188
1164
1401
114
1309
2953
1531
611
2165
1430
3545
156
3917
2697
2194
3757
1613
1320
3050
3807
2407
2000
3598
252
61
1061
2838
1351
2521
2136
3214
1685
1649
1015
737
3260
3184
3150
3095
2269
407
4123
2096
209
1517
3620
2098
1157
1006
2158
3326
724
2943
608
3144
1010
2454
2204
1802
1307
1131
4003
806
2432
1887
1147
2216
1425
3167
2008
4089
506
3625
2907
1673
986
243
2061
2728
2487
3941
1207
2751
817
2493
2930
2217
1653
3972
3212
1094
1730
1009
1854
405
1697
2395
3585
2181
884
2515
3461
3397
3134
1522
3196
4065
3846
1370
3861
1745
2090
3862
1571
758
348
933
3550
3718
96
3838
695
666
1028
3127
2025
1812
2866
3194
1541
3794
3877
867
2425
663
450
3460
3587
84
1074
3754
3514
3847
3303
1814
1275
3290
410
4
1182
2256
3177
1166
3399
2439
1265
1267
1187
2786
27
3959
1922
3664
3428
2322
2635
1403
401
1644
1343
1974
44
1463
3047
1195
718
906
3688
3021
2965
3568
174
3583
2093
305
1859
1626
229
1548
3308
3685
2683
688
3990
3181
1579
495
456
1088
2303
3112
272
1177
3364
3783
1780
887
3690
1902
3999
1566
600
1837
1790
883
1879
2961
2762
1252
3307
779
3776
2585
3624
2225
278
3006
1808
3129
1661
3187
2831
1786
854
3700
3733
2226
3814
2232
1706
879
3803
4046
2520
2823
1940
2470
2790
3884
1518
3915
3105
2614
1329
4019
103
944
523
2257
2555
3384
595
3543
3615
3466
1237
3199
3336
3744
1520
3406
704
3081
1597
3462
503
1071
528
3874
3202
3858
2655
3921
3374
1080
1514
650
2040
2815
2948
270
3747
736
2968
453
2595
1834
2192
2775
1242
2999
428
2316
3905
2729
668
2386
2282
4130
4050
3376
2633
1240
4128
3467
2027
505
4113
1159
1840
119
3564
1881
472
1212
2163
2792
1196
4020
3255
3567
868
970
2403
2371
3891
4034
3458
3063
2421
3162
3173
2196
1513
691
811
2535
1877
645
4071
2278
3168
1109
1875
4116
842
946
1108
2157
3980
2693
1930
3348
2988
2330
2747
299
1051
2206
102
931
1610
3883
1684
1333
2850
3248
881
2023
491
1889
477
2918
594
857
767
344
3619
1486
700
1510
987
394
260
1404
2387
937
1552
1472
3528
2523
2658
1679
3855
1330
1551
82
3100
1709
3501
3465
2593
4085
2056
115
3116
2545
1819
2937
1910
3709
212
2107
2413
520
3502
2102
2156
1358
561
3192
2220
3343
1208
1225
2572
2016
4057
2184
3287
224
3076
1420
454
2126
3949
1555
1608
1503
684
1954
3749
3968
1091
3729
445
951
1861
1415
4075
1524
1110
288
2069
3813
840
70
3473
2650
12
168
3490
2145
3668
537
2128
3937
3115
2690
3359
657
2262
162
3120
2450
455
1126
1656
4001
3702
1871
1553
2484
3210
3639
921
1374
3746
1528
3228
1227
3339
69
1740
1721
2966
2607
3233
431
262
1101
2974
3557
1578
1557
3249
2382
2162
687
2483
3495
3193
2372
1852
1975
2086
2944
526
3721
827
1027
2003
1026
127
3893
1259
1050
3198
329
1951
1414
1376
62
3894
3515
2462
3645
2864
889
1924
1489
3328
1326
4125
765
1979
470
2627
2682
543
977
1238
1085
2742
2984
3932
3670
443
851
3792
1139
1030
3239
3005
2379
3059
1124
3900
502
2735
3775
2901
473
2723
2886
1095
2402
3357
3313
3750
1132
1411
3297
2092
1826
1590
2946
3051
1506
116
2525
3066
452
856
3014
4114
940
2791
2950
10
2147
1165
1344
1767
984
4070
1402
3967
1038
2964
2854
2925
3708
3510
1792
1702
705
3987
440
678
2548
3712
961
53
3305
2509
1281
1637
220
1340
1064
3206
4139
1348
4149
3517
938
2435
2877
1835
1244
1778
1624
1033
2243
132
2343
3984
509
93
1614
1391
461
380
2401
2808
1241
659
1042
4043
2068
1367
1421
955
1482
667
392
1582
1417
2127
3600
3232
720
1231
3035
1751
2426
623
3532
3020
1807
2100
3706
2727
893
3222
902
1
1630
430
3611
2433
1393
3415
3224
3842
2399
1102
2740
2568
2088
1111
263
932
4064
1791
648
1607
2951
1214
2809
1761
1748
2811
4151
4062
3441
3280
1676
3283
1306
3597
1362
438
251
1305
4016
646
2164
1270
4121
1666
2578
3538
2159
3108
661
3539
1841
1681
1137
2012
325
1219
808
1866
3356
1066
2074
2798
2321
651
2106
1723
1052
2331
3175
2400
2956
3785
3012
792
652
1997
474
2739
186
540
1700
1230
2411
1163
2084
1977
1628
516
446
552
3882
2236
64
2249
3213
3519
3638
605
4137
1813
2168
190
3302
3270
1733
30
2867
3205
2011
1850
400
3221
1909
3790
3046
1883
2409
1300
2553
3777
3486
1794
2606
633
2452
571
2978
1645
2447
775
541
142
3054
3735
2394
1143
339
203
3762
1858
19
2772
197
135
847
3759
3634
1605
2530
2922
3561
4079
2900
578
1023
442
1434
496
3204
3024
1337
1312
1287
1465
56
685
1821
1981
3707
3189
322
2110
1190
7
655
2139
1810
316
637
3493
1468
2842
1934
2954
2380
2474
974
2
1217
1248
4143
330
3131
2601
2868
3839
3393
3753
2334
4092
2043
1904
843
2663
3553
109
2539
3114
2339
514
533
1171
929
2674
3961
276
499
485
1704
896
1462
1583
2841
3436
1017
1660
311
2862
86
2869
1603
3245
713
4150
532
1546
259
241
573
2923
336
639
2934
2969
733
1946
2125
2855
1481
2591
4037
606
730
1260
4000
1993
2214
3423
966
3430
2764
1999
2210
3887
2567
1371
2588
1264
3786
2853
1499
333
3649
2114
4160
1805
3074
3991
374
140
353
382
287
1938
1366
1777
1986
1113
3171
1774
1846
2300
435
1820
2151
290
2044
1670
254
338
2636
320
80
2275
2810
1100
756
2049
950
3440
3277
285
1766
1210
2602
1914
3385
2678
613
1634
3029
3660
1292
3230
134
2067
2720
1422
170
3612
2202
3321
927
1213
1068
1886
3285
3892
3637
908
1257
1478
2500
3656
1865
154
1903
2393
2455
2166
4052
1873
1915
2385
1224
899
4051
3498
3288
3090
2587
1570
1245
3317
3123
1234
2931
2271
1075
1416
3030
3078
2207
3956
2804
2884
2268
297
141
917
1907
591
1752
2460
3394
2916
3061
1868
1542
3418
4124
3930
3096
2983
1959
999
319
3986
869
3659
3398
1899
1758
1400
4148
527
686
3829
3135
2510
3873
3769
3048
3898
3379
3722
111
2014
2777
1129
2909
2827
3319
46
3087
3333
3011
3541
36
3388
343
3433
3447
2071
2843
3445
1197
328
402
876
1878
3650
2494
466
125
1727
3064
153
1405
293
2179
2833
3850
2549
2610
1222
441
1849
1441
1707
167
821
1962
1037
2933
2055
211
1781
1609
1701
3787
3190
3617
1145
266
2177
1446
3879
753
2699
97
607
2513
1746
2341
2174
2240
2725
3091
934
3536
2677
3716
3752
1290
3400
3043
131
2818
1134
1692
2686
985
2994
3919
1677
2871
2757
3537
3827
4100
258
2958
1079
1869
1696
3758
238
249
3236
1735
465
1289
2079
895
2286
240
2637
3027
2779
2597
2566
3534
3765
1449
1274
1117
3420
1728
3995
2709
1247
2502
3474
512
2845
2676
3672
2695
1717
1688
326
1900
439
849
1364
1693
3845
1359
3432
2280
1927
476
3870
546
1587
1170
3890
286
180
4118
3923
2584
1882
2035
708
1298
1694
3804
1545
1937
16
3507
2213
1112
3859
3492
3375
58
161
990
4153
4049
3843
1255
1933
2048
983
376
55
2805
2013
1793
679
3036
1947
1179
996
2671
2665
484
3734
1453
3140
749
995
3652
1365
3648
2942
2688
3471
3028
2241
731
3448
2659
636
662
3516
788
2072
1288
2038
235
2912
3453
834
301
3282
3835
1483
2647
664
576
3899
2195
3695
2188
3360
2837
3799
4105
1087
1798
1833
1549
949
28
1251
1073
1534
327
1497
1283
2813
479
1263
2611
3143
1272
1870
2121
2111
236
1623
3719
572
3689
586
563
2870
1440
354
331
1855
2858
1845
3496
2329
4017
3263
2977
2524
2559
2802
1894
2358
417
2109
1380
3655
3481
448
1574
3217
2363
2622
3266
1491
617
894
3246
104
3247
187
1369
2453
1114
3
2670
3281
1466
1620
2034
52
2774
1317
1395
2480
2972
838
2033
1167
3631
941
1008
3045
4009
2580
2522
2434
2052
965
2486
1493
1346
303
1650
2246
3491
1906
2464
1851
2765
3928
1459
2776
3895
2980
2986
2342
487
3527
2428
3525
2897
2036
294
592
2712
1891
1784
3157
3849
215
2212
2284
2438
752
3137
1435
3836
2325
3808
1485
4077
3781
3856
4072
1648
1176
2692
822
1932
2140
2526
3264
2910
312
67
954
1744
1842
3244
3086
3068
2458
1092
2756
673
1942
4103
1308
2758
3853
35
2290
253
1178
151
4045
75
1321
712
3522
433
852
3929
567
3499
1209
219
3920
777
2906
2753
1919
589
2085
848
1183
3504
3936
158
2672
1905
1046
3994
2518
2691
1732
959
772
1622
1598
1710
1994
1115
1928
3275
233
602
3663
1096
3057
2348
2769
2189
429
3368
864
3558
4110
2649
508
1816
2223
378
568
525
2973
769
3811
2297
2945
4120
3952
2834
1755
1081
147
642
3391
2292
76
3237
284
3556
2417
3378
2274
208
395
870
3463
3810
517
4091
674
3880
3662
423
1221
1631
2546
2519
2173
3431
1753
3195
2296
3450
1646
3480
1647
3701
2318
3764
697
3017
1827
1591
826
1471
4029
4093
1123
3434
628
3971
1536
404
3182
145
2576
1211
3806
2760
2542
409
2302
580
1760
2026
2234
2080
3219
1547
51
3225
1596
2726
1633
1936
1502
3997
3727
218
2801
2142
2736
3992
1698
1911
2229
1715
660
3580
1303
920
3121
11
2612
913
1368
214
2856
2577
647
4041
759
2305
3126
90
1779
958
3220
340
1399
677
562
909
2350
3149
2503
2429
1806
1457
3365
492
2135
1072
2007
2199
3032
3449
2219
3347
3103
2642
1429
2784
1719
2814
3429
3821
3408
2598
78
3022
3669
2461
3295
3207
878
692
3262
83
4048
1353
3993
1186
74
1769
183
837
3906
2803
1895
2209
2324
922
3026
1680
2985
599
2883
2623
3253
1562
2354
2928
87
2573
1756
910
1012
638
3694
2536
3566
973
1554
3604
1454
2123
2319
1741
3345
2224
1328
3413
21
369
2444
2205
3715
1045
488
4161
3353
1972
4117
793
1893
3010
1258
545
1285
4112
37
2507
1844
237
3424
1561
814
1836
3717
72
1316
419
682
1490
2018
2370
2878
2895
4109
3163
1523
3593
3678
3316
1188
2569
121
265
3766
418
136
3335
1848
3950
3570
1564
3641
1062
3626
1618
2198
1988
2441
3705
3052
2333
3176
1460
71
2793
1409
2252
3616
3683
3985
112
3155
3958
1627
2533
367
2097
39
2180
1352
924
228
3301
3258
1724
960
2924
4066
1332
2377
2880
2865
2263
743
3395
631
860
3077
3529
1175
3358
1324
1301
406
1527
1002
3714
839
468
349
2707
3412
1408
948
1948
584
3331
4055
269
1619
3459
2314
449
1256
928
