202
1384
1126
117
1240
3164
103
657
3596
1033
1968
2895
3578
2838
3233
1680
865
1401
778
1047
3254
2512
89
2886
3766
1527
2967
3121
1770
3018
3816
2856
1381
725
3519
3826
2130
3282
1153
3661
854
3674
2043
3216
1364
1805
2102
1478
3430
2277
2740
1448
3063
2580
3740
1887
1696
1730
1256
3475
3917
529
2109
2307
2598
2927
2560
3415
1106
826
2934
1081
3358
1042
3748
3741
1086
3380
429
2138
566
888
2389
310
768
2697
427
2595
2473
1140
3594
3359
1962
3491
3676
2052
1854
3468
3377
3637
2728
3045
3343
3196
589
2788
3684
1732
2149
2909
519
2950
3200
3477
2920
3777
1534
873
92
1309
2834
1317
1872
57
1318
2237
1721
1663
339
264
321
1246
254
3113
2708
1528
831
419
816
430
2449
1147
2872
3074
1774
2978
1376
2332
981
1994
2555
2860
3097
3105
2304
1477
974
3534
191
939
531
3793
1813
3152
2306
2381
1385
2323
3402
526
1263
3739
1245
3559
2600
1745
131
3031
897
3094
221
3129
2066
1061
1285
934
1786
1554
110
3867
1826
2974
2761
656
2773
917
2384
2209
2899
2806
3714
3602
2623
554
946
3654
3012
1638
3339
1483
3906
1658
1613
1885
1900
2373
587
2148
1575
2561
3516
2766
1890
98
3545
1959
2705
3171
2303
2597
49
1307
706
1207
1316
217
488
3011
3154
3523
1563
1222
1788
2632
362
2100
1703
2782
2980
1440
1981
423
2858
633
1302
2588
1622
3837
907
215
1652
3096
3459
2327
22
3784
2918
1353
3431
2881
2649
2492
316
166
747
1102
453
1006
3070
1293
227
408
916
1164
1552
1092
112
1747
3399
2264
2024
1838
1507
2476
3469
788
3569
274
2135
3028
1169
2092
2828
2945
1946
235
128
2437
2709
2779
1173
415
3298
3271
3861
595
785
815
80
516
1672
1581
188
2468
3685
3728
571
2091
749
1340
2235
3348
821
2197
2942
3672
3204
2250
728
439
3650
3264
998
3591
1056
63
1143
412
2136
1091
704
1639
492
207
3352
2847
116
3143
2484
1320
2252
306
3150
2133
3787
1276
2565
3888
3341
1697
139
3572
3774
935
3417
302
655
3137
2996
1821
724
1777
2450
2207
882
2318
2982
539
3042
2152
1519
1304
1740
3225
3757
1203
2848
1522
3146
218
1500
1812
2352
3372
1160
2954
1594
884
509
2151
1227
1729
2780
1007
3505
431
1628
416
2112
1546
3047
1192
2054
3087
2487
538
3517
1818
786
410
145
2882
2083
2469
485
2846
1815
715
2742
1920
1125
3277
87
1355
2729
1879
782
954
3274
2280
2892
3699
1378
460
3615
446
499
1514
3135
211
3337
3701
175
1214
1206
532
4
2459
2181
1358
2535
2544
1423
1000
2173
1005
3324
338
2296
720
2047
3909
3844
1676
1193
2752
1441
3799
30
361
906
3639
3133
921
2549
1168
3400
3265
3570
1948
1914
3192
721
621
1243
8
2488
3765
1525
3416
3635
277
1071
593
344
1866
549
2792
503
2452
2626
973
2293
2744
2261
3407
2144
2676
512
1735
703
1561
952
1625
546
2956
3093
407
2767
2883
1019
1436
758
148
643
3336
1780
1411
3548
3435
1601
1953
2634
88
929
2164
2336
2791
3606
2687
771
484
3434
2262
239
3411
2951
3020
1404
66
2815
1655
2064
245
3585
2746
1301
2451
3032
96
1748
3859
1698
1765
404
2444
3320
1711
413
2513
2602
345
950
3604
3876
2196
1644
224
3899
2707
890
32
1555
494
1656
604
2491
2624
2869
2198
3156
121
1596
3088
1475
3177
2311
3474
317
1771
252
182
3601
568
3518
3024
34
3367
1934
374
540
2911
2772
3513
290
147
1940
1054
1015
3624
2244
3054
3458
2604
1817
802
1017
134
3848
2590
3029
2333
3258
135
3229
1928
2738
980
1350
2370
2787
3644
68
1454
644
1604
924
3843
1356
1020
2420
1999
1582
3241
1700
3144
1199
2048
2675
2955
2832
820
3722
414
2520
602
3201
547
3668
1846
2038
3371
3792
1951
1593
2159
33
3808
3362
3297
1078
2003
2941
1387
1201
818
3631
1137
3744
2592
2678
1504
2607
2703
230
1482
1308
2328
2753
1460
3581
3002
1373
1010
2200
659
2701
3903
798
2879
3868
2930
305
3148
569
2989
2314
3664
1024
630
2375
2483
985
2540
2499
2273
3446
3645
368
179
3806
73
691
558
3755
2176
1884
1040
200
1880
466
3365
3514
2177
842
2015
1123
2460
3167
1265
3839
328
1694
851
1598
3628
3907
1547
3149
1003
3797
2645
1738
2612
3116
105
2894
1631
1945
3162
591
1023
2547
2425
1865
3072
3607
1790
303
381
1967
1832
2351
1338
2183
2724
3496
3726
885
991
1476
2686
2230
91
2545
603
2970
1345
2462
3026
2069
1916
3536
2751
1618
520
1787
2578
242
1453
1279
2916
961
3673
2794
2732
2757
2799
836
2925
3660
1148
864
670
3189
2086
592
811
783
458
3823
2725
56
1209
928
3708
3275
1941
1315
685
943
2771
1809
966
3368
3155
1524
1371
432
2801
3033
3821
3237
931
1833
2992
53
767
1419
1469
2875
2040
132
2345
545
855
3511
2716
2635
909
450
3546
976
723
3294
2302
2220
1823
1018
3887
3577
3426
1224
3138
417
3630
2862
3885
963
1754
717
1701
1235
2320
2816
1551
920
3023
658
652
421
3689
1927
3262
2423
3273
441
115
3850
3357
2312
2511
1044
1175
1942
23
2096
1520
1332
3021
1179
3830
744
3003
635
3743
3616
2947
3100
2835
3832
397
2498
702
2436
2837
470
2952
2412
3120
3461
2156
2113
727
3504
1035
3452
3811
1889
1014
2928
899
3786
548
3565
3136
1935
572
1435
2804
2821
3288
3172
2712
560
3583
714
3212
3878
3727
136
1677
3769
238
1915
40
3763
3884
2110
1791
3160
1795
267
3507
914
1330
2295
100
1963
184
2117
2458
2601
3066
3440
3316
198
3312
933
1359
95
2808
895
2145
3065
2736
2150
237
2497
2489
1739
3017
789
1312
523
1782
2646
3702
1299
3476
3454
2668
261
3355
675
2673
3326
835
79
7
2807
1239
858
459
448
3340
1030
284
992
2186
3188
1133
1142
3108
579
380
2163
2795
1992
67
3092
1688
24
1498
402
3812
3719
1590
54
3313
399
2493
3915
3333
2628
2049
3580
664
2154
527
3658
2441
1724
1038
3401
915
3752
1585
3641
1339
2960
3375
335
1810
2392
440
3251
1687
2012
2438
2503
1229
2059
2301
949
177
2288
3721
3563
2408
827
2943
938
2988
2417
236
2125
3713
1630
2147
2339
2522
2692
3414
78
3822
600
575
989
3391
2114
378
2032
1836
684
2630
2334
2611
3350
1811
2946
3729
3902
50
3711
3019
3669
475
857
1752
1465
1783
3412
2223
665
1850
2486
2844
2908
3621
1171
3388
1374
1073
1961
222
471
1403
1535
2877
861
3220
2849
2286
489
1187
813
383
1490
1238
3069
689
2158
3007
1319
695
609
3733
3754
469
3232
964
3378
1757
3089
1849
3686
81
2464
3791
3862
2711
908
2349
2079
2004
3342
2185
2614
1670
1286
556
468
288
2735
905
2866
984
2395
2006
739
2324
2641
457
2371
1540
1762
1445
2926
622
2613
2827
3599
2654
1064
2291
369
2042
3610
1129
3874
662
3691
2790
3239
2659
3828
2843
3815
1397
3173
2963
2517
1848
2155
1363
1980
3191
304
1641
1723
3194
354
506
1163
1533
2651
1595
343
313
375
193
979
2636
2658
990
3827
2577
3512
770
2813
903
391
229
1919
3322
2504
2413
1305
752
2605
474
2857
1011
2308
796
3620
2777
1253
225
1409
2353
1892
2679
240
1567
3667
776
86
1617
3501
294
840
971
672
2269
2026
2550
3681
1976
2889
1269
930
3779
2224
1278
1508
2637
2796
3731
2095
197
2166
3649
734
1904
476
3398
388
1004
801
1926
1600
3175
839
1936
3202
2932
1421
3738
1400
1744
90
2330
1642
1366
376
2297
740
1067
3281
3558
2175
364
1960
3455
1008
2139
1468
270
1450
3724
129
1297
1763
3894
28
2409
3441
3688
965
1410
2189
2714
542
1793
646
2326
77
3771
186
1541
2317
45
1662
3231
1796
1231
3305
1650
3319
564
3384
824
620
2774
1712
2134
2494
2430
3537
1713
2215
2027
3663
2783
1336
1707
2153
810
3311
19
2704
1058
2360
1905
3046
2666
2648
295
1418
3041
3424
377
1537
2094
1114
2016
2202
923
2839
1242
586
2508
181
1742
2786
1839
3419
3310
1351
2966
3176
373
2953
3910
174
2056
791
2501
1626
1523
1328
3327
2566
806
1727
3410
2236
2472
2581
1412
1657
3593
1452
2073
3677
1852
2647
2667
2203
2184
2639
3764
3911
3169
3453
3796
2231
1674
123
3369
1080
3834
1526
2478
763
515
278
3328
2608
3905
3746
1311
2128
777
3571
819
1798
360
1223
2722
2335
2700
2045
1250
3203
3249
12
3040
1603
1569
3034
1439
1556
896
196
2854
3272
1808
2631
1323
1499
3013
3464
3005
996
3425
3554
279
311
2756
1481
406
511
3835
1570
2106
3783
3541
1731
1851
862
293
2274
2222
2344
1108
1728
967
2140
2696
678
2596
3140
2778
178
502
52
1407
156
2239
3392
2800
1479
2075
1266
1294
2171
3542
452
674
1749
3304
2781
1215
2775
2391
3118
513
1718
745
1281
668
1560
2428
3735
3633
411
1433
3671
2340
1875
2999
3852
2890
1303
1619
3526
613
3680
390
141
1675
2699
1300
2168
1733
1095
259
988
1331
483
2694
1829
3751
2661
153
2182
2863
2402
1063
3573
2567
1146
1648
1402
2266
2867
1052
2610
2406
3161
3134
3077
2754
3
3062
3268
3269
1473
2082
1087
830
1881
106
1938
521
255
1510
2534
2901
1258
642
162
2817
1719
3871
730
3860
3408
2559
21
3819
995
832
2388
2057
315
1272
666
1995
1110
2495
3373
1909
1497
1434
1737
901
1990
3670
1158
447
3287
1825
2331
2975
3679
251
615
3875
150
2410
1726
536
1659
2973
679
386
661
1070
585
3561
2569
1599
1558
696
3720
3488
1045
2142
1228
190
1094
2090
3509
283
2445
1588
2864
2548
3575
3086
3141
3389
3428
1362
1965
3678
1188
3785
2599
2539
1913
3318
38
2888
3775
925
289
214
3345
2691
1217
2162
2976
1166
3694
1518
2933
2665
2194
2275
3914
2530
1725
2748
27
31
2971
3723
697
249
3849
59
69
1186
2502
1606
172
2089
75
584
3842
3413
999
753
1189
2917
2021
913
729
2416
2820
3280
2167
3259
1046
2034
425
2383
3009
2998
3095
3303
543
3285
1444
1474
3010
1969
3612
1255
797
1296
3522
1494
2587
3598
262
208
1682
1144
2055
3485
3838
1705
1157
780
3444
2358
1785
1132
2993
2833
2825
942
2343
5
1877
1034
3127
986
1692
2702
534
3690
1778
48
2283
265
1912
1991
3344
163
624
3527
2242
1325
1414
2885
1398
2058
3016
2074
707
2321
2938
2329
2190
2983
37
2759
1138
490
3360
742
1720
1065
2350
3314
422
1553
444
1001
1529
3247
1232
1970
2245
2380
598
2674
1931
2243
2809
1597
1458
1950
1216
1394
1932
3893
1283
705
3057
3217
1348
1516
1380
3845
356
1717
552
583
199
3756
2025
2434
2265
3597
392
285
2737
1155
2812
2279
3640
266
2688
2300
2039
3382
2260
812
2372
868
1430
2081
3494
1646
1134
686
171
561
10
2538
1127
2876
137
1807
1918
3208
1858
699
1182
2475
3467
3349
1051
1708
692
2855
82
634
1668
2005
2170
673
3421
2397
694
2309
2739
3603
3543
945
334
1101
2457
1512
555
2258
1615
2211
1284
809
1313
1141
1422
3207
2923
2268
2169
1503
3381
922
3330
1804
210
347
1868
348
2456
2672
2726
122
3235
2121
3058
2731
2514
1820
2122
1949
1487
6
2571
1185
3880
1515
1572
3824
1987
2400
1449
3889
1443
1627
3123
2935
253
2574
822
16
2099
44
870
887
1608
793
3209
2680
1917
1425
1666
3497
3555
751
2447
2663
3760
124
596
2629
618
671
1651
204
1451
2516
3130
1225
363
2442
3698
1907
355
3550
551
1501
2278
477
1973
3142
2365
654
1271
1053
2325
493
1466
418
3376
2823
2393
1944
1933
2797
1966
3112
1060
1605
2115
1130
2769
1259
871
1149
1835
3732
1802
1645
1295
2376
3556
2537
1241
648
619
1634
1069
926
1911
1120
1333
2619
1085
1772
3104
300
3484
3833
3749
2088
817
3539
3870
449
2077
1161
631
2485
804
2443
578
3584
9
1270
2965
765
454
3447
1756
3493
738
149
2216
1257
581
1886
2893
3586
2852
3803
3334
1159
1202
1773
299
1923
108
708
2101
3014
2878
2379
3050
176
232
3364
2374
711
1869
2234
2120
1574
577
883
3450
3675
1979
481
2070
74
1379
2157
1669
3306
1853
2382
1177
1012
623
1755
849
693
1049
1491
3535
2684
2346
340
2741
1505
2671
1958
101
2080
495
874
256
1233
314
557
3125
650
165
1344
2078
3547
1861
1103
1212
2017
2861
1824
2229
3781
1204
1894
2570
1649
2936
733
2685
2496
828
3244
3551
3916
140
1093
1162
1289
3725
790
1636
2529
3004
743
3863
647
11
2474
2284
3872
3183
1104
2505
1205
486
2743
1236
2907
385
1050
329
3807
3499
3443
2713
3802
185
76
436
3707
1464
2594
2554
3243
567
2915
2174
860
1420
3222
844
2509
1538
2904
1583
2214
2180
2572
3052
1562
3295
2407
1310
2762
1922
2419
886
1424
2195
1867
522
2165
3286
2131
2338
169
71
1690
1446
803
3737
1097
2896
2653
1828
3081
2041
1784
3174
2062
2964
2319
1251
1689
2414
1408
2681
1611
736
3361
3315
1910
3083
1607
881
220
2008
3248
3653
36
1128
1957
3261
269
3825
2072
2810
2461
1803
775
3908
2361
1691
250
107
829
3613
3131
1059
3420
2622
794
151
614
2454
2188
93
1592
737
1264
1549
1167
1113
611
3055
1792
1908
3858
505
3587
533
3490
3705
2107
2830
1699
1009
3205
2187
3712
2270
1543
29
3829
2226
280
2431
3158
2031
1814
2957
1837
957
387
1428
3260
719
3139
1111
2087
2305
70
1862
2271
716
1002
2432
3495
1587
2929
1324
2589
1383
3857
1531
3912
947
3363
3198
2249
3486
563
1842
2656
3611
759
319
3524
3627
2939
472
1819
1139
2527
154
825
3704
1750
1564
902
1568
3051
2129
2422
491
333
2299
1357
2
1154
3187
268
3221
2482
3525
2479
331
1427
3257
2218
3553
866
2240
2119
1801
3703
3506
2143
2831
3427
3153
1827
296
955
3179
3289
2111
3114
918
3817
2824
275
2256
51
72
2689
859
2682
3465
195
904
3891
1
3716
3913
2246
85
2515
2294
1057
357
1736
359
1116
2910
2991
2811
187
2603
632
1467
152
41
2071
2764
3394
1072
3549
2583
2969
1321
2987
2845
879
1521
1876
3101
257
2191
2664
2247
3370
1921
1685
2205
337
1989
118
1290
1794
3794
1277
409
639
0
3567
2424
3015
580
17
435
3432
2579
1221
2618
1107
1589
3267
47
3110
3483
1623
1145
2356
3873
3665
625
2405
660
3745
3457
1413
3190
1174
434
1119
2944
1834
2282
814
876
3814
1075
2453
3283
2411
2132
1544
189
1984
350
510
1375
2755
1190
3422
3185
2669
3353
61
2357
1329
2386
3098
3438
2367
433
2850
3695
1029
324
2161
610
3463
2046
735
850
1506
1218
1172
2199
900
1426
3240
1637
1542
2525
3655
927
524
2051
1183
3636
2747
2912
2001
1647
1975
320
3027
2011
1939
1213
1417
962
1972
1716
13
1550
1230
637
713
2677
518
3038
1337
3770
3219
2035
133
1974
3300
3515
756
1039
3747
937
1021
3166
3492
898
3418
3855
975
1135
2263
3292
276
1616
3529
3170
3234
1288
726
3180
3214
1673
845
1633
1347
3866
2210
2683
2931
838
2997
2763
2123
525
3068
326
3276
1930
3456
3609
226
3629
1513
366
114
3564
2874
1151
1539
3767
1150
3700
1462
1511
2124
209
464
1857
3753
1268
216
2219
1447
1612
641
1156
2289
530
3623
2519
287
680
2315
3809
3480
1249
2553
1457
203
1769
2179
1382
2905
1686
1027
1856
1998
3124
953
3075
3614
2065
764
1779
1993
877
2859
1548
760
2467
731
1873
159
599
663
3481
1573
1074
1898
1013
741
683
1693
1496
1459
1456
3107
1871
463
2582
2660
1664
1897
2921
1893
2354
2564
3115
3697
594
2829
318
766
3395
3006
3544
2718
1767
2137
125
2347
1956
1386
3193
456
3642
1118
170
3879
3592
3877
638
1702
2526
2802
3356
940
3479
2617
1709
1831
3608
370
3429
1354
582
3405
681
894
3813
1899
2061
1484
3106
2557
1635
2390
3882
352
1983
640
772
1261
2906
892
3470
3397
443
461
113
401
1342
3151
3383
3451
2785
1489
2362
1671
371
718
746
2924
3178
1170
2421
2285
1273
2238
514
846
3199
3001
972
2455
1068
3795
1098
2871
541
1715
3226
1485
158
2640
3296
272
3595
1036
1722
535
677
205
1952
2818
292
2643
3820
2750
341
3374
325
3442
398
234
863
608
3651
25
2902
144
244
2959
1389
2937
3521
700
173
1888
3080
1472
712
2868
3851
3846
3557
1048
1874
3433
1684
1432
233
1346
682
722
2533
1470
2399
769
1388
97
2433
3230
2254
1090
228
3263
2995
629
2543
1121
1986
3111
3619
2429
710
99
212
445
1105
2552
3182
978
1396
2650
3840
2440
2758
1502
307
2067
2760
58
3836
2387
834
1571
1859
487
1830
3510
2368
1274
1180
3478
2225
3067
2000
3472
3715
3530
2403
3710
3043
2873
1083
1194
1349
1781
3622
1079
2620
1714
298
1799
2020
1495
1532
2366
2819
1614
2037
2723
1393
301
3788
3638
1282
2518
2523
358
2394
808
384
3117
1896
478
3404
3560
1370
2880
3503
3709
3778
3379
1878
3657
2471
2298
2481
3325
60
2098
1536
3437
2662
878
3186
1759
1280
1903
3552
1298
420
2627
273
2385
994
2009
3590
3533
2448
2013
2146
1493
3025
3145
2228
1943
1816
26
2922
2204
1041
405
39
2770
3008
3436
1971
1115
3403
800
3562
1576
2398
3895
1955
3831
732
3147
2536
3801
1392
2836
1200
3184
3776
1530
3804
1234
2322
1841
3818
1334
970
3869
606
351
3656
2793
297
1667
3181
3662
3790
761
2986
3900
2418
2546
1591
3279
2715
649
1117
651
3618
2033
3634
3347
3853
183
1291
2841
247
2985
3109
3898
1077
1076
496
20
1559
1929
1028
2342
1844
2028
455
1016
213
537
3079
3566
1775
1248
2257
2798
143
508
1683
2466
956
982
1937
1492
2255
3317
893
2690
977
3800
912
1629
3706
2721
1843
1314
395
3291
2972
807
3864
799
3736
3266
2642
2369
958
1486
389
2556
1360
2030
3238
1480
2018
2435
263
843
3218
1429
1395
2652
83
570
3466
94
1244
1416
2276
3742
1895
944
562
194
3036
312
3782
291
2962
322
1437
3073
1226
960
18
1237
2698
2007
2521
2172
3805
1882
856
3574
1982
1661
2887
3528
1367
219
1026
500
1176
617
750
2900
2002
576
781
84
1220
1681
2141
1653
1766
2118
3253
2563
553
1352
3730
2251
2968
2355
1252
167
2720
1391
2126
3761
2313
2241
2348
1368
1084
528
1678
1797
3195
1517
1365
2506
3056
1390
1181
2206
3471
1442
1806
1751
2053
3531
2076
919
2192
948
2749
3589
784
1640
258
951
3022
1260
2085
2524
3091
3090
465
142
1624
3897
157
3290
3717
1855
3346
2404
243
2439
3890
1488
3487
15
1660
168
573
869
805
64
2060
248
1066
2826
1997
2695
35
3396
2500
346
1152
3759
1704
645
3293
323
2044
1964
482
1901
462
1800
941
3102
787
875
2865
626
3228
3762
1031
309
2103
1665
3798
498
120
2558
2633
667
792
3390
517
164
2734
3810
3439
130
2259
501
1706
2568
2470
3540
3061
65
3206
1906
126
2913
3652
2822
983
1753
3683
14
2019
1870
779
2363
3210
3255
2050
426
403
2378
2768
2097
2084
2670
1565
2914
1710
607
2706
3060
2272
853
2710
1776
3386
612
1025
3856
3338
2221
3084
3886
837
687
146
1211
2528
993
2644
3030
2193
424
2036
2979
2853
2233
3692
467
3896
1198
2776
1124
1254
43
507
480
3579
1275
1082
3278
223
774
3132
1022
847
2160
3213
504
1399
3299
3449
2949
1292
3588
330
3881
1043
3044
1860
3168
3750
2541
3128
1586
2730
968
271
2532
636
616
438
119
1768
2615
327
2851
1455
349
2573
544
3307
2427
2415
2638
3331
2290
3082
1578
1219
2981
3071
1746
3309
400
848
2984
1361
138
2576
231
1287
3854
1954
891
3197
2784
1902
3103
3076
479
396
3625
3643
748
1679
3666
823
1267
3772
3682
2510
1602
3883
2717
281
1509
1165
1761
1191
3224
1195
2803
590
969
1131
3409
379
2897
2655
3423
2657
1643
1463
2341
1055
473
3901
3387
1341
3236
2213
2248
3406
1840
3223
3302
627
1431
3242
2919
3460
3734
3500
3462
2840
997
3329
574
987
932
936
160
676
1262
1377
2609
1557
3385
1184
1822
1196
2621
2870
3323
1208
2281
709
3647
102
2010
3646
2562
3600
3892
3250
2733
755
3126
1632
1369
1545
1112
1610
451
2063
701
42
3687
3064
565
1037
833
1734
1405
286
1654
2958
111
1985
2359
180
1695
2463
3789
3059
3000
1306
757
3626
2575
3048
2178
1096
1579
2884
2023
1178
3532
1335
2490
3245
2585
1322
3489
3648
2551
2940
1327
3099
3758
442
754
2127
2994
1099
601
3163
3780
1326
1109
3605
1210
336
155
2990
867
3119
2789
2401
3718
332
3078
1247
2977
2903
1741
3568
1988
437
1122
3473
550
3865
46
1609
1089
2693
2593
1978
3502
1584
2068
55
2891
3122
910
2337
2480
2310
1760
1197
3538
3284
3321
3159
2814
192
2477
2542
1764
382
1100
605
1580
2531
2446
1372
1088
3696
246
628
2232
342
3659
889
2104
795
698
2745
3037
3393
2377
2842
3335
3617
2961
2267
2507
1977
367
1863
3270
127
959
1032
2719
1438
282
2201
2022
872
62
1461
3301
3354
3508
1620
669
911
104
3576
2586
241
2584
3039
260
2616
1789
762
1864
2287
2426
3847
1758
3582
1947
597
365
1924
393
1845
2625
1996
852
688
3308
1925
1883
2227
1471
2727
2116
497
2364
2105
2212
2208
3773
1136
880
2898
2093
3520
773
3227
3332
1406
3211
1343
841
2805
2014
1743
353
690
2465
3904
2108
308
653
559
2396
3215
2029
1621
201
3157
2316
206
2765
3366
3252
3482
3085
3841
2591
1847
588
1415
3693
1577
1566
3498
2292
2217
3351
2948
3246
3256
3053
2606
3049
3035
394
1062
428
3445
3448
3632
3768
109
3165
372
161
1891
2253
