66
361
1787
215
1161
3427
2379
851
2308
3730
75
550
2042
2844
2299
3330
316
3483
3865
321
1819
1620
997
1098
2519
929
3798
1973
1407
2674
220
3096
467
3557
3445
2708
2978
3256
2360
2797
1596
2993
301
2396
1866
2843
3019
252
49
2712
1205
1489
3058
2694
1880
3416
3118
3240
1555
3310
3840
2348
3613
1761
1281
1692
309
3495
589
579
1314
3159
2369
3302
2125
1722
3204
2288
1763
2279
2229
2774
2967
2900
2145
2926
583
3025
3357
3088
1735
1516
907
2476
2018
1482
3193
3068
259
3811
2367
2935
484
3075
3189
1072
641
217
2553
357
1094
2069
1020
1028
1642
2374
2944
3858
3214
2554
1418
2786
2473
298
1609
2559
1388
1138
1304
2322
178
3198
2906
2244
2488
1652
3257
3431
334
3052
991
1922
1018
1797
2463
2032
944
3577
2998
3487
3586
3550
999
1892
3467
3688
534
3711
344
754
1983
419
299
3410
3140
3092
3625
783
2930
625
3104
2054
3799
3239
3403
2916
2745
3521
3222
165
39
802
236
875
3228
2716
1826
1427
2222
3531
288
2984
466
1873
833
2597
263
2922
3498
2902
2828
1730
150
1825
2567
899
2327
1637
2823
2208
2636
985
2386
1254
3632
616
415
132
3646
2702
406
1447
2579
3323
242
1871
2897
2154
2003
917
2368
506
2314
2082
84
2258
663
2357
1367
3034
1172
3029
479
1257
2422
3702
1116
3621
3043
2201
1063
3821
1141
270
577
2946
1675
2809
381
3724
3241
324
2230
3551
512
194
2206
243
1382
1847
1690
786
1335
2078
2968
609
2866
3026
3154
1002
3324
3208
725
543
2655
1697
1238
815
3083
1522
447
1781
3229
3726
3873
412
3626
3612
3221
2002
3775
2424
1864
2588
771
2788
371
2582
1152
1212
1217
3069
1317
1621
457
871
2388
857
2099
3079
2510
1207
3293
3790
3827
59
2225
3707
3555
1296
1904
3697
699
1766
3224
2044
603
3351
1076
3661
847
1809
3501
3101
3469
2961
131
1012
110
3076
1282
3667
2840
3907
1242
994
2274
3543
2033
2055
3070
2311
1979
3520
1416
58
1890
3541
1308
3435
1679
1191
2577
719
2129
3281
2387
302
1363
3065
1991
3006
2520
3516
2134
2300
795
2771
811
1214
2021
394
2398
3617
3142
3779
3671
2005
2160
2813
3855
1507
157
475
865
1215
615
781
2608
3231
1814
1805
365
2811
376
507
3835
79
764
1783
198
262
913
2001
3496
2332
2912
2641
2544
2794
676
206
827
2908
3418
2484
2660
1852
470
3338
162
2749
1935
2714
727
574
630
2888
2863
1959
3202
2081
352
3714
2928
1715
3363
2161
3126
3482
605
2497
499
440
882
3478
1748
30
3683
271
3519
3373
3610
1054
823
2953
1149
1587
193
2757
3868
1150
2231
796
3647
626
3012
752
17
3691
3657
2176
623
225
1450
76
782
1376
1550
2555
1350
3912
2445
1674
3597
3845
1252
746
2106
1644
1338
2985
28
1459
2570
1135
2305
2566
1024
2532
2638
1992
2527
1946
2496
4
2071
2205
695
1311
1163
308
1101
2825
704
3066
2690
2646
2634
3379
2236
2130
2827
2933
1742
3869
1115
314
1853
1160
2245
2869
524
1056
461
964
594
3289
2601
32
2764
2091
156
41
129
1339
954
186
585
3851
3645
3705
2355
3368
203
1975
2400
2801
816
1713
2760
2268
1877
3472
558
3138
780
502
2754
191
1582
2417
523
1921
3685
936
3484
1889
1773
1712
3527
2807
2028
2516
2083
3232
3182
2344
2976
3399
487
2512
1393
425
2982
1466
2124
3372
1428
2991
3370
2565
1720
3530
876
2164
636
90
3637
672
657
870
29
2756
2720
2776
2770
2593
703
2915
2685
1158
2156
2307
604
567
68
3793
2252
2163
3771
3502
1655
403
1891
127
1378
2612
933
3770
2549
2787
1565
1843
65
3344
2118
3185
1893
2876
532
2358
3916
2172
2743
370
7
904
3266
2453
3891
1653
3558
3507
1218
3908
1040
2772
685
3701
610
686
374
925
1302
1364
2110
460
1026
825
1021
1952
571
872
1068
86
1535
1857
1167
2365
3824
504
2260
226
2277
3910
401
175
2440
614
2853
3390
266
2947
3380
3056
1228
3725
1902
42
618
3122
996
1727
2015
119
756
2025
3275
2415
849
1180
1588
1896
1686
2972
3819
738
2397
2183
666
2112
476
3186
2814
2470
2483
1298
1571
2795
2643
160
10
637
1916
359
1993
3906
2339
3173
2128
2697
1595
2989
1616
955
1633
2088
1988
389
3803
3461
3698
2107
563
893
2506
1434
1910
1560
891
80
3759
279
1900
884
3262
2102
169
3428
1899
2893
968
2704
2552
900
2907
3532
1636
104
2775
2187
221
3127
644
3788
2383
608
1708
3014
3353
1691
3426
1085
3598
326
2471
1275
265
976
1424
1668
692
3311
1728
2909
951
500
332
3766
3717
3045
3704
93
1660
3269
197
1039
1492
3
1830
3306
2789
2136
3362
928
1184
3170
3329
3735
3414
1953
1263
1111
2732
3575
3265
3582
1233
420
1341
3136
2293
3300
1710
806
2954
2858
2585
1412
1331
1756
2594
1196
328
1042
2448
2808
696
493
1471
1087
1511
1127
841
803
2199
2075
3630
306
2392
3488
2668
1538
438
3283
3454
3737
3742
2957
1102
2753
1640
3001
2624
1082
3341
1580
1977
1081
515
3548
1529
1771
2767
1696
1689
1032
1464
3815
3791
2171
435
2410
3743
2011
1366
1801
3263
2871
3602
2070
690
1808
171
1132
3652
1473
1340
1234
582
1344
3439
1860
2074
3590
3679
494
2748
377
311
3669
2304
179
3091
1083
2038
3249
840
1915
1687
1976
1432
776
3765
1800
895
2942
3748
3381
3914
670
1969
3886
2076
3727
1546
2599
3829
2204
3616
1092
2188
3485
458
1210
760
51
2988
3585
3158
2883
1209
1729
940
2741
2250
2687
1346
1144
2996
750
431
422
303
1034
3563
2956
3406
3533
3343
391
452
3178
3609
2625
3360
1108
3680
331
805
2142
209
2766
3852
3802
912
1498
1305
3290
1476
1110
3124
2432
2951
1077
2994
1960
1322
14
1496
1844
3376
251
1870
540
2569
2291
2436
3880
60
1441
1146
1258
1942
1216
3860
3284
2653
16
1001
734
1462
1513
2170
942
3391
3884
1945
689
3716
1506
2416
2818
769
2617
1649
836
3342
1624
2932
345
3599
3622
3673
3808
570
3253
2929
413
960
1823
953
2433
3744
1574
3676
1201
2848
1474
2454
2119
2446
3346
3792
3604
755
392
2294
474
2680
2917
2800
2792
3109
1031
987
1052
207
813
2765
941
896
3871
2859
880
3054
963
3303
2522
1484
141
3606
3395
650
726
800
2777
1541
546
3867
1777
269
919
1401
2870
120
1579
1300
2707
427
1553
1125
3781
176
1155
2269
838
531
864
495
339
1551
3460
3539
24
1017
1316
1437
1941
2395
2898
1395
1030
1449
1422
3028
2880
3296
592
923
283
1784
72
1759
3804
3434
1706
57
2419
1694
3264
1463
601
1643
3764
2173
1834
1829
1109
2713
2628
2850
2256
3385
2830
3005
3087
667
971
285
850
3023
3786
3747
1329
1230
2371
174
2824
2940
1192
1743
1377
1534
3734
304
2043
1104
315
1623
1256
3359
3470
1255
3767
2349
950
3112
3493
586
1523
508
862
2737
3157
828
1997
52
2958
1197
1493
1627
2925
785
733
2285
3662
2331
318
1271
2302
348
3689
3294
3115
1014
1
451
2692
2190
2131
1634
2149
375
1792
973
3710
287
396
2000
3758
3856
2719
1410
2345
3319
2992
3631
653
1835
97
3183
3049
2213
2535
2845
3322
256
3405
2955
429
204
1932
2918
2806
720
3051
3409
632
3706
3116
3282
1549
2442
3171
2725
2273
1478
3042
1747
2390
1611
3100
2143
2090
2479
278
839
1875
3400
173
918
701
2162
3141
3196
3806
3674
2526
3580
2739
2537
249
956
3777
3365
866
1119
3713
234
3041
770
335
1650
1005
572
177
2289
741
1053
3392
3915
3165
2642
2699
1362
3433
133
1519
671
2031
1064
489
2819
3071
2970
761
1984
820
3583
3230
3536
2995
444
1613
1136
267
1719
1537
1520
2722
959
1385
562
208
2751
1856
1409
1858
1278
2227
878
3500
2351
3166
184
3729
3250
2515
1552
280
2315
1325
227
1996
3397
390
2234
152
1479
710
2662
3254
945
3223
2591
1501
807
2528
1236
1936
1185
2710
1527
3842
3768
2009
2513
1778
3168
3139
593
3754
1705
56
3700
1439
2039
3526
1259
3825
372
3514
64
3728
655
2338
2283
2320
2047
1703
693
421
218
436
1131
2575
3570
2648
3235
112
2094
2981
2197
135
2573
282
1404
1711
1795
1284
3457
185
34
3335
2282
3761
2461
2438
3619
1188
3000
3040
3350
1947
1386
1334
1859
1027
1530
2185
3879
2169
1604
21
665
214
1994
879
1577
2061
3163
2610
281
116
2574
2259
707
2999
2877
2959
1287
1458
3511
2292
3762
3796
1867
2678
1605
2408
3315
1842
3752
3153
1199
1438
2116
1187
1760
1510
1411
1630
2949
3635
3169
388
2072
472
513
1494
85
1084
2178
407
307
290
1402
886
691
2375
18
114
2762
2272
2578
3675
2364
2613
2281
757
2378
3308
3807
1267
98
1013
3857
2122
1486
2890
2894
536
3658
3334
2137
705
2267
2049
784
2217
2443
1738
731
3628
2063
3753
855
2688
2798
1292
2524
1753
130
681
2412
190
189
1876
821
216
763
2429
2200
3098
1790
1791
3298
1306
2389
520
3398
1336
2303
384
1512
223
490
1548
1929
728
2548
3277
153
3417
2979
3600
2715
3201
1079
3474
1274
516
3841
2420
2159
1229
2782
12
794
2864
1923
1179
1851
2232
2399
1518
3008
549
2263
2587
822
3305
3233
736
2791
2913
254
1666
2919
3591
496
1927
1008
1050
1470
2504
3636
55
1283
1944
1044
3882
2220
3774
1318
1113
2518
998
1389
2665
229
2423
286
553
2050
1326
628
454
393
1417
2482
2862
3415
1260
1504
1245
3837
3197
1985
527
2683
3464
901
3419
2207
3896
2810
3412
3601
984
3175
3801
3450
1670
82
121
2
2431
1785
2334
528
2347
3517
773
3486
1354
2052
1559
62
1695
2529
3634
924
3639
482
2654
3267
1811
1483
2382
1897
3420
3358
535
2815
1751
3203
3795
3607
580
2462
2235
3085
1698
3244
2847
1253
1617
1762
1313
1235
688
2068
1707
2865
3505
903
3569
1887
3861
1612
1181
3200
1142
3021
2659
2693
2407
2402
1477
448
1882
1680
677
1594
1833
3687
1868
2265
980
700
87
2783
2885
1950
1065
2561
3890
2616
2194
2711
2447
2403
3769
1046
2064
1804
2329
3279
1047
3039
2026
2372
36
898
1080
2346
2121
1371
3466
1029
2109
469
3814
606
2673
3449
683
2790
2963
115
3889
3465
914
1241
1767
2113
1276
3080
3210
2706
1678
3510
2066
2335
463
765
1972
2464
1648
714
1166
3367
1796
1093
1060
3504
3047
911
2669
3455
1398
537
1000
1431
99
134
468
3571
1022
37
3382
1075
1503
195
1954
591
1294
3900
1839
3121
2878
322
2834
824
1443
790
3848
244
313
3273
1010
3715
2051
2450
416
137
1415
3556
2779
2785
3509
2115
1782
743
2679
3312
2439
3784
1193
3299
3699
1930
2934
2718
111
2523
646
94
511
2059
3017
613
2621
3333
1122
1168
1442
2414
885
3620
978
1183
2631
1147
1175
1665
3534
548
2990
1381
1908
2478
1390
2501
649
1272
1452
3110
1881
2340
3020
2179
1803
759
3452
3475
1323
751
1878
2086
3648
167
2475
2257
1099
1058
1999
1556
1740
979
2547
2619
2868
2796
935
1203
237
2191
26
3818
3479
1279
188
417
2895
669
2444
224
2010
498
3063
2404
1107
1074
1848
3540
46
45
2468
1435
1277
556
2343
1794
2342
2936
2085
3894
3259
1502
3441
3286
3236
1379
3453
471
2117
547
1961
1143
3568
2879
1086
3067
656
1130
545
199
3444
180
2891
1154
1096
2667
525
638
3015
2241
2095
860
2330
1033
3225
2138
3103
2503
2022
2393
3181
684
1765
2727
2057
1515
2098
596
934
455
1989
2318
565
2600
2592
2023
292
2477
1293
1273
2839
3624
1557
1917
2012
2029
679
1169
1658
1816
3810
1009
2384
2802
2509
13
1248
1821
2184
915
1562
2212
629
77
2151
3489
1457
2724
1657
2812
284
8
3349
1980
619
63
2983
3902
1638
1089
3081
1365
3893
2218
2146
108
947
1508
1986
109
789
163
2008
385
526
1682
1332
3251
1337
1664
2017
974
250
1036
1774
1090
1019
1898
3050
986
3179
3562
305
3695
2882
2278
1606
3095
2975
1265
2434
2441
837
2084
2804
2058
3579
3248
617
1006
897
829
3512
1744
1526
19
3347
1186
1628
3383
1721
1204
3205
853
2817
3440
2861
2165
246
3911
3573
3162
378
1832
1863
3458
1421
3746
1806
3255
2120
3086
33
1925
3776
791
2598
3654
1461
538
817
1375
2108
1585
1591
2831
1345
486
3369
3709
1015
1561
2768
1924
1793
3538
3261
1327
2836
2867
2469
1226
96
723
83
485
53
1914
2603
1285
3874
3061
2945
1165
740
3160
2467
2911
1198
1775
336
128
3038
745
1223
3018
325
568
219
3084
2262
3560
3407
2763
255
3785
1885
3125
819
358
1978
3004
2449
1208
481
1270
2677
581
159
1656
1629
187
2750
2356
3649
1635
27
3114
1610
1593
673
2097
1190
1663
245
3693
1886
3481
2899
1749
3518
2742
397
1369
3332
2846
3787
3356
995
2709
3413
1016
2411
2841
635
2202
1854
1894
2401
2317
1121
327
967
2872
2290
1112
3703
363
3684
1067
2013
742
1912
1128
1676
1603
2670
2622
2703
3603
607
3318
590
793
1901
3651
3337
2820
3899
2132
1812
2887
105
2686
1770
1845
3447
2489
497
459
2923
2048
2321
1933
1174
1990
67
2380
3195
253
366
2007
1846
2924
2639
2602
858
238
977
2211
612
1038
1414
1602
3287
3352
3213
2485
2480
801
969
3211
946
3832
620
1943
3615
3192
1831
47
792
3274
409
3668
633
3522
1824
2493
368
201
1200
2181
2037
3143
3090
411
323
3627
3593
3895
2266
3638
155
402
2133
1231
367
3218
3732
1286
1966
3217
1349
1490
972
3446
1342
694
1499
350
2533
445
3659
2943
863
2672
1817
3243
2832
2105
758
2366
2421
2233
3429
718
2649
2193
261
2822
2135
3843
3576
3909
2684
1918
1426
3206
296
1243
909
3876
1310
611
3180
1672
3633
3492
713
125
2980
480
948
3174
70
3252
1903
2856
2373
2540
3172
1662
1420
1290
3905
3317
1632
3773
3863
1480
15
3436
3904
297
2326
1584
1589
3491
2623
659
3503
664
510
965
1920
2377
3549
1907
3525
124
3152
354
1353
3032
809
3191
1148
3064
3442
1469
2560
1303
2425
3497
2875
1240
2020
3432
3424
5
2799
602
3024
1769
3237
38
3036
2296
3316
3859
3394
2626
2632
753
3117
1597
1429
1106
1237
3903
399
587
1799
2487
3849
248
1078
2492
23
2459
2700
2210
621
2221
3696
1250
2904
3366
3506
1545
71
200
1525
1563
3207
3055
2406
2973
682
2507
902
3750
2223
2541
3528
54
3421
1879
1934
3782
3148
1280
729
1219
1358
1481
1288
3749
988
2405
351
1699
1524
3839
2534
88
712
1909
274
2997
1126
3145
2413
3797
349
3783
400
456
2974
2056
2530
3623
1509
1301
3476
3817
3423
1964
2752
1576
2036
2195
3524
845
1224
1399
1813
2363
317
584
386
2027
560
3271
2148
711
320
1299
1170
2941
2676
443
3105
982
3355
1475
142
3150
826
2168
2620
2652
192
3276
1182
1599
859
1607
2312
1938
2361
2295
3073
2937
22
3393
3339
1772
1569
2728
50
1598
1380
147
3629
405
1453
1195
541
3812
2428
2758
2595
1460
2511
25
3596
1123
652
634
1683
2551
2589
3389
118
3097
1911
1392
1995
2328
0
3188
2240
569
938
2633
2805
2696
3133
1926
2568
2276
883
3670
138
410
2457
2833
3288
3268
1951
3565
517
576
404
931
916
808
2755
2761
1581
3404
2385
3708
2237
3113
2914
868
1059
2427
778
3220
2731
414
2209
831
3731
958
3844
430
3663
2306
3119
3552
1206
432
453
1211
1731
3883
2261
3146
2316
1202
3778
2157
1600
3581
2580
239
1368
1454
905
2333
418
2198
2734
3809
573
347
1011
210
798
2499
1307
89
395
3718
1043
3653
721
2851
3270
3828
1906
1716
3386
1491
2087
2248
539
240
739
3831
2645
1724
2663
1176
1754
462
1681
3364
932
3490
522
230
1173
2921
3745
856
1037
3131
117
3272
2539
340
1820
1688
1764
3430
835
1268
2286
2531
3396
3559
2062
3345
1521
3292
235
768
1822
1045
1669
3408
3132
3037
3870
2521
2562
2746
213
341
1330
1614
2525
3309
231
424
3574
2352
260
364
877
654
1586
1194
329
804
2611
2572
1737
2854
645
3513
1931
578
2884
2336
3010
3608
1071
1667
3547
3756
1677
1714
2153
1225
3826
2726
3722
1413
373
2381
1394
3327
1114
1177
3741
2313
2472
2275
3721
1446
503
2581
2495
1433
73
888
2104
2100
1701
1970
2239
3089
1752
144
2077
2505
1445
1940
1704
674
600
145
369
1913
2658
3326
3074
2738
6
2297
11
2769
989
1405
2901
2490
1958
2656
1639
2986
3473
2254
2203
2114
2938
1357
3523
1448
333
3823
2723
2251
642
814
3130
3664
1626
43
843
154
2127
1025
383
140
1566
196
1436
3468
2498
3156
1049
232
3572
1786
3258
1467
1987
3209
106
3643
1485
423
1178
2080
3463
2627
3881
1836
3614
949
2247
3594
182
342
2060
2394
2517
1007
2780
2604
1157
48
3588
1055
1849
2465
2486
992
1776
2310
241
1928
330
1035
2747
3913
149
1963
1262
735
1105
3564
3022
1971
2324
2494
2691
842
2803
737
1583
775
40
3129
1343
3177
44
2455
1815
478
1023
3151
3499
867
1837
3640
2435
3595
2246
2319
100
2892
1145
360
2301
441
861
2270
1544
1495
3471
3681
2034
3128
3757
788
2920
3578
1646
2458
2502
3712
854
3246
2730
3354
164
2971
2180
2927
772
2987
275
3888
3134
3763
762
3800
3093
1965
20
2596
661
3401
564
3011
660
787
3720
2729
258
2635
1673
1440
698
1517
2287
3437
2325
1647
697
970
3260
1423
1974
892
599
554
1536
3059
1568
3176
687
3046
910
3544
2514
961
2079
3836
2546
2280
1041
1949
2860
1807
1061
2966
1746
3078
1333
465
1164
2977
2829
2391
1618
1097
2053
277
2155
2826
1355
812
702
3304
2556
2939
2606
3048
2651
1370
3854
1671
869
1967
2065
3864
2096
276
1488
294
3642
1641
551
483
3494
818
1725
3077
1532
3892
1189
1137
2873
1861
2821
1818
2158
1968
2948
3477
722
2590
3850
91
3666
724
442
2586
3155
709
2837
2045
678
382
1220
1406
338
2744
2576
1543
2147
2430
312
2637
2249
2226
1542
2123
1153
3456
3313
2571
1468
1139
387
2682
78
1558
3107
555
3062
1570
3780
69
966
492
2640
1659
1755
1981
289
2896
3295
2016
2500
2474
1789
937
1232
3535
2214
542
2196
3794
3215
3102
744
3917
595
2538
2046
92
1455
1841
1451
3348
2341
3099
3846
2284
3885
894
1356
716
1838
233
1361
2773
107
2784
449
2426
2778
2910
3226
3755
2740
3546
1554
362
433
2243
446
518
2093
2370
648
3375
170
1757
2006
3094
146
3650
957
3567
1309
3834
675
81
1619
3336
1788
2615
74
952
3537
2558
848
426
1779
1592
3007
2152
1948
2144
3820
2609
1684
3411
1171
2359
715
1324
2618
1239
273
3733
3291
3772
930
975
2092
2661
2255
2491
1140
3149
3212
1003
1741
3044
2542
2550
2793
3285
1004
747
557
2167
2073
211
852
3866
9
597
1564
2952
1578
183
166
3053
161
1732
2889
3297
3194
662
3387
3618
488
749
3847
1487
2650
2111
3878
3190
450
1118
3566
3314
2126
1251
355
533
2664
2376
2695
3872
3384
379
1723
2563
598
1129
3216
943
2835
2350
1374
2849
3760
779
2166
212
830
631
2508
477
2543
1222
2816
3592
906
3108
2298
2354
2189
668
561
1905
3529
889
356
2215
2736
774
1661
2629
530
1939
1827
3245
908
3660
3656
748
1750
102
1855
2735
1810
2216
3247
3219
143
1884
2101
2671
3137
95
3655
3665
3677
151
1828
3587
3238
939
2030
3561
2175
1095
473
2174
123
3740
1328
300
291
1352
505
627
2717
3838
1998
890
1615
730
337
2644
1295
1372
1895
766
1247
2186
2965
1514
1717
3719
1955
1133
3739
3371
1547
439
3135
1066
2852
3187
3686
1631
3443
319
3644
2409
2950
706
2931
1069
2024
103
1347
1264
172
717
3280
3678
3030
927
1373
588
1269
1957
1780
3016
257
544
2362
1734
2855
3082
519
2418
3361
832
434
3816
3542
2905
1387
1244
3877
2253
1608
624
3402
2545
1091
1249
2557
3813
2564
3057
2014
3611
1500
3301
3422
1654
1937
2451
2698
921
622
2536
3123
2182
181
3833
3690
3161
136
1645
61
990
1408
1396
1360
873
1919
464
1124
1625
1315
139
2337
293
3031
810
1320
1531
1883
2150
3692
35
1444
1266
3589
1103
3448
2681
3736
2437
3307
3003
566
1465
2140
295
1802
3072
1840
777
1073
2264
343
2004
3545
2605
3164
2657
2584
3199
501
2456
2019
887
126
247
1321
926
844
639
1117
228
2857
2035
2242
3234
2838
268
380
680
3242
1213
1693
1425
509
491
3805
1700
1888
1745
3377
398
2969
1227
3751
881
874
732
2960
552
1048
1575
1384
3605
1572
2607
529
1261
1726
1651
222
3388
3694
1505
575
353
2353
1383
1397
2139
3897
1430
3853
3875
1497
3111
1540
1159
408
2041
658
1567
1348
1872
1088
2481
2067
2964
1865
205
2141
264
310
2309
1982
2192
3553
2647
148
2705
922
3425
113
1739
2177
3830
3013
559
3278
3320
2781
1359
1798
799
1456
640
1162
2903
1533
846
1590
767
1573
2452
1312
168
1758
3789
1850
3340
1685
1120
428
2460
1956
3378
1862
2228
3106
521
122
983
2874
2689
3459
1351
1539
1062
2238
1057
1874
2224
202
1297
101
1100
3451
834
2886
31
3147
1400
708
1151
1702
1472
2089
643
514
3641
1528
1289
3672
3120
3328
651
3002
2675
3374
3438
3184
1718
2466
3325
272
3009
2103
920
3027
2040
2323
2583
3862
1869
3321
437
3898
1419
2614
3901
993
1246
2733
3480
1622
3822
797
981
2666
346
2271
1736
2881
3033
1051
3462
1156
1962
2842
1403
1601
2759
1291
1733
2701
3060
3144
1221
3227
1134
2962
2630
3738
1319
3682
3331
158
3508
3167
3723
2219
3554
3584
1709
647
3035
1768
1070
3887
1391
962
2721
3515
