1469
679
3462
247
1896
443
847
662
2753
2032
1842
670
912
2389
1601
1558
3342
3643
483
1500
53
3559
2961
1126
200
807
586
1358
777
2541
2722
1673
2645
2834
1225
1468
1589
3193
3411
2691
2635
2263
323
823
2899
2652
3078
2357
2424
3275
1137
2911
2234
3672
3469
3844
2477
2846
2399
2488
3237
3908
186
304
1418
2937
2695
321
1569
561
1637
2534
521
3234
1944
901
2285
3618
187
2183
915
2315
3297
1791
3791
2533
2450
225
1641
3891
407
3399
595
2660
3828
2638
2537
1740
3679
1695
1284
3290
1422
2053
997
173
113
3098
2247
2708
2733
2821
522
2792
2489
381
1832
2631
2150
2479
1711
1300
1526
949
1237
3528
2266
763
3593
3154
940
2772
1952
927
231
2228
1018
2383
302
3144
2892
2068
982
1777
2567
3478
3426
1900
1095
955
1065
1496
3871
120
42
1960
3605
2655
1349
3522
3561
1977
774
2996
643
2388
3139
3460
1703
2088
3345
3694
3654
340
1014
1663
11
3152
221
2307
1961
2310
1334
254
3044
1228
1621
1670
2525
3424
2586
3099
2452
38
138
3046
3766
938
1689
3086
818
1337
1501
1160
1247
2615
3445
1275
779
2016
3659
2122
2125
19
1226
2365
3444
3632
127
1882
1758
1733
1071
893
1213
590
1429
1425
911
516
37
2151
678
2625
738
467
3292
306
1599
2723
144
3009
471
1257
1838
408
1344
2689
455
3783
2624
2700
548
1555
289
3876
3146
2262
3557
1610
1552
3121
2428
2970
3033
2623
3227
209
2693
1517
3151
2981
3776
1725
2529
1216
524
3085
282
1854
126
3432
3296
1036
1332
3224
2048
2043
2390
3713
2039
3611
368
1802
3320
3911
2061
2226
1044
1901
2120
2773
647
920
1525
338
547
193
545
3309
1024
1028
1221
2341
515
3080
1718
350
2268
3718
1876
2592
687
1271
1877
3316
996
2835
1596
279
244
3865
507
3835
1530
2208
1466
907
729
2913
1761
436
263
1039
3352
2107
245
1193
1135
2721
831
2469
2657
3021
1029
1450
3283
513
2060
991
961
2233
3742
1238
2087
788
1713
2433
51
277
2665
3313
262
3840
1457
1950
3447
2494
3147
3199
2720
2960
583
1864
2511
2599
3194
3568
886
2818
1169
2082
3264
2823
2556
967
830
2096
349
3276
1945
441
2023
3241
3325
116
497
1050
1781
1776
846
2176
655
3576
1618
1208
3577
3685
3789
2483
2131
90
978
2552
2141
18
3061
2869
1380
3362
3057
3609
3091
2329
1564
1355
437
600
1948
2192
478
3513
1008
3841
2666
1164
803
2583
219
2022
2539
902
3443
3359
3826
3870
1729
2353
435
1660
493
1710
2715
1091
1953
882
402
2449
2870
1631
1153
1323
1075
184
1175
1279
2716
1101
1869
442
1763
3353
319
1366
2209
2750
691
100
1191
2062
1688
3630
2172
2381
3214
1147
3544
3115
1871
745
291
1220
2034
1261
3514
3326
382
2144
2852
517
1691
110
1152
76
2411
584
2503
1674
974
2851
2299
1267
229
189
3897
264
2460
456
3464
986
2738
3714
2071
2081
2763
3545
1082
3182
3073
693
1755
2212
238
604
1810
667
1671
3832
112
3218
52
2526
248
833
2972
722
747
3258
2244
1959
3751
3813
379
3728
3134
3915
2400
1288
3289
285
2267
1938
538
80
2998
1100
3385
1628
2064
3315
1933
156
2558
2698
1290
896
1048
1588
3329
2304
1443
2171
635
2098
426
1829
3207
2090
1278
1559
656
574
2993
423
1579
2686
1232
1708
1199
701
1750
2690
3448
351
2219
3816
636
2370
1031
2256
1969
2910
2976
1646
2467
2342
97
3843
1192
1259
2944
2306
3856
2291
1611
2817
552
465
1224
1590
1442
1163
3700
3599
1180
3198
2133
3656
1629
3909
1757
748
2054
3371
1872
1544
544
1423
2280
2222
169
451
859
3527
1307
2797
2918
3580
3515
811
1350
913
2688
1783
1222
3112
3716
1576
3459
3705
2783
2132
3450
3859
1508
3069
1665
860
2112
1052
3340
3187
457
2925
161
1190
3107
1302
2600
3778
1692
3185
278
704
2605
1461
328
669
1966
2349
897
3731
3077
1518
1000
1223
3236
2804
2327
1654
598
3815
2169
316
3051
1201
3167
430
2604
212
422
2621
3117
2425
917
297
2294
1395
1638
2927
2706
3184
3595
2019
1722
1973
658
624
357
1121
2250
1519
469
1712
2328
3555
3641
3875
196
3330
496
3376
3805
2992
980
2876
888
1089
2077
1918
266
3168
2377
3642
3378
2
2049
2581
398
1894
1657
63
3720
1348
115
3384
849
290
2930
637
3269
1068
1200
3569
3508
1325
2845
3104
2769
479
2509
303
2089
2052
3532
295
459
824
1681
1416
3461
1037
2550
424
3665
2607
1403
129
2204
1493
2543
3795
2782
3539
2097
24
565
2812
1361
3691
2336
1460
1454
1291
3251
305
327
2663
3621
1397
1906
475
3846
2050
2793
3702
2194
1672
948
413
3661
1717
3415
1513
3692
265
1917
462
750
337
1254
1743
2861
1698
1899
1393
2210
576
1414
386
32
2681
2942
1115
3323
50
322
3487
1728
2200
345
1568
3230
1381
273
2179
2697
107
2273
2067
2995
2345
3030
151
1972
3877
3535
2572
953
3556
3873
1253
501
2820
2227
2767
3013
3226
1022
9
2590
2803
1734
3586
3507
1401
2664
3785
1759
2579
1330
3817
1612
3222
994
1514
228
944
3531
2457
3647
3793
3324
1122
2451
197
502
3437
2301
3332
2272
2569
3357
203
3818
3769
1308
1231
1721
2058
959
1799
1706
2196
1687
1083
1139
3651
3894
1098
2745
3676
2152
2482
3475
1585
2644
1465
3768
1108
2344
3575
883
862
1451
5
1716
3819
2184
35
1309
1246
2554
2415
1624
2158
2559
307
1264
1934
1405
48
1565
3271
2006
2674
2802
2914
49
2427
2134
616
2757
3174
1480
3350
3734
1852
560
486
86
625
1365
3365
2215
3255
2843
300
3773
887
1321
2485
804
77
1856
1385
1780
2842
2129
2646
2632
1986
1835
83
2578
2324
3232
1677
983
44
3852
1251
1276
3067
1537
2309
1258
3895
599
3393
2253
400
1158
1079
1946
2276
2186
2928
1870
3745
1292
3807
2167
25
2437
2680
296
1150
2608
2965
1298
2606
2443
1194
3219
252
2610
2710
1848
3336
3900
2764
2963
2094
3417
446
2603
2419
3808
1744
2939
3433
1009
1310
1412
2522
3723
124
979
2360
3874
223
2185
333
3074
3663
2073
2594
866
871
474
2871
1141
535
3570
3463
861
3427
2258
1234
1470
1227
416
2921
1754
605
2500
993
3668
2170
2872
2168
510
1578
2339
2108
1431
2136
1793
3640
975
1536
2596
3542
2434
696
3150
93
2149
2703
1492
43
1915
2922
2985
571
2265
3019
1633
680
1070
98
2164
136
1136
2330
3582
2114
3243
2148
1598
3252
1930
91
900
905
581
104
293
2454
3054
3725
715
1084
1498
3485
1471
1817
3698
3109
767
3422
2130
125
527
1285
480
2917
2627
1239
3190
1316
2735
1981
2384
3662
2504
1015
785
2065
998
1212
1383
2969
2361
1825
1371
3351
1767
1632
1702
3261
3860
880
364
892
2421
3581
3285
3369
2056
3763
1168
1019
2587
1424
1245
3257
2432
1843
2269
2952
1473
1699
3003
2051
335
2461
1531
15
1715
2573
894
2104
287
1678
1613
709
1413
2455
2858
792
3655
3804
131
673
921
3263
3683
3537
1642
3140
2765
2668
2012
3176
2146
94
856
1591
726
3022
119
1236
593
1962
591
553
1592
3470
1885
283
2283
3213
3500
2524
1432
2863
623
1512
614
2015
1058
1593
2758
568
466
3523
612
3546
3456
2408
2790
3136
1374
2907
1449
1954
608
172
3229
1563
1123
3373
395
889
2659
3293
2781
3377
2362
3861
2895
2495
1002
1982
2577
2395
3169
2476
1280
1686
2047
117
946
1830
1240
1644
1233
2785
799
179
1484
945
3631
2055
2728
857
298
242
3063
3015
1682
3055
968
1849
3664
3830
1690
1057
1926
444
3242
2561
2497
1630
1129
2853
511
1779
2810
755
642
686
3132
2612
556
2774
2813
1697
1846
2507
962
3538
932
130
580
2662
260
2123
2890
619
1148
68
2775
2105
224
741
931
3803
2948
1617
2669
431
1524
1441
3466
3907
3028
1394
261
985
3675
2819
2634
215
1407
27
677
1913
2069
2984
2378
2836
2746
61
3135
3591
2084
1458
281
1088
1839
1415
64
2366
3040
787
2470
3499
1452
2881
1143
2737
589
1635
448
1343
3882
2565
57
2486
3186
1438
3903
1647
2548
102
1955
259
419
1295
175
1534
198
2777
631
1110
3130
4
1357
1737
2085
1623
2582
2580
965
1379
2916
2759
3231
716
1183
3610
3211
620
1132
2523
1914
3534
1709
3355
2368
3855
3238
1376
2491
1463
2490
2726
1770
3298
3119
2484
2312
3370
2639
284
2270
329
3548
2199
1042
1373
1614
240
2749
1080
539
1125
1007
1041
2553
1327
2967
977
3037
697
2896
1992
3295
2018
1185
1138
2893
2742
2563
2057
890
2636
66
1124
3400
783
2557
3106
2347
320
3851
648
1411
3740
3026
1440
339
526
919
3627
2030
781
2159
2864
476
1639
1013
445
3212
135
1511
1997
2243
3622
1335
3501
29
2101
2865
2866
2671
2093
771
2444
3217
314
2448
2877
1114
3256
865
2518
712
373
3452
3280
530
3799
2165
1696
1478
1787
207
3001
2363
3492
1256
488
641
1171
3829
960
3883
3711
2808
2412
1857
3754
2885
1595
730
1947
177
916
577
630
1562
2778
3872
1384
411
732
2406
1510
450
1027
3170
3041
3590
1790
2544
934
3328
2355
134
1322
1170
3715
1151
2501
3310
2999
1455
1172
789
1963
918
1074
2367
1195
613
683
3709
160
1051
406
3014
1092
734
3901
2189
2699
336
1727
3529
1751
908
433
2099
1156
246
2298
3171
2679
3601
3563
2402
461
703
3312
713
1497
2063
1560
2962
1903
1995
1077
2954
1273
362
3262
3880
2936
1477
531
3029
2423
2296
1837
2833
1506
3128
210
1464
3403
3339
417
1809
718
1340
1752
2195
3729
3380
276
3858
2957
3260
2414
158
795
2429
1867
2602
2919
1912
2811
3786
2906
2238
2945
786
1893
2538
2932
3228
2251
1980
3682
3810
1269
3755
3825
1181
1771
3018
3536
1804
2153
3893
3321
3749
2521
2740
2555
2566
1798
149
2546
2502
3867
1820
87
1182
271
1326
92
1035
3157
3796
3068
821
2784
2779
3657
850
2739
155
3606
2975
990
640
3820
3436
1606
2653
3760
3204
2637
3765
1714
3418
543
984
3274
2855
2990
2950
3153
1785
1602
2547
3550
3180
1094
2611
922
3240
751
2009
1293
3495
415
3405
775
2394
2955
1853
2672
2279
1346
2478
1166
674
3735
3671
1834
2982
1317
3824
3394
1622
3322
1806
2163
20
67
2923
3408
3032
3277
28
1375
251
1861
132
692
3045
794
453
233
3302
3268
1760
2463
17
3183
3221
3083
2901
1707
1017
2597
2898
2113
3727
3540
3777
449
906
122
109
2154
1789
1907
1011
2727
3839
1210
3775
1001
2520
3177
2978
3837
3173
3346
1244
1505
3690
2564
3062
3419
2542
1874
512
1382
3027
121
2000
2798
1655
3388
2805
2235
2859
768
3281
280
2317
2139
814
58
1620
1540
1428
3358
782
1066
1069
3823
2878
942
165
2008
3600
645
3287
2059
2682
1448
2351
2571
3697
1529
454
3025
2293
3571
657
725
1165
3401
629
3075
1472
2334
1217
3367
1033
1474
1230
40
3364
1803
727
1795
594
2912
372
1289
1840
3517
3518
3301
2205
3864
409
1807
611
739
2422
1566
3423
250
3626
1643
2391
875
1399
3886
2075
1406
3696
383
2762
2127
2897
957
1957
914
3615
3389
3888
1675
1600
2066
2177
1999
342
309
3831
2847
2828
358
2862
2020
2934
1447
2237
1189
2102
964
2499
2562
54
1936
1359
3809
1855
607
2618
1030
1085
1134
1772
1482
1103
2825
874
2138
2401
3645
772
829
2259
2755
360
2303
744
3092
1889
806
2181
3565
318
95
2527
609
2648
1850
2903
498
3850
3494
55
2264
2239
331
976
2080
3129
1475
1145
1989
838
464
2905
428
1812
1739
2844
3036
2332
2404
3126
312
3254
481
272
1683
1502
230
2035
876
3395
848
570
2614
827
2701
650
1410
1059
3162
2709
3708
2116
899
2229
1841
970
723
844
1594
178
2883
592
2225
1491
3703
714
3885
387
1142
2761
2946
2140
1940
3215
2025
1583
2904
1956
3917
627
3435
1456
2076
2156
3744
3188
2410
3899
2466
3620
1748
3533
1388
1888
249
756
2902
835
1539
1731
504
1897
951
1060
632
1587
617
822
2472
2766
2137
2622
2070
2321
705
1892
292
2190
3084
2875
1597
3118
1434
2036
31
3689
721
2346
3474
1444
1086
2481
2734
1943
3552
3604
2117
70
3386
270
1664
1203
2613
1487
3767
2369
220
1113
503
2333
2323
3410
2966
1277
2340
3348
2986
2640
1942
904
2382
2275
3406
2174
950
2320
666
3279
1741
401
13
1553
243
633
2628
1533
505
2498
1659
3093
601
1988
2496
1784
3629
1974
2940
393
1453
1400
343
1197
366
3889
736
2800
2409
1107
159
3181
2704
1099
773
3247
3790
872
2255
1336
733
2920
3108
1573
171
3845
1146
3912
852
3142
2675
3551
1297
3245
2673
3155
1242
2003
1211
3752
2417
809
1704
3143
3822
2528
1503
971
1645
1287
2754
610
3553
3343
3748
1879
987
3431
3430
3049
1034
3331
3520
2705
2038
1516
910
2971
2254
396
111
3383
1615
3397
103
3584
3011
3137
1248
275
3505
3404
1685
769
879
3272
1984
2676
3120
3354
2331
3511
2801
71
1766
429
2729
1176
108
2891
489
355
1119
2977
3583
477
2350
820
313
1607
2909
2013
2260
1296
3374
1895
3158
898
1133
3607
3072
463
817
36
3116
1111
1796
60
2387
2203
1396
1640
217
1055
1985
1209
870
675
2809
1520
753
1105
1679
2074
3300
1873
853
1987
23
3090
468
575
2002
3588
1243
2743
269
2747
3736
2393
3472
3868
1377
2249
1214
1745
1668
1584
286
2445
3687
3866
2647
3416
41
2046
1301
1844
653
3574
1543
808
702
1283
839
3510
2442
1198
330
884
881
1020
3710
1801
3701
793
2598
3082
1390
458
2968
2026
3349
1320
500
2791
1408
837
3414
3635
2380
2110
639
1507
3375
3491
1391
3634
3898
3311
2943
403
1851
2373
206
2211
1816
1045
201
1054
564
3145
1417
3402
1619
21
2989
3205
2435
928
2867
3827
3047
3737
810
365
1367
1207
1305
2626
3521
3633
3812
1184
1016
3566
2947
878
2456
681
3821
2095
724
533
2941
1324
1389
2616
2931
3425
370
218
3693
3623
1545
2806
2712
2356
1788
1196
863
3493
742
3439
780
308
2305
1978
3291
2109
1315
2405
2311
3305
1446
3598
1547
3390
2274
3722
2027
3161
3449
3781
3286
2091
2180
2512
1339
236
2711
2245
3058
569
1347
199
519
2667
1774
2874
2519
1827
1263
3113
1481
258
2687
3048
602
3335
3102
1550
3451
1794
2441
2358
1329
145
659
3189
2175
354
3904
2261
299
1831
2787
735
2314
1333
558
3684
1975
3479
1880
1078
2854
2983
1131
749
3043
815
2741
2386
1202
216
2694
256
394
671
1504
2938
1886
1662
1270
676
2178
858
3095
1636
1479
1608
253
3842
2325
3248
2431
2475
3482
1676
1580
939
2124
3303
3896
1318
1420
694
1387
2319
1648
731
2880
1004
2197
3638
1694
529
2252
2359
1351
761
1241
937
1577
877
3265
3666
1735
3530
46
3673
2822
2142
1430
2933
369
2641
654
2480
2827
1006
3178
1485
2397
2292
1609
3476
2824
2282
1811
1567
214
2900
2375
3484
2771
69
3779
1162
2619
2545
389
2277
651
1421
1023
1736
2413
182
2173
3730
1378
1693
3396
3496
2218
2343
3688
3038
195
1808
2850
1782
1363
682
2017
1792
1680
3836
3695
3446
3420
2407
3543
2915
3800
663
420
2840
374
3724
936
2240
2707
2531
3267
326
836
3317
2692
3761
2789
1860
10
2549
2589
1437
563
710
1551
2768
439
1881
1499
440
1218
3490
2515
2717
2786
3578
3249
2100
2576
317
174
65
3526
3562
2838
3010
3849
470
75
1824
3246
1887
841
1117
164
1546
211
2620
30
2736
2118
3707
649
2629
2029
926
3560
797
377
541
2831
241
3905
1979
2574
3114
567
3428
966
234
3488
2935
3413
2474
2832
84
146
1968
3750
1097
1634
2193
3680
2601
166
1557
1427
2257
1701
1604
2041
2278
3892
3288
3782
1958
3270
2560
2271
699
3250
706
3547
2223
1746
992
1929
597
3465
399
798
2642
2678
3648
3122
1863
3587
2206
2505
579
672
1983
664
689
1364
2354
89
3636
73
3306
1939
294
1419
1490
2530
1467
3
1556
3039
3619
1249
1705
3806
2882
222
1625
2379
1206
3197
1911
3429
1436
3133
150
1345
491
2438
1312
2403
142
3333
728
141
2839
2751
3208
3056
185
1155
1818
995
840
356
3361
562
2760
3594
3483
1994
390
2661
3387
2510
3159
1040
2187
3307
1753
2719
555
690
3597
1144
334
1931
688
3002
3103
3005
1483
1053
432
587
3589
1112
644
3409
3890
1535
1898
3379
3125
3455
325
1369
8
1905
274
2162
3308
668
1120
310
514
1813
3902
2079
3223
1904
802
3468
832
3259
843
2924
1991
2588
2926
2072
770
2220
1652
506
47
3506
380
3797
758
2166
2078
1294
3753
348
3148
3733
2396
566
2829
1765
2119
3172
540
2591
1828
1509
1603
2756
3669
3512
427
1726
1747
534
59
1775
1732
347
3191
22
582
1063
2352
3848
1884
828
3564
3016
606
1372
1845
3801
2973
3127
1154
3652
1281
202
1174
2513
3646
452
1398
954
2045
176
1159
3196
3200
3412
2198
1605
700
114
495
3123
153
3721
2221
288
3617
2841
133
1064
2111
2086
891
1313
2744
2770
16
3347
2106
3453
3519
3363
1047
1826
2732
3327
2658
3160
557
2670
615
3089
3853
3000
3381
311
3042
3792
2879
1661
1616
3392
3814
485
1140
3653
385
2492
842
537
128
2650
1586
74
3906
1730
2826
2536
3743
3457
2213
2201
82
805
2230
2725
1941
2816
969
3884
3771
1046
1311
3878
3407
2374
3712
139
1445
708
3391
869
1426
958
776
603
759
3787
2313
1916
943
1805
1797
1073
935
1104
2807
1341
3910
344
3273
2487
1859
255
2609
941
2849
3360
2517
2949
1056
2202
3131
170
140
2794
1161
482
3338
1951
1476
99
2147
546
2031
867
2290
2979
1909
2958
1815
410
147
2040
1581
3216
929
1651
3235
3052
2980
3253
3681
404
3337
1515
2776
825
1087
652
764
1250
930
2004
3368
1996
2182
3004
2024
1970
2302
3558
1875
1096
947
0
405
123
1922
1571
34
346
1081
3220
3573
3738
2724
1049
3658
2440
421
2083
3774
2241
2103
3644
1532
2593
1833
2714
181
509
1542
638
2217
3006
157
845
1868
895
1043
2439
1814
2322
1229
1266
1976
1303
3913
1489
12
3678
2160
1235
2585
973
332
1527
2458
367
1370
1684
2959
1878
1328
628
1990
2685
3344
1402
3677
1932
2392
2718
1173
208
1964
3592
923
72
267
1924
62
3434
1386
2037
3660
1937
2684
1928
3441
2207
3674
3110
1866
378
2633
3008
2436
2780
1178
352
96
2318
3071
1356
1025
2246
1749
3438
2308
1090
1528
1102
2473
1658
3034
1010
796
3233
137
956
3023
3421
3087
740
551
79
2464
1205
2188
972
194
1286
3341
2128
3179
816
1821
757
361
3798
1093
3741
3024
1523
1106
1919
791
1032
765
2830
1800
3318
3467
2468
39
2459
2297
3164
1368
1910
559
2028
3857
2540
3770
1862
3916
1435
3603
3059
3356
1167
1265
106
2295
2126
1891
3914
3266
2376
3141
1769
3613
1883
1653
2856
168
1847
2471
324
752
490
1786
359
2224
2300
1003
554
2908
3686
499
3489
646
2033
1927
596
3366
1215
2568
237
301
1902
1038
3149
1967
3854
1012
2654
239
105
1574
784
3081
2216
388
864
585
2416
3504
154
760
2281
3481
2677
3007
1921
2788
1993
3704
3759
1865
3788
1118
684
3706
1488
1067
3458
1920
2493
434
2007
3480
2092
1561
2997
1352
2696
746
7
988
2595
3206
3699
2232
473
1908
2837
2514
3756
3772
3670
1459
778
3060
3192
2161
1965
1255
520
162
1109
1187
3477
3053
1299
1462
3739
1626
536
532
819
1076
2868
1272
523
2289
1186
3579
3503
397
1362
1935
191
660
3719
1719
1572
3502
1306
3382
3138
78
634
3624
3497
2894
227
2799
1116
315
3650
3541
1392
588
3304
391
518
1724
2236
3649
3166
371
1262
2430
695
447
2508
3863
3050
2731
3076
460
2994
1650
2010
573
698
720
2956
1700
3567
3471
1723
3757
375
2465
762
854
3628
180
2326
1521
425
3726
3608
2884
2372
492
2748
26
2135
188
3017
3780
885
2656
3554
3299
2420
2364
3314
873
1890
3064
3282
3612
3881
3094
1433
1062
2248
1061
2385
1439
3667
2288
737
1666
484
1360
2155
3572
834
392
148
2242
1128
1720
2284
1252
1819
2453
3811
528
3847
1130
2447
487
2143
3442
3203
621
2795
3454
3879
578
353
1667
3516
1773
1742
6
851
3732
2649
3524
2953
3195
2121
1353
711
3334
2338
790
2535
2848
924
192
232
2446
3088
2643
2630
1005
1177
494
438
2014
826
257
981
3163
1026
999
868
1149
3746
2730
2214
1486
685
3035
1764
1756
3066
2987
3070
1
3762
1538
2001
1949
3784
766
3498
1627
190
2506
2115
2021
3012
618
801
2551
1778
1575
1219
1656
989
855
3596
1823
3209
3294
754
3079
3602
1738
2231
2617
2145
3284
3101
812
3862
1495
384
622
1494
1649
3031
3440
1925
204
3764
1021
472
33
743
542
152
1404
952
1762
2005
3398
717
3625
2929
1858
3239
800
1522
813
1188
3372
2418
3097
3614
341
2651
167
1260
3111
235
1157
3096
2287
2337
2796
2886
3210
1282
2398
1582
1314
3869
3747
2683
508
2532
572
2426
1923
2860
2815
2951
3585
2516
376
3319
3124
3887
163
1409
1836
2888
1304
1072
925
1971
2335
665
3834
550
101
3202
1570
909
2857
2974
707
1768
2752
2702
3616
1548
56
363
1204
1268
143
1331
2988
2042
3486
2191
3833
3802
3838
3278
3156
226
1822
2570
3105
719
1338
2462
1274
2964
3509
14
525
3065
2348
3100
2371
3020
3201
3794
2991
1354
1319
549
2873
3473
1179
1541
3175
2286
1669
3165
3717
2887
418
88
3525
1549
81
626
2157
45
412
3639
3637
2044
3244
3549
1998
2011
2814
118
1127
661
2713
205
2316
2584
1342
213
414
268
2889
183
3758
85
2575
1554
963
903
3225
933
