44
755
668
1237
2399
211
2085
2621
991
3005
3187
1338
449
3340
3202
2156
946
2907
2764
2092
3761
414
3226
191
2021
1557
2047
1689
3330
1589
1402
3912
3716
2260
2947
1077
361
436
3621
825
1461
1786
1268
613
1118
3776
2150
1764
2479
2829
3324
3322
2831
2223
2795
2903
355
171
1278
2741
2663
3676
2171
2793
2588
3166
2968
614
1613
2580
2009
2692
3554
34
124
1287
1504
1533
3509
2900
625
1197
2679
2675
1047
2016
1393
655
2714
1088
1171
3307
1745
2538
3474
296
3817
748
1285
2407
3553
3051
2991
1339
2148
3176
2575
1516
3229
3049
3665
441
2394
2033
2964
2469
1829
2877
507
3085
385
2248
2240
1848
3090
1909
3347
843
601
2438
420
3724
2113
2172
2166
766
1977
3357
1726
2411
2634
2973
3436
3481
1495
618
1247
1000
909
370
982
3190
2956
3502
1105
880
1029
473
672
2114
2805
2015
2073
2193
322
342
466
1063
2096
3168
574
2042
1768
2720
246
2418
1560
538
3080
2099
2217
3212
1342
200
2111
523
2762
3113
2232
590
3351
1020
1673
3483
545
2239
1762
3384
712
3517
2724
3811
3535
3119
2481
2607
3592
1422
2104
3855
3126
2083
24
979
3334
1630
3824
2360
1655
539
1615
2473
2168
2534
1708
674
1671
3014
1924
1536
1259
2804
3220
2988
2136
3034
3342
63
1695
2340
2884
1879
841
312
2950
2704
2931
3256
642
3526
3571
345
1814
1372
713
1975
2750
3273
3644
840
842
3806
810
1368
346
2651
1144
3415
3278
2185
3834
2526
3045
3780
534
1571
2881
557
2925
3064
1625
2851
2985
723
3833
302
383
3782
1555
3558
3350
3878
1919
3576
873
2385
684
146
148
702
2693
961
3198
2996
371
589
2339
769
457
1161
691
776
3354
945
268
2984
1941
2966
2852
480
333
3742
966
204
630
2175
544
3696
1631
3764
2298
1953
2972
3799
2238
482
2617
1610
573
3323
3284
142
1540
1992
242
2611
3319
209
845
2067
1041
1061
511
2162
3416
3903
1385
3556
3383
876
2366
3498
2906
2088
450
2179
3040
605
1315
1289
3293
59
1925
2251
1869
1908
2841
3422
732
1572
77
2615
1804
2965
223
3022
1120
1878
278
2755
3185
3275
1039
1666
1194
3024
3604
2733
2620
3239
289
3659
1844
2729
3182
2748
1097
252
3094
3011
2684
2681
3607
2826
3359
228
1500
198
3029
1892
3280
1886
1469
1264
3633
3879
36
2405
740
2626
1565
3369
1584
1421
3171
3669
2403
1256
901
2549
1208
20
1273
1863
933
579
3600
2703
3883
2874
3201
2713
249
1716
1505
1544
1791
964
2722
848
2528
2645
3884
2138
373
3476
591
3058
3523
1707
3333
704
1143
120
382
2916
1160
3129
2181
2369
1499
1882
2810
2347
65
3601
1686
115
687
2257
2177
460
2638
3625
1139
1138
1387
833
2337
970
3409
2359
1012
3162
1996
1676
1637
2652
136
3394
220
1554
2506
3687
225
2158
1396
3157
1242
2022
1348
2664
2643
203
305
3139
3873
853
1907
90
3151
2080
2328
1943
2246
690
458
3429
3091
1728
604
934
2889
1933
681
860
1082
2608
1757
3308
2586
1823
1538
11
2436
2222
3032
3449
407
2063
2636
632
2648
857
622
1763
761
2780
1656
2287
2596
2209
1682
3329
2121
2550
3240
1717
3837
2108
3225
116
1885
2101
2869
2128
1058
1843
514
9
3765
3251
984
854
3749
3266
2265
3529
1852
865
3425
3792
784
708
3389
738
3674
1937
752
1911
3133
509
3513
2249
1813
2048
2661
3771
900
254
2237
3103
3739
1007
2809
3682
2630
3645
2814
675
2374
2873
3214
308
756
2483
1667
1556
1158
3656
1950
2659
307
412
594
132
1035
1488
707
2669
1650
2423
2939
3681
2961
1070
855
2308
2439
1295
393
239
2761
1375
3810
2498
1900
1858
888
3898
85
3178
2930
1134
1929
1959
1437
1188
172
3532
1871
1313
1103
187
185
339
3798
1177
1054
422
1458
395
2970
1576
570
1653
184
2215
3025
3222
3150
1864
2012
1401
1050
3042
1854
445
3572
2288
2170
3338
1034
1663
2640
683
1019
1438
3315
1275
2542
475
1225
3643
1207
3694
50
2756
734
2264
1970
3396
1204
2372
1954
1167
1483
2419
1800
838
3285
487
2709
3830
51
179
3679
750
2205
351
3428
3156
1592
381
1821
1321
3193
1721
3154
2697
1121
3619
2865
438
715
3589
177
729
3231
2378
517
1224
1128
1010
1092
1669
3862
3464
2547
2574
2622
3290
3816
1785
45
3411
2749
1090
889
1040
521
1418
818
2190
1376
3641
3001
6
3666
2658
1098
2116
197
1015
1341
796
3587
2263
352
785
2329
578
1632
894
1196
2802
472
348
2537
1288
349
2647
3746
2672
548
563
1740
2522
3876
175
3684
1083
397
2454
1903
3261
3072
2250
641
137
3289
496
626
3161
1496
1107
1127
484
3809
1048
1537
3616
3778
3769
478
886
2389
321
2460
3560
462
2685
1352
1916
1066
768
2514
3889
2758
3470
3650
3152
3346
512
1373
1324
2027
2917
923
201
1994
636
1891
676
1030
767
1957
2650
1249
3767
2412
1850
1737
2002
2924
3465
1448
2662
742
2557
983
1053
1367
1944
1202
1513
491
481
3486
3545
1384
693
2302
2811
3756
1149
547
470
1923
1276
1626
1873
2957
320
2211
1803
1958
2694
1731
2154
331
1011
310
1771
3419
1876
1258
868
3843
914
3763
3252
1564
1727
1220
3779
725
528
3734
744
2468
1754
1703
2657
2105
418
3019
3788
3004
1874
2787
2094
453
2415
2365
3089
1239
858
863
309
1311
1539
1595
2204
384
247
575
2127
374
141
3552
1491
665
1520
3274
2516
3030
3250
1602
477
2140
3885
1065
1453
2728
3528
1443
808
3712
1645
3551
644
823
118
2905
3484
1585
2824
2064
2603
377
2055
3579
1299
1355
1719
621
2018
2853
1413
13
2701
2792
1972
2992
1590
907
3826
2505
461
1552
2948
3087
3685
1884
2087
2322
759
3848
3097
2035
3755
135
988
3614
3563
682
3785
2579
3403
2742
126
3320
1391
3096
2065
835
193
3196
1192
3056
1930
2280
1176
2106
2349
2247
1713
1774
2598
468
432
1628
3503
2564
2235
41
134
2361
84
1095
3654
3337
1742
887
3847
3672
1216
3635
1037
174
2163
1326
881
685
1332
3812
3881
2416
168
2068
1166
3043
646
1370
1114
3622
2149
2649
3246
1456
746
1675
61
678
3118
60
2420
770
1702
2739
747
2050
3880
2212
1286
610
2846
1377
1336
1643
337
1111
3661
3631
1244
3731
643
1267
2953
3705
3603
3890
2897
1136
2295
1859
1575
919
2646
3020
852
2789
1067
3690
2430
1693
2543
1397
181
448
986
797
733
365
1318
2305
2414
2929
1215
2871
2746
1694
3404
1028
790
3670
815
66
3291
3060
1946
1390
429
2850
3877
1477
533
1550
954
3699
341
2370
3199
524
1474
3309
336
3822
3163
3353
153
3038
1963
827
69
2599
1778
2058
3454
1641
1411
2427
2395
156
1718
3050
2934
3860
3352
3482
3520
997
2760
3245
3463
1704
588
564
3111
3314
1334
2014
1002
3762
1857
3541
935
839
256
820
3010
1691
145
1440
965
3282
561
2097
98
2103
1730
1226
1827
647
1172
587
500
2864
292
2639
452
616
1648
812
3657
2888
3035
3076
3466
1793
3106
631
1217
2891
3408
47
2320
2256
2967
3382
2417
109
2922
3791
1146
3125
2856
1805
1901
3158
311
1812
2981
3081
1307
2631
237
3610
1802
3046
2214
617
2144
3451
532
1243
552
1735
3524
1546
2763
245
1455
2435
3577
3406
3170
3790
426
3737
921
2817
3392
3145
1102
2199
3432
2364
2319
2034
2986
648
3420
1320
3434
3647
765
3388
3710
3702
1989
1494
3257
2084
1715
3255
2032
1119
3839
2281
2284
607
1868
3326
3793
3617
1417
2401
3023
271
1446
2354
2160
2518
1758
1518
1383
3818
917
3101
1612
2960
2494
3007
3052
586
851
2291
219
2604
2261
697
2135
3325
1984
483
3452
224
2458
2304
3807
2699
3124
1213
1036
3680
893
1672
380
431
2025
3743
2736
2453
859
143
975
39
1591
2425
1714
2995
2781
192
2107
3063
2258
2707
2489
3387
164
2184
849
1842
10
2989
1290
1183
1005
2457
465
169
3757
2315
2290
1042
2772
27
194
1409
2475
3851
3104
2191
2980
2037
1046
2926
2691
663
1331
1770
2434
287
1133
799
804
1200
3836
114
1788
3627
1033
2081
3446
1566
2987
3744
2203
3016
3316
1152
611
1442
170
1577
3899
163
2545
831
3838
1108
2019
3914
2470
2335
667
1724
3492
2316
2595
1593
3093
1094
3727
3841
3856
2698
2448
562
2628
1113
1760
87
138
960
1406
358
2868
2484
300
1986
325
519
1512
2583
3065
502
1935
1353
3026
1811
1262
82
1075
1606
1753
1379
1817
3433
439
1881
1999
149
754
2344
2279
1123
595
2442
627
319
1647
803
2731
54
152
1240
555
253
3472
2813
1439
2151
2060
2801
1272
941
213
3892
2976
1700
151
2612
856
745
3499
1981
1450
3518
344
3228
3693
2870
1808
2536
689
2431
3211
2045
3865
3598
396
131
2486
2885
392
2133
2125
3405
568
651
3875
527
2515
3580
233
2262
666
221
2488
326
1165
2822
3362
3538
1168
1993
3160
2786
1057
3213
1251
1605
1769
2367
763
3078
3713
1781
3164
71
710
2131
918
1913
1436
786
415
316
2066
2318
1333
2112
955
600
1027
3269
898
3491
3630
313
2231
2839
541
1938
1710
1132
49
216
2551
1142
2274
1169
324
3140
2798
2267
3082
1150
218
1380
525
2254
3232
1459
3321
3795
3390
836
2141
2860
2178
2139
2008
777
1543
3707
424
2188
2377
33
1893
3733
3297
3386
130
2862
2791
673
2146
1100
1545
3270
1298
661
1870
1905
1428
3794
993
1236
2601
3134
3901
751
3726
2294
846
264
703
2467
1872
3132
1381
186
2610
2945
583
1117
2641
656
576
202
1759
1846
2004
3887
871
789
2043
2164
447
968
1638
1982
828
3332
306
1927
1836
23
1773
2757
920
3018
1526
1558
1490
1137
1465
205
3159
3494
2904
2768
3639
3175
664
3210
3031
2705
3366
2597
1792
1529
2062
340
78
3381
2556
1198
119
2785
471
3704
1684
1301
724
1304
3312
2673
2049
3061
3294
2743
669
2266
658
274
2376
2052
494
3867
3075
3897
3189
3655
872
522
558
3062
2777
1952
259
2723
2119
1668
3423
2332
3820
2554
3671
1964
158
1478
958
2958
783
1309
952
3377
1231
2687
1404
792
2297
1302
3623
1445
3236
866
3688
3258
489
1045
3283
3700
1772
1877
800
3130
3410
1392
2591
1734
3886
671
2409
3488
38
1961
3095
2570
1195
2593
1798
2471
956
3864
536
2837
3417
15
926
347
3533
696
154
2678
104
2730
3317
2443
3230
1835
3853
3493
3536
1016
2079
2629
14
3804
938
160
3561
32
2476
30
1170
1528
3550
3328
3872
1101
772
1292
1601
3754
40
2461
1261
3692
1017
1263
2091
1603
2686
55
875
2833
1076
3136
3146
2552
2338
2609
1621
3144
2046
1775
1847
2189
1562
2778
2892
251
1997
3850
3649
737
3336
3808
1398
1696
2735
3624
2700
1845
3391
1826
2219
3460
276
1809
291
1920
2306
2180
1362
4
3797
1825
2242
2309
3766
1896
884
1235
2363
1649
1245
212
2540
553
3349
2600
1009
2790
1987
550
3789
2312
3772
2089
57
128
1510
1148
3254
2013
2134
1410
1779
497
1574
3435
3469
1856
323
877
2719
2633
2382
2999
2196
2808
298
947
3835
1184
891
1130
1492
1659
2867
1435
1777
3866
805
1317
1969
162
107
1174
677
599
1186
2373
3227
953
2485
2573
2348
3311
1482
1787
2834
706
3296
2120
2040
819
3648
1680
916
314
3224
2569
3413
283
1712
3461
1447
1974
694
1374
2911
2527
972
1569
824
1277
2830
1799
350
3906
1489
973
619
3574
1293
1607
207
1833
2582
2310
459
3825
571
2102
2477
645
3361
1328
2854
64
144
1561
2682
716
705
1498
125
3385
3313
1210
1978
3186
1743
2716
1305
788
3244
3653
653
829
3485
624
1967
1570
3128
2836
1904
399
92
1578
1548
2082
3364
3376
2773
1685
353
1112
1783
3421
3567
739
318
3578
3098
962
3747
3774
1312
3272
1241
3686
3112
2918
2721
559
3844
2252
513
2866
3673
639
354
3711
3241
1395
1209
2169
1408
2233
3037
1942
1115
1365
434
275
1253
3238
3511
1156
467
2613
2653
3910
2307
2816
1181
1462
335
2827
2007
2946
173
1990
1419
2356
2788
3021
2069
1515
493
1018
1860
257
1968
1634
1329
515
3122
2523
1420
908
581
1780
1899
3751
2229
633
108
2345
3348
1205
2823
662
2567
3521
3512
832
189
2273
549
2404
577
3167
2677
273
2553
2937
1851
387
3174
2882
1897
2975
638
2912
3609
1898
3721
2005
367
1072
26
3013
1178
2587
269
2982
3501
2268
178
2466
885
2424
3706
1983
2589
1480
1838
1282
155
3249
1099
3913
2269
2949
1580
1998
2541
1681
2660
585
1110
2444
3750
2858
1688
329
1895
240
2028
3218
1423
2919
288
3675
2770
1995
1616
3564
2495
3079
3373
1479
62
2529
101
86
998
3496
88
1658
2286
2740
728
1163
1883
3777
3784
3074
1182
3753
2576
2581
3448
3375
2642
1316
2898
3861
3265
892
3088
3544
3121
3006
2041
1732
199
3549
2455
3397
2783
1888
3363
2017
501
1031
504
711
749
1284
2157
2815
795
2544
3814
3642
2152
1190
721
1620
3367
3497
2487
2051
18
1345
959
3368
2132
726
735
2388
315
963
3253
2057
1706
1358
97
3188
3371
3083
1664
2517
1502
1832
2977
443
2496
70
1006
2227
3717
1444
659
3467
882
1369
1062
2255
1227
2036
3055
2559
3904
1567
1389
3634
1674
3110
2676
1206
2776
3504
299
925
2314
686
2459
1752
2915
3505
692
76
2393
401
1794
2983
488
100
813
1932
2142
781
1699
3215
376
1104
915
166
2689
2502
1861
1351
3370
3105
3475
2441
3009
2821
2944
206
2225
1359
2355
3205
3197
1509
927
3148
3138
1109
969
1511
3177
3637
2568
2001
3718
2656
529
1357
2277
1155
1032
3430
317
46
366
2272
1960
2155
3852
2334
2408
1087
1600
883
652
3242
1248
2590
234
2994
531
922
1801
3084
1525
2655
195
2090
1349
129
2969
1698
180
400
2086
3456
2440
3831
3237
2901
183
2592
2908
1551
1636
3109
265
2006
1497
3149
1467
720
3102
3636
2859
2428
3143
3775
1971
2122
2301
1553
1917
3626
2464
3335
2624
1274
0
1692
2800
806
2993
3015
999
764
122
3117
2752
977
2145
1815
1131
3487
1619
3683
99
2718
3815
1425
2056
3599
2243
1214
294
535
1594
106
417
2667
2276
2880
597
593
3453
2224
1093
3071
2503
2186
217
990
2207
1748
3720
2844
1310
3235
3305
3243
2292
580
2333
56
1085
609
258
1001
2039
2336
2819
3840
3917
1979
3279
127
3447
530
3537
657
3582
3510
2670
3445
2342
718
2071
939
1080
3569
3393
971
2954
2769
634
1179
822
1956
3437
2654
902
2680
1430
3858
3
3378
440
1314
699
1955
238
1875
3402
2644
3586
2571
3703
2129
3730
1750
2857
1486
943
53
394
3303
3288
3155
2426
3628
2727
495
2927
22
1599
360
1618
1746
1429
2449
3575
3581
1915
2513
3114
121
2368
2210
2797
1683
3752
2775
2708
2951
3736
3803
870
3522
1022
428
338
1073
3845
1291
974
67
1472
2379
2767
2894
1517
1361
1023
2220
2818
1399
103
1582
2075
1608
3629
492
284
1784
1086
96
161
2806
1834
3911
3585
147
2123
2754
1388
229
807
606
1266
2346
1371
3801
2462
2465
719
3379
1766
1360
794
1948
3490
1473
2896
2474
1346
3566
3593
1280
2010
2300
243
1485
985
1965
3036
2779
1503
2124
2023
2076
1741
3439
3395
3695
3281
1281
25
3908
3002
3646
1079
3298
3123
3310
2828
1807
425
3557
2674
3053
3565
2200
1508
2380
861
3262
93
2525
2463
1581
1145
3047
1841
2702
2511
486
1926
1071
906
2499
1865
2921
3591
3894
3268
2532
2619
1221
1064
3054
379
1831
3192
3519
123
2886
2353
2690
133
867
303
3418
3907
2406
801
3331
3137
2070
2812
3440
3400
2282
3120
262
2375
2747
3039
390
992
3715
1765
3033
1622
3590
874
1222
2959
2784
1475
1081
3301
2397
2020
890
498
2289
2933
2998
2938
2386
2635
270
2098
1828
1116
1319
31
2637
1487
1806
1514
182
3555
3426
334
802
3207
1335
3868
419
2803
731
1810
3583
3153
2271
903
736
2492
2940
2358
2195
3372
2117
266
978
3770
2832
864
2275
635
3605
1306
285
3787
210
3477
3142
3066
1024
230
2327
42
2863
3473
2535
2734
2400
1303
2565
2153
2799
3573
1457
3542
3664
779
771
3896
1573
1579
2539
3668
58
3217
3662
2381
3264
596
506
572
1078
2510
508
2093
793
2909
3431
904
1951
3299
2165
1279
565
2213
980
1159
2311
3759
1463
1044
3781
1733
2493
1344
3506
650
1596
2560
43
2602
2521
2038
3115
3401
2497
1471
2606
2899
236
2187
809
3069
2198
2618
3568
359
2695
3652
1755
602
2794
2774
2383
569
105
2771
1180
1949
1382
3458
598
628
3584
2765
2759
2512
423
1378
437
277
3169
2230
2174
3344
3895
214
3832
2712
3758
2371
3438
1690
3302
2078
2507
3414
1232
1523
2546
879
1609
3442
1928
741
176
1541
2278
1364
2668
3181
2303
3495
2206
3871
560
1211
2362
1910
2974
469
499
474
2835
3355
1855
2352
2321
1246
847
1068
433
1542
2472
2910
2259
227
3611
1530
2234
167
1687
479
1363
1756
3233
3546
2031
1660
3714
3345
3651
2137
2706
357
2520
3725
1934
670
2914
1587
3195
2895
2890
3318
2313
2044
722
3729
526
2478
3748
411
1568
1839
2130
592
3165
3067
2847
3099
3173
2325
91
1400
3689
3248
1678
3632
3500
949
2562
1255
1840
1008
2555
2519
503
2531
2737
1270
2208
1988
1531
3821
1424
1604
505
386
2159
3507
1151
701
1822
2445
1947
3365
3407
3530
787
2665
773
1547
3028
3471
2391
3615
1187
981
112
2963
1325
1922
2054
1629
1640
1795
2074
556
2632
3267
3514
816
1203
102
936
3543
1697
1481
52
1962
2451
2293
3638
3172
3194
2923
629
1394
1890
363
1767
2030
2491
1921
3508
3380
3768
1797
364
2838
403
1014
3516
190
1233
1013
2167
16
1343
3608
1464
2270
612
762
2421
1782
2283
3602
1347
2390
2820
2396
1790
1074
1260
695
297
1162
1173
698
3709
3479
1818
2490
3719
2533
967
1819
3588
2331
518
2118
862
1973
3360
117
3594
3183
1945
2072
957
3595
850
780
3223
3667
924
1212
241
516
2245
1705
2392
608
1055
3741
3427
3489
1623
1749
929
1238
830
1880
2387
3618
1154
3141
3356
3216
3531
372
1521
2
2710
2623
404
2341
3596
2726
1912
3534
3829
454
2384
2422
3180
2447
834
3048
1665
3828
932
2715
811
1583
3857
3805
2843
250
2766
2744
2182
727
782
910
2920
111
3620
1867
1586
2671
2197
226
421
1106
3260
410
2887
3100
620
2941
2566
3263
1025
2627
3697
2584
1633
896
2500
1729
3658
3234
286
3341
743
267
2176
2077
3450
406
3191
2059
7
520
660
778
446
2299
3462
1252
2855
73
1470
566
3527
3606
2429
2244
1140
2997
490
2883
3135
2745
2842
1441
760
279
2840
3277
2524
944
2450
3077
263
405
895
290
1837
17
1654
1164
2000
1709
295
3732
844
1862
1866
2688
3287
2530
1454
3677
1060
3738
2585
1476
12
362
1535
554
343
3208
3760
2446
2456
1129
37
327
3891
567
2253
584
2902
2432
282
931
1939
1122
791
255
1269
3184
1265
623
375
444
540
1635
3691
1126
3849
2095
3478
430
2323
3219
2504
2943
68
80
1228
2285
1507
1300
1736
369
1493
1751
455
1532
995
261
3086
996
2861
3203
2614
208
3276
2572
942
1218
775
222
3708
3773
2100
1985
1991
5
1624
2558
2501
2935
2221
3003
388
1738
3221
3399
3209
280
940
3915
3870
413
2024
2201
389
1434
402
1021
2173
2480
74
3127
3412
2971
1796
3515
1322
2228
2738
2849
3548
3044
398
1776
110
817
1651
2508
3459
1229
3723
709
1711
1657
3247
2696
3441
1449
3468
994
3893
2751
905
700
2226
3017
1141
2324
1185
2913
2605
1617
3900
1059
640
1049
1918
911
3179
72
113
2753
3640
1416
1043
3343
464
2236
2796
83
2807
2875
3306
987
3539
2011
332
2979
416
2872
1356
3108
1527
330
2848
1069
3295
1723
3116
1661
2725
2577
3292
2061
714
1125
1308
3398
35
3813
1230
930
2413
1902
3613
188
510
1534
948
409
3008
1003
2326
235
2350
427
3339
1522
3819
2594
3204
485
3107
1089
2878
1084
1894
2625
1597
2351
2563
1124
3070
456
2732
1559
1519
2003
3570
1
378
3200
615
2026
3660
1157
1432
196
1816
1431
1853
989
897
1091
543
1739
3457
3874
232
3041
3525
215
2053
435
2433
1038
3916
3802
2317
1652
391
1889
157
1720
3827
1223
1451
1940
1415
2962
2952
2357
1639
1051
2482
463
1234
1646
1506
2192
679
442
1936
3000
1662
3480
2548
1701
1135
2942
1642
1563
1484
3300
3698
2330
1549
3540
2110
1153
2115
1052
1254
774
94
3678
603
1189
1175
717
3092
1327
2183
1340
3259
2343
28
293
1824
1906
1452
3206
2578
2147
2109
951
2845
1026
3012
260
1366
3740
1330
165
2216
1588
1294
1412
826
2990
1403
2241
1644
244
2509
2825
75
3882
3728
1199
3796
546
1966
2437
1887
159
798
1147
2143
2936
1296
1297
248
1191
79
48
3800
2161
81
140
3888
1627
3443
1405
582
1830
139
637
301
1414
1468
3547
3786
649
2410
757
1250
3701
2711
1744
2296
3854
281
1257
1433
1761
3902
3057
3444
2402
3863
2202
1337
680
3027
1524
1501
2616
2029
2452
1283
231
537
95
3286
2932
3909
3147
3735
688
1980
2666
1914
3823
1201
3374
1614
1598
912
3424
2561
1096
1193
356
476
551
328
3304
821
19
89
2928
1747
368
3068
913
2398
3783
1427
1386
542
1789
950
3612
3271
3559
3846
814
1056
2683
3358
2879
2194
1725
753
3073
2717
1849
1677
1426
1466
2978
3859
1004
2782
1931
150
21
928
1323
408
2126
8
837
976
758
304
3455
1722
1219
1670
1271
1820
3562
3597
730
272
878
1460
1354
3131
869
3869
1976
2218
1407
3905
2893
3722
3059
3663
3842
937
1679
2876
451
3327
3745
654
899
2955
1350
29
1611
