3903
1414
843
2486
509
3514
414
3884
2264
2691
922
879
3237
1108
2441
2033
3855
3841
1268
3298
3162
710
2362
925
3139
3313
3435
1390
3057
1121
1104
432
3710
3679
2641
3654
677
479
3828
1477
1999
1135
1856
3667
1994
610
2782
165
1588
2210
2792
3488
3337
3003
1603
2127
1627
2135
3389
3129
3454
2281
3434
3729
1098
474
2815
1997
1879
2471
3228
274
2897
2155
161
84
411
3156
3475
2680
608
1049
3847
2796
2326
3032
3126
1101
1000
2968
1202
2940
1857
2413
1911
2020
386
2572
3693
3441
3784
616
779
1345
2116
3586
1130
836
229
980
1203
79
2511
3444
2684
698
264
2962
3829
2416
2335
3533
152
3134
2901
3093
1682
3761
341
2503
106
2516
824
394
1877
1715
1372
2024
1109
2743
2756
807
2829
1473
54
1364
1009
2352
3416
3251
1500
1785
799
2224
3125
1506
2825
3560
2314
2221
2167
2217
2784
2334
881
2152
3805
1297
1430
2432
401
910
3827
254
817
28
1205
1640
2631
3727
1302
2648
173
352
1028
1883
2613
1712
1274
2050
2073
226
3095
3465
2387
572
1538
2650
1225
3741
2207
3501
681
1346
2101
3355
818
3121
2307
1676
1253
2881
1746
2071
469
251
329
2508
3119
1471
1516
17
575
2507
1303
2675
2481
2215
433
3281
498
37
3706
1213
2265
2445
2813
1470
340
2139
2233
3649
2260
1764
695
3707
1357
298
588
2337
1464
1449
2664
1296
3308
3309
1318
3663
1041
1180
2026
2086
2535
2611
3610
1070
2343
2604
53
3477
64
2879
1095
2757
999
3438
2476
1343
2780
2975
2349
2521
2562
458
2036
846
898
1721
2458
1749
1138
1053
3677
3728
1532
431
849
1358
3269
2287
2644
2181
1770
1351
854
49
2742
924
1593
309
3384
734
2488
1681
1609
592
1107
3774
1178
3583
612
2395
2622
2423
2085
1019
3636
2762
1639
2059
2008
3718
2922
751
3207
3152
3900
2239
3148
1099
2298
2888
1232
2711
1802
1509
2110
2982
2487
3108
3852
3287
1243
1964
1066
3742
3070
3169
1031
125
1482
3735
217
2659
1743
2941
514
3833
147
2376
3568
3328
2308
3908
1543
3834
3652
1831
857
390
542
3634
111
2720
45
630
990
3449
1782
951
3626
3265
643
1977
2442
705
2273
283
1293
3843
3064
2965
3291
1921
661
673
3380
3624
2317
2195
3202
1032
73
2943
1901
1886
1745
1483
2848
3282
1925
3716
2574
1271
3233
1312
1434
240
2542
2932
2082
3107
1119
1187
711
3506
1265
2038
1269
2359
376
201
120
755
1282
2629
3800
3619
675
2355
1157
3882
3496
2934
326
3000
1637
1751
3395
3238
3911
3075
3668
493
1256
3011
3598
268
3694
2583
1281
2350
553
778
3074
3147
2557
759
3766
1871
1905
913
3211
2628
2662
2832
3041
3135
614
2280
1078
335
412
2148
562
1508
3870
3719
2467
75
1029
812
2582
233
3137
250
2293
697
2899
2588
2201
2142
862
2950
3799
1169
1737
3138
638
2904
3608
3546
3638
319
1448
2540
2346
2616
1333
3534
3276
603
2188
1843
148
1552
945
1210
1123
307
1457
1566
3001
1006
2011
3463
3887
2655
821
1979
3301
2573
1892
611
3701
634
804
1578
396
1995
1692
3890
3149
1077
395
2338
1379
577
379
1820
665
533
3254
3745
3157
912
2449
1255
168
1990
1324
594
932
1395
296
2844
1126
2920
3368
1613
2615
3885
2715
1398
2051
1057
2876
3893
2483
1266
3573
59
1551
3584
360
142
1622
2296
1987
122
1520
3350
3497
2735
2109
745
1754
423
2134
1391
3334
749
2279
3629
552
720
1948
3759
1433
1352
929
2842
3545
655
1564
2324
3524
3076
3905
297
650
2411
2077
2444
2216
2917
865
2312
2463
2774
2877
3436
986
1803
1016
1572
3063
2103
3804
2556
1867
3817
3215
1339
613
308
2755
885
88
1631
95
771
196
609
3248
1417
3867
2603
1292
1734
2798
1932
579
3087
2209
311
1763
405
1160
1897
2671
3467
1863
3069
3564
3869
3832
1607
781
918
1149
1864
3640
2882
3245
2484
1523
3031
3179
3510
434
129
3916
2636
2676
380
3318
1944
3288
1179
2252
3633
1329
660
1635
644
288
794
3621
874
2598
1777
3326
1724
1089
1599
2023
1835
2190
2596
2474
3051
3361
1922
2630
2988
1075
1258
82
3651
241
3345
489
440
2835
110
2545
293
3191
1791
1560
2693
1923
499
2978
400
2469
1200
702
3240
540
674
2964
2162
40
2184
1608
3373
3483
1047
2802
1713
2600
2526
3123
2880
2098
1226
5
943
3428
3115
2426
155
1687
1056
387
790
2472
2737
3239
1315
253
2451
2133
3305
1669
3194
1156
889
822
2626
1158
38
30
971
1334
2408
3307
427
1033
1961
256
2696
2206
1992
1762
964
332
1184
2072
3166
3083
3247
1201
3611
2205
2836
3757
1868
2383
936
278
222
3731
1373
3130
3196
1507
1175
2027
2099
1355
2414
2285
2211
3321
1589
2125
1898
1306
193
1257
2126
2
3493
1641
3877
826
1378
1498
2563
3577
802
2097
897
1947
3818
1781
2948
2007
903
2114
3872
2267
1102
1214
2256
627
2425
3515
633
1816
338
3172
1683
2370
2391
2096
2040
2039
989
3809
3406
1382
1143
2200
2031
3159
3351
1326
2703
504
3792
134
2091
714
3421
2141
1809
2464
2803
2118
2645
518
149
1221
3658
3195
567
1828
2390
2113
753
160
2447
230
1793
55
446
3831
641
2694
3732
3819
267
3823
133
3581
1039
1476
3542
3204
1061
3753
3656
3850
596
2927
2661
1323
2985
137
2480
1570
2716
1752
156
2640
3888
1021
1955
2342
1485
1677
2358
3529
391
216
501
3098
2608
1152
2340
1267
1701
1917
2041
2332
2428
3306
1756
305
834
750
1453
1480
884
1511
3801
3896
3723
361
3861
31
3446
464
1219
1340
703
3346
731
1242
3681
2772
3554
2348
558
852
2660
3793
481
3388
2738
166
3160
2571
3873
2928
1939
3531
1122
2468
1218
3353
334
2274
2016
1406
259
1875
150
2253
1399
2189
2058
322
3453
2513
2092
2981
153
3780
271
3073
2709
2867
2275
1958
956
48
2347
3255
2633
234
3594
815
342
1577
1913
664
2536
1710
1714
3332
2156
302
2419
3868
2057
2078
2339
3717
2179
3613
2643
1421
113
3782
597
1780
1224
3575
1984
2549
3414
1313
737
2931
1950
2847
2158
1377
2770
2360
417
2295
3289
1614
1120
3456
1750
3606
1736
205
1549
1725
965
3775
410
266
1518
716
774
3788
1661
631
3858
3734
2795
2257
90
276
3643
249
2061
653
118
1801
623
992
1787
3614
3785
211
3724
1771
839
3018
1367
381
1545
2363
1501
3050
1468
1451
1037
1165
2525
746
2066
6
2371
1618
696
1236
2329
3310
3235
2087
1738
2775
1299
2492
1915
2208
78
3558
2793
1432
1949
1988
1585
766
2607
103
1251
151
3519
3692
3756
602
2246
3863
1400
2150
500
851
3112
2729
2806
2961
2459
105
721
1127
997
3382
1050
135
3848
1854
2551
185
3765
2634
2724
158
2683
456
503
3747
2765
3552
2923
453
162
3556
3837
27
2984
2736
1163
3507
2872
1492
2247
686
1420
1491
3738
1023
141
3517
1845
2460
3773
670
124
2599
94
724
2944
2323
991
58
1753
1657
1604
2811
2894
2918
1580
2539
1196
3440
2229
1729
1422
225
497
1719
646
1374
182
1649
2870
3133
3403
3813
2021
60
1665
1487
708
1697
130
1272
625
3262
1416
742
2857
662
969
3644
220
3397
2869
2970
882
2864
3602
2595
461
281
1069
100
2895
1626
1040
2909
3399
3623
488
3702
2439
65
940
2369
2183
1112
3612
693
402
1291
1216
2649
1773
3354
1761
3722
3116
1177
1428
2131
1936
816
3056
2235
3060
2405
112
1193
450
2924
11
1139
3499
2401
3909
3720
1513
2902
765
3246
1298
1837
573
1458
3535
3830
1527
860
3360
1044
247
607
3249
1808
257
80
3250
957
2172
1131
1151
657
1325
3582
487
1896
2266
66
547
262
42
2850
3513
1539
993
2284
909
2230
1278
2697
2009
773
3362
2002
1531
3579
1441
3478
317
1088
1475
2004
783
1547
803
3678
304
2111
2915
359
3551
3647
2108
3408
3875
2990
1195
1643
1499
2840
1076
1524
1759
2553
1741
269
3090
2773
422
2090
2903
1807
3244
2878
2262
840
3447
2721
659
2699
3511
1145
1842
1245
3461
2088
2816
2875
3006
3859
3795
3770
286
3055
1446
3411
2309
1858
1403
1140
285
1208
1170
3520
3815
1742
1602
98
299
212
563
1870
2341
868
1197
2817
2953
3914
513
330
443
768
1670
287
2637
2290
2160
2519
3314
3553
1419
1873
3223
1011
1283
1903
2871
363
3304
1819
772
2430
14
2900
2741
928
1223
3758
3263
1288
2251
3589
1573
3145
3807
3696
1628
1051
3443
3158
144
1490
3387
1983
2804
1393
3607
565
1319
2320
2618
294
2590
2935
1673
2453
2462
2718
2725
1389
1369
2015
2438
435
213
1402
718
2268
3221
3028
1953
1582
3131
265
1320
3260
2837
522
837
3178
3883
3839
787
3595
2564
1082
3317
2739
1008
895
1836
2956
2402
529
2151
2147
3025
3539
557
301
2403
475
2565
861
2138
1091
3096
1239
2980
2945
740
393
914
3425
1190
569
2025
1644
3206
2397
252
2377
1943
904
1354
2504
3840
1444
2531
1228
3671
2186
3637
2505
1907
2283
1349
3591
399
3203
169
2814
961
1652
2963
541
3378
3272
2602
2989
1920
3503
2473
3009
74
3474
362
2681
180
3527
409
303
1590
785
1058
2855
1766
3383
3597
1017
1889
1035
709
3336
1300
19
1440
906
1116
1663
2213
236
2612
908
2478
3426
1594
3725
3271
3143
1321
3605
3358
3445
1461
3490
3548
1014
3913
566
1311
1565
3810
1115
3370
512
3739
243
2561
1744
2523
770
2047
1563
3344
3562
2678
767
733
2489
3433
2378
848
2520
1900
1046
3530
2971
2173
549
2055
506
2502
2587
3053
554
89
1176
937
406
339
1611
1065
1555
1790
1072
2433
2271
2372
539
2417
3480
3295
2658
2129
949
3470
892
3791
2726
2166
3415
3744
2937
3357
3580
3505
2258
946
368
3771
1004
1301
2663
3574
3669
2642
2083
2440
1423
2455
1956
328
2885
3329
3906
2763
1993
1503
2259
754
468
214
3459
859
805
672
2783
2203
863
108
3563
2286
2182
2892
2243
907
2801
3184
3338
2789
3806
3891
436
3278
1850
2987
847
455
3047
1479
2860
1418
652
491
3879
1199
564
866
408
3155
3273
1277
2356
26
2730
801
480
2677
1026
426
3631
1052
3430
3528
2705
3662
3481
242
3781
1991
1496
2760
3786
517
2632
2890
1969
1882
2512
442
1463
2668
648
2838
2490
2933
599
3294
3292
3487
1935
1404
1960
958
2674
1252
3192
901
3618
654
1813
1575
780
538
1347
845
905
1887
2960
1166
3688
1822
1105
3319
1699
3419
967
1881
3085
1093
3401
2751
2062
3464
2843
856
3315
2722
314
1013
3811
492
35
1569
2706
1146
636
3768
1818
3585
591
2942
2450
3526
1914
1636
2547
3333
3381
1436
3266
476
581
1559
1805
2679
1307
174
3437
336
1620
3118
3320
2785
2949
1834
50
939
428
2586
3220
3174
2700
1137
2187
525
2300
2234
1963
606
3853
68
2104
1092
2834
3812
1024
1526
520
1972
2831
2845
2319
1768
3168
1598
1310
3374
2310
425
1976
1231
3066
3394
3695
3385
3379
1711
1733
982
1380
2102
2143
2361
3210
1144
1356
2996
2750
191
1648
3889
2106
1392
3141
1073
3508
3243
3655
76
632
170
472
1454
850
3746
3462
2554
2854
756
1030
1755
3040
1888
1237
3285
1429
3034
383
3641
24
1629
2354
3825
2244
1384
344
3114
41
741
3035
357
2231
2584
2282
331
3578
188
2690
3229
1556
736
1821
3256
171
587
1945
1154
3522
3670
1314
1895
1427
128
3230
626
1362
415
2689
3712
91
1579
3153
620
3455
1680
2790
1188
2165
1287
2003
3550
227
3302
2475
0
139
2123
1772
2069
1557
1261
3857
282
729
899
1090
280
2686
1383
1855
3521
2443
306
3476
637
3880
2470
948
1087
2821
429
2052
1954
1934
1872
2366
2853
2388
1561
1171
537
3566
2065
832
3755
3685
2197
1020
3182
2532
3
3876
3176
1132
841
3079
218
883
445
3776
1952
323
284
3622
973
1860
2117
3409
1083
3472
3325
47
2424
2852
3450
2154
2925
2412
1129
1159
1074
1284
471
2647
2993
987
1363
2291
3303
2398
3402
187
769
115
3181
1027
3822
2983
1615
1933
1068
2465
1646
2185
1220
1616
3452
3600
1951
1610
1659
3835
3844
1114
2805
1189
568
228
1789
3274
1474
3642
1662
136
2656
3348
671
1546
2048
2620
3495
2665
101
1450
261
2914
977
3042
2421
1706
3878
1327
3044
1638
1996
1986
388
1666
1878
2466
143
1084
2169
1478
2929
1621
3509
273
1981
1181
1460
377
3466
1970
3007
1103
2196
2227
666
2713
3422
2236
3684
378
642
1370
1240
1862
717
1740
1632
2605
3015
1209
2202
3866
1408
3824
1941
3170
3175
877
3767
1534
864
1739
1717
3363
583
1194
1929
1890
743
2422
2849
2522
449
3331
3808
146
3502
2568
2768
373
2779
1654
457
2714
3367
1650
1684
3364
2550
1371
1094
760
1794
2800
2839
1062
3790
2219
994
3200
1328
3645
3205
738
3277
604
2177
2437
3163
99
1167
3665
763
867
3339
668
199
1708
1866
3167
3021
3570
3045
3122
828
507
706
1
645
2597
2153
1010
2159
962
1786
2327
689
3104
2410
2056
2010
1667
2245
3427
2692
92
2794
1674
3915
2399
2670
1316
1275
571
496
2646
3485
872
1456
192
2638
2863
1817
3105
1815
486
1198
473
270
1587
2336
2255
1826
2461
145
1174
3772
1182
658
2304
825
3816
3279
3736
1720
3030
3886
3661
132
1848
2456
3038
398
3293
1211
998
1778
3392
2198
502
1331
732
3650
1558
2248
1238
2898
198
2499
63
1206
459
1908
752
2685
947
2732
3366
950
684
1064
1880
3110
3523
3187
3099
2687
3628
2764
10
3218
2808
1529
618
346
1776
1540
3516
3751
1060
3036
365
3492
1335
1642
3016
1150
107
1439
3065
891
2614
67
1774
61
1168
72
3111
3297
1601
1592
495
1567
1191
505
3091
385
3666
1799
2589
682
2373
1285
2908
3002
2242
1709
3567
1769
2799
820
2710
1330
3796
477
375
1902
2627
1985
798
797
3895
1100
589
3588
248
3881
2238
438
1435
164
1974
3596
878
782
842
830
2049
3219
290
680
3261
3494
258
3214
1783
2448
1624
1849
3398
1675
1248
954
1760
1930
3846
3013
3748
86
1366
275
2745
635
2510
2518
3697
186
3439
2972
1484
490
1489
183
3405
1966
1410
3299
3901
1493
723
2374
955
1212
2617
3547
3400
200
3431
3039
528
959
1679
2621
1375
2019
397
3860
2035
3543
3715
1726
2254
310
2389
1825
190
1912
3004
1512
1568
3024
197
3448
1693
354
2095
1940
3708
2997
3012
2754
2913
2379
2704
2639
510
2367
2171
523
1505
1655
2180
3296
1003
1488
1118
3185
119
1645
2269
1689
1317
62
315
1071
2884
3635
1467
1885
3794
595
2017
1625
545
1338
3657
911
1800
3769
3029
1365
2277
1015
466
9
3201
2991
178
1844
667
439
221
1262
3376
159
2708
1234
364
3565
3068
1671
3648
621
2861
1859
2698
3854
3754
838
347
219
757
1937
3280
1904
2723
2380
1161
2140
3561
2000
3020
3127
639
3161
2819
2250
580
3659
2973
1792
1185
1067
2907
3699
2079
1688
351
831
263
3283
51
2767
2544
2053
2955
1796
2585
3473
2446
1134
358
1396
3173
960
478
2060
1401
3691
277
3264
483
370
3686
1117
176
615
3335
2149
931
735
1846
2623
1926
3257
154
3183
2313
2969
3199
1437
1230
2191
1481
2485
3253
1852
3625
3899
719
2477
2029
56
2873
13
482
1079
2797
2494
2012
2022
444
3424
900
121
2625
1305
2657
1005
2136
926
952
3410
1164
2032
2427
3730
1698
944
2734
521
3826
3675
3198
2400
2524
138
355
524
2594
1691
2115
3180
2527
761
2194
2936
209
1368
484
3674
3418
3232
131
1576
1927
384
1910
983
1606
1832
890
1982
2237
1597
2223
117
2992
1133
2919
1732
1381
3803
1497
3749
1025
870
2777
2552
3897
3372
1385
2823
3359
3842
2272
2365
2316
467
2436
3540
3356
2306
2344
2479
1465
1322
25
2331
1757
3190
1775
238
1829
2107
3898
578
2028
3371
1595
605
1136
374
175
1550
3390
392
2491
1012
3088
3189
2818
933
1469
2781
206
2820
806
762
1048
77
3342
1222
437
454
3689
3226
2530
544
2067
2407
1124
1690
1847
1884
880
3052
3442
3525
2995
3165
2635
1294
3022
2856
1838
1899
1678
189
23
813
953
917
292
1246
871
3703
1227
975
337
3236
3555
2601
3593
519
3429
1097
3322
2146
3620
690
927
1183
3491
3460
2157
350
2063
827
2672
3268
2833
1263
2030
2555
127
8
2570
1747
2786
2006
1694
683
2851
232
2766
3375
2045
919
371
1705
1664
2431
3103
2906
1215
2493
679
1043
2076
1096
2916
3150
1054
1113
448
3687
2533
3120
424
2501
722
2889
2301
1798
179
3407
3033
204
1106
1716
1233
3258
2420
2241
1350
2559
968
3557
1517
1276
2946
3451
526
3690
83
2396
1541
3820
1521
1919
2276
1651
3836
2578
3330
2404
407
2896
2592
3616
3845
2998
692
3569
2176
875
3902
1841
3486
1806
2893
1544
2034
203
349
2999
3072
2288
3186
324
1612
3700
1348
348
3327
465
3311
656
12
420
3603
2089
1111
3760
1548
1583
1270
3231
3541
1909
2192
669
784
224
1765
2759
2828
2822
356
530
2517
2651
2163
244
3010
2263
930
2509
3672
1623
246
413
430
3856
3733
3592
1249
1653
3512
1918
1001
1812
2567
3242
764
1788
2976
1957
3484
382
972
979
819
1718
3646
1804
3571
320
3312
775
2624
1259
704
789
3352
2013
1633
3324
3154
3500
966
687
3037
3227
87
2538
2744
2591
2891
555
2302
15
3100
574
534
527
1042
1397
727
1241
3413
325
2068
2719
2070
3377
3102
3343
1686
1244
916
3726
4
2168
3572
2868
2826
809
2514
2506
938
3188
1830
389
208
2297
1942
2954
829
2947
1865
1147
800
1110
366
2375
3347
3043
123
114
1443
2994
2537
2688
1415
2454
2575
1525
3142
1874
1968
2278
1273
44
3544
3779
2669
1336
2778
2384
2807
3559
1916
3396
793
725
1891
3698
3764
2074
814
451
2515
1353
2161
1965
2580
1975
795
1447
312
3080
1413
3917
2415
3653
1217
184
1617
1289
3680
1704
2345
1833
2652
369
1695
1797
3092
1784
2926
1502
1254
3222
235
2368
2124
2452
758
1586
2318
2758
2406
279
1295
1148
2666
894
3763
2305
2682
2495
2986
3904
1634
3128
3617
69
532
2957
2769
713
7
3171
3468
2228
3252
3391
3673
2144
2761
81
2581
2381
2429
2170
3270
941
1086
516
1495
3660
942
46
1510
1906
2576
3316
3217
1971
1730
3705
3086
318
18
896
2812
2886
2353
3537
3267
2747
3587
1172
1504
1462
2865
3224
1571
85
3762
560
2393
2841
2226
3482
3132
2712
3865
20
3498
1290
2311
2921
2939
543
2862
295
1795
1018
1658
1685
3777
2434
833
1528
167
3026
93
2418
3005
869
1562
1894
1574
2702
712
715
1452
685
2529
2218
1128
1250
272
3479
2746
1425
915
796
1279
1619
535
923
2222
2912
2959
974
1360
34
3404
181
207
3630
921
2174
981
1426
1038
3058
1192
600
920
586
730
823
345
1344
327
3059
3113
3538
3300
788
2534
985
3743
2080
177
2351
321
3798
1080
3019
3778
2859
853
2787
3412
2315
2966
2112
3604
511
3740
629
995
1036
300
404
419
835
1938
1700
2528
3393
1530
2409
2938
593
463
2740
403
3106
551
678
3711
3907
887
1386
1554
3097
3714
1142
3704
2566
2667
21
3851
1519
3639
3017
3599
260
2701
3365
3225
1980
873
2728
935
2548
1332
2392
1341
3721
2325
1876
601
195
970
1581
3008
3814
688
1409
1125
3609
2717
1707
1407
2905
2974
70
1748
2037
786
1445
3117
1537
3213
3323
3140
1978
2788
3590
3027
3504
628
2771
2005
1727
1591
3067
1055
3341
739
561
3549
1308
3146
1085
3209
2130
2385
893
2232
3750
441
3071
844
2193
2977
647
1967
3518
2752
3349
3787
32
157
3386
2866
3124
2496
1973
2482
3536
2164
2930
1851
858
1703
1388
808
447
1173
1204
2435
223
1486
3892
3615
1412
2577
2830
2330
2249
2952
1247
3136
39
1722
1466
651
1647
3713
1928
963
1814
231
2054
3061
2958
649
1630
747
2457
3802
584
3340
3048
2261
2593
1207
1459
546
1286
36
2498
1758
3601
2654
3177
3193
353
245
1309
2911
1438
2619
3737
1337
1656
2093
700
1455
811
2014
2225
3789
1260
934
855
2094
531
3417
2044
210
2609
3049
237
1767
576
2122
1931
777
2497
2075
1723
3797
559
3151
2846
3084
2386
1811
1600
1596
3164
3627
1823
2606
1514
3286
2776
2119
978
97
2558
3208
1728
617
462
3458
1702
1361
1394
2569
2357
3078
416
3014
2121
2178
1584
1962
2303
2979
372
2394
316
1827
590
2175
3054
1304
2270
1059
3862
1731
699
570
1696
2560
515
1824
1735
2810
3197
1946
452
289
2321
1235
876
1660
126
701
2289
43
726
707
984
976
548
1668
2579
792
2753
1998
3874
1063
2128
52
2749
2858
744
470
460
418
1522
16
1840
1022
2748
2910
2100
2132
2240
1536
2543
1853
333
3838
1535
3871
313
2951
3089
1959
2043
2887
556
1515
1810
2145
140
421
1861
2046
163
1376
3821
3423
1779
2382
3849
3910
810
2673
3676
71
367
1605
1007
3144
640
343
2120
996
3241
3894
3709
1264
2653
3489
291
1924
3864
585
1472
1494
3576
598
3369
748
1424
33
202
1186
3081
3632
2299
3275
582
728
3082
886
2827
104
3062
988
2333
3471
2546
3101
2328
2364
3212
2791
2707
2809
1034
3109
494
3094
1542
2105
2214
550
239
3783
619
1342
3432
2610
2727
1153
22
1405
172
694
622
2322
1387
102
1229
194
2883
1081
1359
1442
3664
2731
2001
2204
3752
3077
3216
2294
1869
2220
1280
57
2874
508
1431
2733
2084
2212
3469
1553
2042
3457
2064
29
3532
1989
3290
1045
3912
215
1141
3259
676
888
624
109
2292
2137
1162
3046
2541
1411
1533
2081
1002
902
3683
536
3682
2018
776
1155
2500
663
691
1893
3234
791
485
1839
2695
3023
3420
116
2967
96
1672
255
3284
2824
2199
