3675
3531
1895
3813
1213
487
3908
3552
55
2048
2556
1309
89
3968
855
3466
3403
1600
3029
2898
3263
1467
353
1210
1876
3881
3728
200
1521
3964
1200
3317
1514
126
1698
1167
1533
2529
2005
3851
3375
2245
377
2464
3761
1217
1519
730
2692
3000
1018
3319
1834
957
986
1490
1333
756
1237
1606
2983
2075
2344
946
3547
2686
2497
2725
3328
585
3349
1537
1887
1279
2385
1605
181
442
2697
2052
396
1118
455
4119
425
871
2674
3614
1653
2443
3091
3233
3199
406
2554
3402
1554
3510
833
2795
1599
552
847
240
3979
401
2057
2799
1840
1109
1664
3804
1510
2834
1386
141
171
3653
2207
1153
2106
3053
2483
2441
1974
3098
2616
2236
233
1870
1196
3746
2945
2354
3775
2772
437
627
796
1549
625
1057
77
3924
1353
2743
35
2201
1113
2830
1559
1800
3504
1501
2186
2893
2176
772
1372
2449
1633
3977
3923
3435
3770
2936
3730
1778
3777
4091
379
2933
723
3301
3379
2963
2609
2698
2746
989
2560
355
2124
186
1434
1043
410
3826
211
473
273
2645
3307
3149
1645
3330
1689
241
2
650
3689
3230
995
4151
12
1163
1745
4037
968
2894
3388
1831
3742
2438
3223
501
1965
731
3463
2175
2555
705
3903
3963
41
1635
3076
3657
2171
1956
535
670
1042
3725
2882
3946
2567
1650
973
249
2711
369
1746
1494
276
3916
2219
2482
1564
1379
1711
2275
1989
1904
1162
3408
2753
292
2079
1006
1373
2663
3327
248
956
2096
3514
715
2537
1182
4154
2189
1301
1577
780
1722
2463
2133
1508
2376
727
1072
3218
3700
3311
2917
2323
3300
1360
3207
693
1281
1670
1505
2688
490
3268
2211
2054
675
2496
3415
975
3316
3177
2445
778
3913
849
1873
760
4102
996
3065
4103
2844
4113
2082
3195
3280
1159
821
408
586
3358
443
2806
2648
14
4118
1295
1347
1604
465
643
1307
389
3747
1012
752
4050
1657
953
1529
848
1107
669
2547
253
3394
3787
2314
880
3117
2693
2594
2788
7
4146
2004
3938
2213
1215
1104
3676
2446
4121
1583
3717
214
2942
368
2053
1034
17
458
205
2334
84
1068
2681
1342
2491
636
517
3655
1907
1410
3026
3204
1824
726
635
4019
3378
3696
227
1157
685
1392
2033
1350
2256
3644
1865
2617
3888
3014
1949
3070
1977
965
1972
481
3745
3249
1868
1054
257
3995
2116
1803
654
4051
1632
1297
2467
1345
1572
1190
2434
33
1712
3850
3790
1387
212
683
2767
1287
3267
1915
1320
3789
1429
1451
1707
3673
3606
1726
1212
4063
1780
2664
4104
267
2991
1473
3540
3715
4157
1950
763
2337
3621
684
2266
572
1621
3346
657
2565
2043
565
2011
867
1059
3627
2387
905
2355
142
1615
3989
4108
441
1056
3119
2402
1957
262
3190
318
3257
817
3691
310
1625
464
700
2921
3836
1134
3723
3759
32
845
243
3572
407
421
1747
1955
1640
1447
4034
1304
3611
1622
2450
1363
365
1052
2804
1393
3719
1696
613
1613
3284
1790
3410
1819
3294
462
61
3735
2330
2595
3698
4089
2069
1896
3023
1341
1089
1879
2821
488
404
2353
1462
286
4138
400
2288
1580
1266
527
646
1964
1760
101
3619
38
916
3202
1290
2180
2104
510
2730
387
2372
1947
2164
2649
2531
1285
3417
4047
1149
2390
1468
1418
2812
216
2915
1531
3303
3518
2559
1850
2432
1573
1723
2654
1676
648
3147
681
830
1612
196
197
674
2689
2257
2632
118
1450
1202
322
1114
299
2139
2342
3734
168
901
2293
1357
3165
31
2102
888
3103
3386
1772
1626
3890
3681
2570
3904
3161
2373
1688
380
2268
4
383
614
3519
554
2205
3430
99
2615
3155
350
1033
1500
2836
2295
1749
4056
2575
1562
3573
1526
1483
1019
432
803
2889
2851
2678
1849
541
3731
3066
419
1560
1634
1732
2212
373
1039
2818
2115
3776
1152
3580
316
542
3222
1798
2162
2302
1671
1305
3824
2802
1426
2442
3571
1324
2729
2231
290
581
2129
158
3441
1703
4120
1092
2399
2908
3584
3438
3549
2019
703
2027
3130
1218
3265
3516
2221
2088
2148
1064
3493
3071
3002
4101
275
1846
56
1614
3660
175
1682
494
1352
768
3400
3744
2062
3011
2862
3749
3136
440
169
3511
2126
1855
3293
3682
489
1651
876
6
1460
698
1997
3545
3915
2127
3132
521
3381
4021
2032
3570
1453
1155
1507
3095
367
2204
1222
3012
3597
1024
2906
2516
3607
2589
4087
231
2604
4097
859
1647
1567
610
324
2901
2193
3392
1311
2509
104
3428
3541
1048
1919
3767
893
3382
1478
67
1954
1854
170
3892
1051
3704
486
4038
1170
2540
592
1288
2023
1913
162
701
676
3335
446
3604
378
1171
1389
3656
3043
1093
1925
900
3839
2863
208
1209
550
4032
305
3588
2430
1793
160
3868
1292
1262
1351
2208
1150
1420
264
2150
445
2782
2345
2468
1783
3128
2642
3189
3373
1859
2771
2751
3318
513
3040
2280
3973
3786
1278
571
1442
2867
202
3275
3505
294
950
1016
1705
999
789
3089
2926
3372
733
438
3170
2026
3810
1110
691
1080
3083
4054
2739
2690
4128
1694
1228
1248
4160
3261
4016
2797
2284
2251
902
1503
1219
2312
3245
2954
574
182
1022
415
3886
1251
2885
52
1983
884
1814
1135
4100
46
2533
563
3305
3364
2985
697
135
2763
2422
3277
2856
626
3554
907
4094
1065
3042
837
26
3894
2076
1481
3620
3481
3901
2143
1993
2694
773
1946
2510
2072
1172
4117
1413
1880
539
3956
649
3727
504
1700
2938
3200
1740
1127
1886
106
2626
256
2696
3391
1458
2577
599
617
2451
3632
3416
2413
73
2930
1336
1408
4001
3951
4137
1230
2058
3037
414
3601
3115
3672
551
631
2365
1727
1115
1058
4156
4067
1555
3972
1729
287
2732
872
2040
1269
2016
152
1423
3929
4131
4057
203
2817
805
1884
289
300
2247
2030
3871
1098
3841
1910
3209
3150
2710
4026
1011
2484
1751
2679
2982
2168
1616
4105
1697
1238
323
280
2748
1106
1724
83
3948
2389
2457
1476
2628
3419
1229
2421
2192
696
2190
1014
3229
2943
477
1314
3465
1334
677
3569
732
2009
3314
1366
3860
328
2013
1934
2668
2975
2610
562
82
3283
2083
2918
3693
2071
3943
724
2777
3252
1079
3376
58
3666
3662
3420
3080
2955
213
1927
2900
4114
2412
1367
3880
3422
272
2773
3720
963
97
3453
682
4130
860
3729
4123
1759
748
3958
3955
1464
1344
1702
1129
605
816
2194
2099
1561
1674
2165
3244
1133
3050
229
3304
846
4041
2003
3421
1570
130
366
2971
3024
2107
3613
1828
2367
2313
3302
3368
2045
2880
3885
1930
2598
1280
2046
3583
1528
1839
2014
3191
511
3643
640
2024
3431
804
1958
904
1036
362
2503
785
64
2370
1981
2705
3173
173
1750
3701
1067
3308
4029
59
2522
2108
2815
2448
190
1799
456
913
2892
180
615
3272
2586
1398
525
1665
3082
3496
459
1261
2427
1753
3590
758
1764
223
3986
1774
2568
1658
3102
434
1332
958
307
2922
2034
854
1223
40
1475
79
632
2874
2958
2050
2504
1692
1015
910
143
1848
663
2512
330
1411
1889
1496
3116
2283
2722
522
1909
4145
1053
315
1892
2611
2720
3800
2514
3809
2572
2476
2877
1156
2187
153
1953
2120
987
1461
2592
3636
1979
3721
1788
1073
2928
295
3702
1679
2762
1808
2630
3708
2276
561
2331
3405
3902
2629
3259
623
3063
2324
607
886
2606
424
1259
3162
1575
2417
921
435
3821
297
345
3483
3118
3877
3334
1108
450
3629
3390
1137
127
3484
4011
1739
1721
3312
917
856
2709
136
1188
1980
1383
2786
1802
3196
1289
4125
3291
2481
3508
622
560
2513
4099
2146
2420
2552
1966
2264
3743
3865
2966
4161
3254
790
4083
372
3785
2887
2569
311
820
225
1396
3651
1095
230
3384
1959
621
2723
1581
271
3020
2913
0
1339
3910
3922
2428
2582
926
538
3266
3258
3525
1566
1836
167
3685
3976
641
385
1009
1845
1437
896
1425
4136
2638
3412
3475
3188
1071
321
461
3970
3192
3215
653
3501
2619
237
3536
1648
1999
1013
71
2738
447
2328
3663
2912
2813
1375
2396
1781
992
185
840
3855
1312
800
887
1582
1807
198
736
3765
3433
4135
2827
2605
4009
2534
787
1708
3737
2658
3320
1811
417
2825
2627
3526
3876
1275
2517
3671
1498
1026
4044
2822
2398
2340
1875
1331
1992
1294
2241
493
9
2650
90
2500
1401
388
520
423
2896
1384
3816
899
3532
810
3025
2113
3985
2770
108
2950
2037
603
194
3533
3934
889
935
436
1400
2662
2847
914
2144
2749
1122
1662
1031
418
2717
2684
1124
1340
3084
1536
3974
3654
1882
3983
1174
2158
2988
3108
3875
3772
2282
3930
4042
1598
2426
3457
2252
1636
588
3825
50
3045
584
3661
590
28
176
1326
4061
4079
580
1661
3935
628
1644
1813
364
3440
2309
2849
755
1833
3184
3363
4049
644
3522
2021
1005
612
3331
3143
3104
88
24
3846
3668
3401
2316
2671
1298
1078
2338
3079
1470
1061
1258
3793
1716
3482
3665
1313
3106
36
2677
2959
2838
508
3073
2639
729
4062
236
2718
3610
3186
3585
484
3591
2909
2994
1131
1532
427
3795
1427
3256
4134
1456
713
2454
1185
3984
3414
3794
390
472
1990
2528
1843
4122
3878
3624
4148
3022
1902
3994
210
894
313
1832
1856
3176
2092
1937
341
947
2946
1327
3768
1837
2269
1201
3952
1556
1132
3350
1010
933
2952
3434
2672
3563
3166
4147
1325
2631
1414
2229
1520
532
3603
3087
3279
2831
2879
940
2607
266
3425
1758
1597
1512
862
1713
3911
1272
892
2112
1809
4111
679
1319
3756
1768
3183
2891
2805
199
793
2172
2041
838
920
637
3107
3124
3780
1063
1388
2667
2469
2551
3028
2757
515
1214
3605
3740
2587
1864
359
1677
779
242
1204
749
3432
960
2878
2742
1416
1985
2329
254
814
1240
4035
660
2581
217
3295
2253
1244
1440
95
45
695
2368
531
4126
618
2927
209
3907
2203
2899
2790
3175
2761
3982
2924
694
2895
1976
827
1139
2613
1046
115
1187
3822
3247
524
102
3864
3658
1480
1030
3714
2119
3732
4064
1173
2576
270
4152
4046
4088
1704
20
439
1454
3623
1246
352
2925
980
1656
1847
1205
93
3849
1277
3919
841
2937
128
1926
1590
1027
2998
2823
1908
1317
589
2391
3094
183
1970
3015
105
420
149
3945
2478
3833
3032
1733
795
2322
218
3449
3539
238
931
3634
3105
2839
1303
3667
1878
3840
2635
2755
3891
1371
42
1767
1419
2479
3146
1445
2225
4006
1820
3125
2758
3467
3940
839
21
3490
1903
3337
1145
4142
2017
2967
2829
3234
3054
1893
3857
1361
1906
2703
1763
2876
3799
2485
3397
1328
2233
937
716
1094
516
2853
2524
3491
3323
2861
3488
993
2691
959
578
1748
2704
4081
1539
86
2200
1683
283
1851
2471
1265
3659
1186
945
1497
361
2243
2840
3898
1444
1377
3129
117
1090
2411
2601
166
1744
2437
384
3225
1142
1271
2956
878
2025
334
3461
4072
3884
2608
2774
2992
865
1253
540
2769
3997
1457
2056
3287
1995
2759
2393
1255
873
112
4024
2548
740
3521
2452
2147
3445
3298
3931
495
718
1779
3286
2986
942
215
2007
1784
3912
1274
4143
3556
4023
2477
2881
897
2745
938
296
1432
668
326
2897
3686
2267
3238
2047
2870
3127
2333
2416
4158
2948
3120
1180
1193
1443
2820
122
1812
3914
2358
3220
912
2424
3589
3205
1041
3664
712
753
363
2250
3211
4140
2508
260
2065
3424
720
3853
2614
2084
3010
3918
2602
2695
3980
357
2261
2163
81
47
29
2728
3034
3055
971
2064
673
146
746
2656
3831
3769
3757
1787
1822
2535
808
3641
3558
163
3764
224
1359
1502
3290
1346
3472
3399
745
2375
969
172
395
2545
1667
2673
2515
1116
2224
2235
382
3479
2659
1921
1601
1592
799
3310
2074
2868
3006
2214
1710
451
2135
2409
2462
2715
201
1040
1243
3814
934
281
98
3067
3193
734
770
483
1796
3377
3566
1861
1687
4095
2968
1866
2400
467
3905
2044
836
1693
3039
3056
4028
3858
1178
3338
1176
2929
1045
2571
557
2655
3579
709
952
3021
2311
2440
3138
1365
3550
3031
990
2923
239
608
3292
1428
116
3069
2294
132
661
1624
4129
1499
3458
1465
776
3538
491
1083
1435
4065
2155
1338
1225
828
174
798
4109
3818
2511
3486
39
2987
2843
2634
3226
386
2661
3237
2682
573
3197
3576
3439
1102
3332
397
1838
3502
1691
3343
2028
157
3074
3988
774
1382
156
807
2760
1678
2134
3393
3798
744
2486
3224
3471
2969
1804
2297
642
3625
1117
1101
598
3096
3542
1007
629
3060
2006
336
3926
3652
2289
1140
1652
2472
339
1823
3996
1863
1757
3906
506
3507
1718
3354
1252
2085
2680
3221
2669
3678
864
1897
857
3978
710
764
3638
3608
1827
54
2320
2543
2161
577
2784
4071
1511
1596
2170
3560
3927
3561
2018
1074
2935
1260
784
1247
870
908
3670
1318
2919
482
858
3251
3819
3872
235
2273
1805
2348
1542
2138
314
3248
1183
507
2377
1076
3492
3506
2597
4082
2081
3123
868
2492
2291
150
469
813
2931
2259
1639
2080
3041
51
3586
2089
2646
3240
2466
1509
3959
620
2118
3255
317
2215
2620
3592
2502
3754
2765
1273
1608
3460
3830
2223
1362
2206
2980
1025
1725
2077
1424
915
2326
2562
3971
2939
2060
1257
2660
3169
1762
962
2670
250
3121
1996
3051
2456
891
2934
1587
1530
1928
1226
3763
2521
1391
1486
1141
759
553
3815
1900
4058
269
881
1730
2336
3061
3093
2392
2801
3122
4069
1545
2346
3208
219
2976
686
18
3965
739
1337
3001
94
3437
1482
3357
791
2222
3347
528
502
1126
2121
13
3899
543
3709
4008
3407
4045
2307
658
3203
1264
4086
2366
161
1719
2872
944
2356
2308
1936
2603
371
3637
2352
2035
2325
1487
428
3626
1439
3961
1967
3315
3480
972
3241
4139
3895
2095
53
3048
1623
349
1659
2713
3396
1169
927
1738
2977
2544
4040
2141
44
3333
2593
2984
2754
471
48
2756
2719
87
3427
3464
3694
4084
2768
819
3866
2394
906
762
2623
600
2114
325
503
3739
1491
3008
3829
2285
4098
3587
1191
1939
3321
1690
2920
1619
466
2318
1563
3404
2775
2764
3679
133
3834
2299
1203
1099
2636
413
3844
2811
2657
1081
2832
1765
529
1791
2884
2505
2780
3141
3697
2125
741
4153
4116
320
2458
3711
1591
2944
537
1728
69
1177
4030
1715
3064
3791
2816
119
4132
3459
1815
2157
3468
125
545
761
3957
738
333
57
3030
2873
3413
1932
3058
981
939
1579
1877
4014
3500
3
2038
3418
3340
398
1706
2546
3594
2507
2600
3485
301
2051
2154
2783
3359
3454
1164
1049
234
3555
1469
478
1663
1918
2973
555
3529
2350
3281
2123
1211
2523
2167
2137
3993
1390
1891
148
2996
951
2489
3135
3264
107
1797
1731
1234
2590
191
1629
1905
1973
2156
2128
534
546
1709
3792
3932
2744
500
179
4144
338
2641
4015
3270
1668
3100
4002
717
3528
1268
30
4110
3178
1770
2258
929
3109
2734
1857
3179
1032
2423
312
3374
518
3497
3755
2303
645
2142
80
3324
3602
2940
1050
78
144
1415
1535
302
4070
1161
2066
591
3154
1603
2433
3628
3038
2455
671
1714
1433
2244
1551
3577
1569
1842
2854
3059
3551
3017
788
3687
4093
2993
2474
499
564
2707
255
811
3512
497
3185
1184
769
360
293
1001
3867
358
1952
767
1088
2386
2298
3807
1216
568
4159
2470
2132
2254
3035
3801
2621
221
2766
1245
1627
2105
1998
1963
1638
3695
1085
2583
1548
3285
3365
195
1206
3861
2644
3436
1004
1044
4080
3360
2278
25
3796
1792
309
1898
1761
3909
2733
154
593
391
3716
1518
1686
3835
1773
49
3456
4124
4149
3680
449
3509
2708
2932
2315
652
4090
1354
1111
2281
3733
1343
1942
2238
1830
3808
898
823
1023
1923
2916
3219
3153
2622
1495
885
3612
3724
2198
3019
2378
2752
3646
3228
777
1756
2425
3217
2436
3163
3181
822
2859
43
1493
3235
452
3600
2357
1199
1775
2073
829
2262
92
1584
3921
3062
1097
3212
655
416
1945
903
1430
3773
1121
3369
66
3018
1130
1890
966
3423
3144
3168
2653
3271
3981
1406
3072
3174
16
4010
2665
282
2431
2447
3802
2947
3273
2506
2031
1422
4025
1105
3113
4027
2941
883
2182
2403
2177
2808
247
879
2647
1069
579
3828
1912
1112
2359
1091
949
2195
3159
1008
824
3086
2101
781
470
3845
2803
3647
1544
1962
1323
2542
1734
2495
751
3781
722
1195
853
3639
74
4013
1618
3342
3005
4004
3447
1082
998
3246
3306
1933
1329
393
3455
3820
3887
1611
633
678
806
3172
3803
468
3648
1267
771
601
1330
3004
1717
1221
2152
111
403
3187
27
566
1607
2153
2527
1355
1179
1969
2526
3998
961
3517
3013
3917
412
3751
882
187
2000
4012
3736
844
2833
3933
3962
3574
2579
2961
2197
3036
3726
782
1988
2721
954
454
1806
1374
2979
1675
422
569
875
2530
3683
370
3478
2459
3494
3523
3928
3557
3975
3210
3462
1869
2807
3669
3260
2701
2332
1841
2216
512
1296
1232
2111
639
2989
869
815
1293
4150
288
3515
2263
1335
3710
1602
496
1087
719
890
109
3009
2736
1938
3882
1120
2490
1594
866
1984
3966
4018
1197
2974
1752
2374
3134
3873
3812
3562
65
754
96
1449
4036
2097
2199
1786
4017
932
1208
3078
1055
399
2397
3344
1284
582
3156
2848
3446
1685
688
2965
3950
3642
2002
4033
188
375
3630
3999
4092
124
2012
1020
3081
165
3987
394
110
2098
228
3900
3703
2382
1699
3243
1766
1982
2020
3567
2727
279
725
706
2794
757
863
3133
2286
3160
1968
1743
3158
91
344
1236
2131
1922
1084
2234
3299
2404
3474
3325
2541
319
2487
2304
794
2270
1844
1867
2999
3942
2209
1961
113
498
2633
433
1348
3033
3057
3450
3503
3616
2475
1000
877
690
2990
1525
3688
609
766
1642
1801
2501
2951
3889
252
1741
1540
1872
1917
62
331
3262
15
2181
1672
3339
207
2384
2612
2239
3741
3157
2091
2361
4141
3182
3289
3854
666
1086
2596
2494
2585
2179
1158
411
4073
3953
1322
3288
1270
924
4066
3389
3870
2369
2637
3274
3326
556
638
1402
3487
2343
2036
1321
335
1701
3090
70
2826
2380
3937
278
2196
3939
4052
3543
3649
3779
1517
155
728
2964
2237
206
3398
1777
2911
919
3527
1417
2997
2702
3044
1894
2902
138
514
2300
2888
1673
505
2905
2439
964
2618
3112
2741
1578
3498
3092
2779
991
1103
2029
1286
121
1935
457
984
347
704
3442
3778
192
2149
2480
485
193
2750
475
3869
1075
619
595
3797
1666
1929
1911
2371
2277
3351
2910
3142
3684
1817
1538
994
1901
492
1021
1720
1397
570
3947
139
2962
519
3242
2414
3548
2248
786
2683
348
874
2685
3941
2676
1160
2410
3470
2995
1610
604
3752
3348
1310
2561
1299
2381
342
2086
2306
3385
2063
3152
2405
2842
2260
2781
306
1198
1971
4115
1370
3750
1589
1479
3783
1735
692
2473
3598
1960
665
2871
831
2553
4068
1782
4022
374
750
834
3565
3049
3874
936
809
1860
2549
1060
1754
2265
943
2580
1405
4133
1291
1077
2310
1617
2850
3296
409
852
3387
177
1568
1421
1448
3137
178
448
576
261
430
1227
2914
1593
2792
1282
1941
1574
1776
1681
2625
1276
2791
3085
2584
851
2525
2520
258
1944
2563
2519
1308
189
1835
587
3618
460
303
1951
647
3879
3578
3131
918
1557
1154
3236
2090
2015
3674
2290
1146
2532
1123
2246
3690
2793
3782
3534
948
3705
4106
259
2059
1316
974
3111
2279
985
2978
327
597
3269
1436
2160
714
2819
3362
1931
476
3329
1541
1571
2740
2140
4060
651
3356
3101
3353
3706
1250
1143
2731
707
4059
1231
2700
123
1586
2347
1609
3823
1646
1888
1818
2093
812
1924
3476
1066
1254
3239
923
3046
672
265
1168
3164
392
3553
2136
3231
3016
3473
575
2814
1914
2364
1207
3443
3047
1399
308
3843
1463
4020
747
3960
708
1028
1138
37
1546
1825
664
2173
1637
2191
3863
4074
4031
222
1471
3967
3599
2972
2778
2406
2890
2379
2488
2518
1576
3582
2321
3593
3581
3003
2824
988
277
1358
702
2453
2327
2418
1516
3992
925
1871
1404
624
1368
1513
3171
2747
2787
2388
4077
1506
3847
1136
3322
941
1948
2735
3595
8
699
2255
3635
2094
2539
3099
2970
2652
2301
3452
159
1862
2070
3837
861
453
3371
2724
1412
2837
1504
2855
1220
2460
3774
1385
2383
480
1
3738
1669
2360
3897
1588
3139
1409
1181
1070
3027
2675
2395
3075
1858
2578
2907
4048
3448
3838
1885
1376
1986
1306
955
3140
285
2875
3524
602
131
1795
2122
825
2249
3366
2202
2846
3114
2864
3429
402
1515
3088
2809
1978
3513
1395
3282
765
3537
405
2796
60
3883
1492
4112
1595
3862
3469
2981
1224
2588
3232
1239
1994
4127
3395
3530
2117
1192
3145
474
232
1096
1166
558
1816
2557
835
1438
606
2271
1940
3575
2272
2407
3198
3949
3811
1489
2335
3426
3788
1852
3806
3167
1249
147
3954
976
337
381
2886
3753
1695
1119
22
2145
2401
1547
680
3622
533
549
1883
3944
737
3615
3367
1523
1874
1485
2687
1534
11
1364
2230
2226
1455
343
3489
1630
1474
431
2444
1233
1175
2776
1431
2210
1315
3920
1771
1620
3336
2227
3617
4000
1742
2573
4096
2904
145
2857
164
1144
3692
114
3832
1789
3805
1283
1550
2651
100
2022
721
2042
3097
1826
2242
2001
3713
2798
2858
2550
3406
3345
3827
4043
245
3852
3633
3194
304
1394
1680
2039
3699
2810
1655
3077
3180
3568
1553
2737
2341
3409
1565
3893
2055
3213
2591
2419
1821
340
1477
3645
2461
1300
3856
1100
662
2169
1148
1038
1381
3762
3760
2287
2362
826
1853
3214
2699
19
895
583
1369
1147
2183
3276
983
2151
818
3969
1446
4007
930
291
329
4085
351
2109
1235
263
4107
85
2008
1189
997
1002
775
2435
226
1585
2184
2103
1736
3925
596
1975
220
3564
2292
1628
850
526
2100
3936
1125
3596
3495
75
742
1037
1380
1755
967
2185
2220
2178
797
3677
2339
429
2706
376
3477
2564
832
928
4039
2852
298
1558
2305
426
4005
3380
2274
2174
979
3609
1484
3383
2130
2218
1459
1660
544
3151
1943
3313
567
3444
801
2319
3990
2800
284
3126
1356
3784
2232
1643
559
2860
1654
3341
2845
2493
356
4075
1543
630
5
3535
1263
2351
1017
1003
548
1527
3309
244
68
1062
2828
354
523
3253
2110
3278
3411
2498
1916
1810
76
978
251
3991
2953
3451
1522
1378
184
659
977
667
2415
3896
1991
3718
2429
3520
1256
1452
2363
23
2903
536
1029
2349
3110
3148
2957
3216
2714
982
134
3068
332
1403
2716
10
2835
1552
3361
129
1684
4003
1641
2296
2068
687
1899
3052
1047
3859
711
479
3842
140
3559
2217
4078
3631
2166
3297
1466
1441
1128
1524
2574
1794
2067
2558
4053
1649
3370
783
204
3201
2317
3640
1769
2499
2240
2087
120
1881
2666
2726
2049
3817
2159
3771
4055
2712
444
2785
2228
743
3352
1151
1785
3758
842
4155
3250
509
2408
547
3546
3707
2536
2599
2841
3848
2865
530
2624
3355
843
1987
1407
2949
2866
3206
3544
1488
2869
616
2883
802
2078
2789
1920
2010
463
1242
1737
3722
3766
2061
2643
2640
246
909
151
2960
3227
63
268
137
2566
1829
2465
3650
3748
72
1241
3007
103
274
1035
1349
611
792
594
3712
911
970
2188
656
689
4076
1165
1472
34
2538
3499
1194
634
1631
735
346
1302
922
