216
3269
2271
3130
3761
2045
1865
701
2967
3013
2751
2198
1142
1083
3840
1092
1824
2857
630
1937
1493
3587
3455
2393
638
397
314
581
260
3415
931
3284
3212
1630
16
747
511
1676
2246
387
724
1590
540
3721
3346
2027
2114
2429
580
29
1201
1728
3563
3516
835
740
2141
2013
2668
3401
1905
3706
390
1
2297
983
1165
1522
3426
2790
1946
1284
3792
2785
1329
1505
2408
977
3682
3524
1651
2519
3203
220
3128
1814
3787
1257
3868
3142
1095
3711
2625
333
1996
2434
3758
1396
3458
2815
600
3149
95
3883
3364
694
2221
1470
3702
2995
495
3195
549
346
59
2621
3613
1692
3390
1726
499
1240
3012
2126
3103
3150
3839
398
3435
909
1886
13
65
2949
2001
2893
182
2462
318
3318
3754
761
268
2612
2687
1444
794
3629
2123
407
976
856
415
3609
1821
916
2545
695
765
1056
1558
3611
1775
1618
1860
2453
1518
3233
726
3276
1148
3164
2354
3592
660
1190
1382
2424
702
3514
185
3192
1850
2249
2334
1734
2574
2088
554
1023
3800
106
786
1068
386
913
1334
2853
3911
3402
3861
2187
1798
528
668
330
3603
418
948
2494
689
1266
1027
77
1076
1069
3065
789
408
1717
2926
914
1100
2786
2355
3715
294
412
1145
17
1289
1437
836
3553
2308
2754
1181
3132
3175
2781
2209
3598
3810
3547
1978
1645
3880
2701
1009
21
1709
802
3253
3496
2885
847
329
2947
971
1113
2551
558
288
2737
3052
3109
1295
1325
828
3038
3513
49
356
620
2859
3076
1160
217
2364
363
739
1873
1218
1772
165
2451
2478
1481
1182
424
105
2780
3111
3281
1552
1631
3766
2454
279
2906
2280
3541
882
2082
3391
1146
101
2522
2049
564
221
3777
3321
642
1127
940
3237
3534
2242
2220
10
1131
2973
438
1767
523
1511
208
3019
2058
3822
2769
1179
3723
1400
1060
3718
2711
3617
1579
1682
1321
2670
2296
3208
918
1370
212
3094
2325
553
2659
2084
2645
26
39
3366
1954
2547
1774
2567
3471
883
1914
2792
2920
2120
3694
255
500
656
3441
1758
3069
2477
2609
3824
1957
417
2070
3562
2170
1698
1562
1338
1542
1867
1654
2148
2599
1529
3789
1809
3194
2819
2255
2950
2387
3042
3278
1769
1737
3566
2400
703
497
2353
2877
2896
1354
2766
1385
1966
3882
1674
2999
468
1790
1407
3165
1167
1949
941
2195
925
392
1923
2438
1980
2966
1488
731
2059
1049
3829
37
512
481
132
63
2267
2869
2876
383
339
2515
3647
2402
3734
2789
2691
2037
261
461
89
244
121
3417
2005
275
2577
2407
2263
108
2
3431
169
792
3459
2662
2727
1120
3308
1018
371
1641
2735
2984
340
428
3497
1161
1515
878
1281
2923
2976
2831
1246
2581
1983
1817
1029
1164
2032
2850
2158
932
410
3137
1918
2384
1791
3252
41
2982
3693
3403
1044
3385
3383
3895
3162
3705
1184
3420
557
1554
3027
2487
2118
1644
589
3114
723
3427
3234
860
2101
904
2750
2762
3337
2764
3494
958
576
666
2185
3053
3628
3518
484
2623
1435
3218
1085
3180
2605
413
1206
1807
72
1955
1326
218
571
2163
681
2996
1664
2590
1877
1417
3255
566
3133
2077
3546
35
1727
1223
3367
2216
1920
903
3196
2771
1237
467
1780
455
1157
911
3443
2881
1841
144
2616
2363
3555
1563
812
3560
1128
3090
1461
2033
3559
464
995
762
3200
3499
1340
1175
1419
1405
1364
3068
3202
3896
795
133
1359
2472
831
1606
926
1055
1607
777
249
1782
2100
3618
2481
2018
2352
2770
3701
3204
2986
210
477
2042
2346
919
3775
872
825
3363
2808
3522
3433
2791
2243
3569
201
1379
3029
691
2586
2135
3329
469
334
433
2968
2654
3735
1611
744
1559
1556
3582
194
2646
1485
206
3062
1755
834
2661
3627
2907
3290
2836
1301
3063
3277
188
2404
1352
3681
3564
3129
3362
2073
1690
2879
2383
957
3548
3313
3719
1264
2855
1756
760
1843
2344
1792
3561
3757
548
2832
1186
3785
1185
2065
2298
562
1787
2247
2129
1972
640
2283
1587
2317
1881
232
1736
2095
3593
2693
1019
43
1718
717
2443
2197
1502
3764
1449
3347
54
343
2380
3656
924
2207
1347
1415
1393
859
1395
442
2069
811
1355
3834
615
2143
2743
955
2446
2256
348
3612
1987
2016
1560
3756
3597
3373
1208
3779
3056
2660
3688
40
2394
855
1011
131
2480
34
354
1779
3178
1178
3891
3909
1174
1343
3830
1968
713
154
3169
2133
543
1928
2235
2856
1699
3877
716
2813
954
11
3886
2511
1360
1696
3510
1777
1823
2360
2534
3315
402
2301
1962
1391
2074
1003
3428
1994
3850
2290
2316
3201
559
3538
1569
3270
3679
1422
2459
733
3507
790
44
14
1445
231
1671
1684
1434
2835
1176
889
2361
1875
3697
263
3739
577
487
1510
1974
2224
1871
2676
3692
514
3370
1150
3862
53
3328
2690
1388
2234
2223
3021
2166
2145
2652
2236
3601
2437
2305
1574
2194
3773
129
2014
2411
1192
1115
33
1299
2281
3144
2983
3023
3865
2626
2563
2093
2009
1384
3156
1662
1711
3416
2031
164
2406
242
234
12
693
2052
3462
3292
1222
1349
1591
2892
1155
2533
2182
3222
3377
1180
1858
399
2444
3310
3728
406
197
138
1285
2320
3216
2843
2874
3096
3327
3120
1408
1253
801
1810
945
519
3744
1106
3413
3606
2566
582
3235
3136
2648
2722
2399
3621
3568
2240
344
3349
479
775
1118
690
3517
1596
2063
3050
1822
3671
3478
51
3323
3275
1853
79
2541
862
849
1480
8
3170
3579
2479
2888
3387
1014
405
1238
2427
2426
3049
1902
1002
1829
3139
2232
2056
1825
791
569
783
730
1010
1509
2108
2304
1610
1633
2945
3610
611
2988
3749
2130
677
1586
3350
2414
696
1539
24
1476
1215
1568
1431
1785
2006
2338
1217
2491
2591
2731
1818
2365
488
866
2946
1939
27
1302
815
2510
32
1117
3630
1967
3615
2678
3122
2593
2112
952
1876
3573
1896
304
1279
3092
2757
2358
3710
2241
167
377
1231
3264
637
3322
1882
352
1048
3025
3182
1585
510
3474
2319
1139
981
2203
832
1059
308
1535
3004
2615
81
265
472
171
770
3262
3380
1950
1636
98
3134
2842
2841
963
2150
1995
3409
3537
2555
1952
141
1934
3500
516
1310
2357
2732
1909
594
3450
2183
3374
1668
3434
3408
2588
124
803
529
3748
3492
3526
953
2578
2900
181
55
146
2499
1012
2336
321
2215
3345
2022
3665
384
1305
1221
659
306
2940
1158
3074
23
555
3106
2543
844
2618
2439
3614
3190
2075
2699
441
2161
3713
2475
2264
3847
3675
2529
361
1703
1268
1159
3389
1677
61
2000
2536
2259
1022
2689
827
1707
1089
3480
2218
1799
2571
30
3624
1337
1109
3717
3570
2314
2450
3738
1072
1229
2849
2350
1286
736
2630
2942
2303
1020
3663
2376
239
2128
3005
2024
1114
3503
1956
3002
1820
1450
3307
2905
3326
3118
2327
647
845
2484
1111
3858
2040
2359
629
3173
1528
1091
1537
2106
2692
1172
3230
1241
337
3214
1855
3456
1374
2686
2777
3745
3491
719
1512
1663
2935
3844
2250
1007
735
3530
3015
353
2177
3699
3191
2335
436
3339
1557
2066
3412
1694
1778
3769
1426
3875
1895
400
205
2639
233
3801
2189
3125
1504
2913
3581
341
3407
2337
2802
830
710
87
2111
3147
2622
2025
458
284
767
3742
2244
1317
2553
3632
3914
2097
3812
3371
3007
466
437
3100
290
1844
1410
3690
2099
5
645
3430
1773
1258
1891
1463
2307
1622
890
697
2397
1804
3251
2932
2142
1366
1341
572
280
2933
3539
88
934
20
1484
250
2664
2680
1482
607
94
2939
2285
1747
1661
2806
3860
942
2527
1269
2188
213
311
3086
193
3889
351
3521
3439
2861
2466
1599
3382
1224
2624
2944
1498
1213
823
113
7
1973
2237
1361
810
2730
3105
92
3805
547
1609
840
289
1831
476
3732
3289
2657
3793
3781
1935
3708
156
774
2992
269
3750
147
3698
1981
3575
754
3591
984
3089
1197
1292
3625
2086
805
3814
2138
3631
2708
1054
2894
1278
1071
3906
3177
2482
313
910
1897
1064
2570
709
38
2695
527
3515
2820
2252
230
227
3206
2516
902
2169
3464
3097
1561
86
3626
120
2467
593
2369
136
9
686
2587
2371
1985
3567
3485
2647
627
661
2312
655
3666
2389
1472
965
938
2585
3846
3854
881
1274
1523
618
277
3054
368
550
1545
3876
2392
153
1378
1907
80
864
1345
3187
1420
1075
1642
2366
3448
1742
816
1248
1959
179
2733
1890
1103
1743
2556
1555
2606
287
183
3604
1750
3183
1816
1632
3716
2322
1933
2531
446
460
2540
508
2921
2409
1766
3314
3811
1471
2759
1263
676
3135
1795
317
2941
1580
2739
2962
2222
3298
1303
2202
3127
502
3736
1530
2774
545
391
2514
2044
3577
1687
2667
1834
1256
2144
1375
1239
1977
2715
1862
3482
1220
3763
224
82
2212
3085
986
3622
389
3642
1144
1524
2564
1330
601
2199
2583
1520
1066
3825
2372
1046
52
1132
1327
1620
2147
870
1604
3396
1041
705
2428
1209
3003
1094
3319
3209
3589
896
2275
18
520
58
3260
846
720
507
3661
3772
245
806
2746
3447
285
2858
75
184
1938
2761
480
3649
1993
117
2302
2433
3823
158
3465
1086
1428
3119
1548
322
1884
1397
1680
3287
1156
3472
3043
3291
2385
3140
2137
2410
1478
3432
68
3616
1464
946
2134
1516
700
111
112
3082
2546
19
2981
378
1104
485
1453
678
3752
3095
2912
1566
650
1198
2903
2549
3916
4
125
1911
3198
395
1846
2375
874
2745
2508
3083
3378
1927
3342
1764
2990
451
1765
999
2089
267
2213
3116
3312
3835
711
3247
1283
2105
2191
3504
1570
1004
1578
3332
3794
853
1652
1826
3903
1685
1621
2381
1944
568
2851
3240
2180
1761
3799
1073
688
617
1199
2603
2328
2104
1879
475
804
2716
1770
2600
2793
587
303
2261
3915
1598
3241
1297
2090
2697
863
3888
852
1958
3159
1992
1032
3878
669
1854
996
2773
1544
2051
970
1040
1499
2698
396
1273
2181
1924
3863
2683
1260
623
3102
1638
2002
2596
2463
542
3809
3648
2343
2936
3051
2021
3099
2584
1963
3223
1839
3901
2395
3765
3184
768
2229
2081
3265
2146
28
1913
1626
951
897
1193
1931
3687
797
2997
1594
2132
2569
1030
2916
522
2729
3336
3905
2432
2311
2747
3473
674
1763
1287
1514
3286
2291
2595
3476
1746
3213
1503
3908
2509
2952
3831
3271
1307
3623
3652
1713
2017
2492
3857
126
256
595
714
1904
3673
2279
2055
3375
1533
3509
140
729
3267
2276
3855
3837
2323
2034
654
1200
45
3536
3659
2544
222
3071
1171
622
2362
3714
1887
787
2127
1888
3057
2957
2673
2608
612
1280
2035
93
3421
2576
3454
3678
1812
3731
2598
2036
3425
1226
393
2048
3833
2489
643
1267
1212
1748
2201
2848
876
1969
1067
3344
850
1808
2867
2117
2054
103
3725
3351
297
170
1050
2160
2824
2558
769
673
626
2649
3856
2797
1446
3064
3636
2749
2530
453
1600
1477
2651
1421
2340
3635
1093
1469
3913
1133
2959
3302
531
229
3445
1788
2046
895
1874
2103
157
3817
3009
3543
2724
3273
3124
67
665
486
2604
2230
725
2800
246
2825
1521
3217
1216
842
873
3280
3245
662
682
2775
1005
3851
0
541
3600
338
3505
861
2705
2423
1541
3299
3211
110
116
3751
2474
3246
1389
3121
1372
3532
189
727
1845
3220
1735
2679
1546
602
776
1893
1986
838
3404
3077
375
583
1251
2079
1527
266
2193
174
1619
2756
155
3776
1612
3898
134
917
1948
1577
2644
2078
3166
2734
1277
403
3334
2401
2447
3236
822
972
1108
3410
3467
1043
3333
1754
452
2300
648
3199
2329
3845
3807
1929
2339
3584
2918
385
22
2674
1377
1553
625
715
959
1414
975
3343
1308
1856
1837
2700
3348
2573
3115
435
2575
258
3542
3696
2374
1752
3796
3113
1121
439
590
1857
161
1021
947
462
252
1261
3126
631
728
1362
1051
2994
3219
2889
2124
130
1232
1507
3633
1459
1794
1508
597
6
1107
235
3101
1838
3849
2495
2640
2726
2865
3355
2728
3495
434
349
2908
3457
2175
943
1398
865
1451
1079
2565
207
2121
3686
509
3041
3881
1369
3746
1988
1702
3422
148
1489
753
3730
504
3283
1427
1015
556
2278
1538
1519
2469
118
3437
2703
1443
1126
2430
1827
2717
409
2767
109
3205
3619
365
1016
2895
457
3031
3684
1475
215
2473
1880
2440
663
2043
3034
3243
1899
734
3788
1842
575
91
1730
3759
1141
149
1357
1254
3340
3075
2057
3107
2068
1275
2985
923
3357
3512
2110
1549
538
930
1332
1065
3424
1042
2901
687
2159
2211
780
2028
379
1328
3131
25
3556
1491
1603
2904
1290
3795
31
2015
2915
969
2292
1447
331
76
2173
2029
2449
1906
1942
2539
829
3181
1608
1819
2502
3720
2122
851
1859
2326
3520
3288
3163
3488
490
1960
3489
3176
675
3786
335
3384
2742
1339
1140
3110
2610
2898
3453
898
3704
3046
493
653
1979
1008
2064
69
599
163
1678
2978
699
1196
1367
506
2179
989
3393
991
1207
2572
1119
319
3565
323
60
3451
980
1840
2501
427
1356
394
3653
3018
1832
152
1710
2872
1234
1474
692
1863
2783
1517
1028
1739
2076
2412
2448
1691
2168
3104
3585
1423
2520
2821
1494
3239
3770
3399
2370
96
1660
3143
3841
818
1497
309
1852
2909
1336
1835
3680
1087
939
2643
1203
3227
2162
937
778
2721
741
2642
1589
1061
190
2377
1291
2476
1805
2227
2589
567
2740
3285
3361
1999
448
1399
2460
3022
3813
2524
1123
2677
3295
336
274
1729
1403
2528
2535
1675
2977
2852
1333
3320
1629
1921
905
2838
2228
15
1070
2260
470
3154
534
3398
875
240
3444
3354
535
505
2277
2345
1331
107
2176
3256
2991
3910
3081
513
2525
738
2627
608
1088
1813
973
2020
1082
1940
1614
2500
3782
1953
570
1666
2552
1098
1706
56
425
1801
2582
796
1230
1658
177
2592
2796
2030
2871
1183
1125
2655
310
1348
1236
1656
2238
606
3248
3356
2347
2517
2257
281
3279
2611
3073
3338
745
1418
254
3141
2975
879
3550
3088
685
1137
3709
307
813
2886
1429
667
3638
419
1298
2884
1789
3266
2809
2782
251
2725
2251
1976
3257
1665
1704
2431
3620
3672
1081
2671
3316
2416
784
1551
2493
2635
1719
3917
1797
3660
3651
3670
342
1776
1363
3890
2560
3529
2098
1536
2924
588
2987
1500
3580
3669
2506
712
1564
3490
1162
3790
1394
2254
2403
1195
990
3727
885
3760
3152
565
2927
1173
2470
610
1244
3486
2937
1424
2816
3887
858
3039
3238
1102
315
1170
949
3827
1479
1915
2425
979
2830
2471
2331
276
704
982
598
1034
223
1965
78
292
1052
2087
632
426
2614
2741
3261
1202
3161
115
2420
1189
1593
2707
3365
2008
369
1110
1252
1487
584
773
3157
933
2910
3231
922
3210
1543
1467
808
1425
871
3067
3762
3724
2993
1099
241
2828
104
3832
1097
2419
191
1926
2562
2468
515
915
1771
596
1525
2204
2200
1796
3079
2919
3282
1708
1830
1870
3469
1312
430
253
1997
1442
151
1624
2811
3808
1669
2854
3368
3528
3475
48
867
2152
370
1722
3892
3885
482
3331
1168
2897
698
1432
2974
1271
1194
456
3852
1575
961
2779
3549
2714
1908
3392
821
283
3468
2887
3493
373
1912
1039
2348
574
474
1001
1386
143
1868
2332
2669
1894
2845
382
3842
1833
3158
2026
3501
2684
1122
2844
316
1625
817
921
1550
367
1473
679
173
2719
533
3341
3179
1506
1057
1628
1945
298
2155
1392
670
2294
2601
3418
2972
3466
912
1006
901
3797
1465
2653
3296
978
524
809
3586
3020
1462
2192
649
2631
1456
1802
2597
2723
2342
160
270
2080
3254
1078
3674
2758
3297
3123
2464
798
2011
2023
2665
2798
1249
2286
501
1617
2778
1439
1901
517
837
3188
1316
3740
2378
1468
3145
3226
1342
1152
3207
2938
1409
3108
358
525
1225
2007
1925
988
1458
3767
2231
591
1990
2486
750
781
2744
503
1188
2102
814
2685
162
993
2846
90
2061
3596
282
2513
1716
3900
3024
2072
3743
3087
2970
2989
752
1074
3359
3078
552
1984
646
1466
1723
1601
2310
2826
362
1883
2071
1532
3873
478
202
2688
1320
2349
1026
1648
3645
2341
1242
3395
3571
2960
2954
47
3300
1964
1309
3481
3442
1017
1991
628
748
2085
2386
742
893
3803
3867
431
1947
2038
1725
1371
3747
2119
243
2805
3552
1588
1401
892
247
2465
1961
3244
1670
491
521
1592
1744
546
899
1910
2047
671
1411
1191
416
2258
1380
494
1383
1866
3572
1306
2521
1402
71
997
3771
3215
884
998
1490
3668
2890
960
1943
119
1101
657
2457
2010
1640
166
3405
142
3138
974
839
1659
2382
1733
1584
150
755
2421
1701
3820
2062
2629
3153
2004
2772
3605
99
1803
1319
3894
3523
1646
680
3519
3112
633
2497
992
3
1153
3035
1166
85
3483
1889
327
1288
2156
278
3643
3634
2752
3452
70
2672
2041
900
3677
3232
2149
3685
198
3828
1368
3228
178
3893
36
1745
2675
471
1784
1922
2710
2139
2287
2306
1294
2485
2628
3440
2568
1282
3028
1975
3093
532
964
3268
443
1900
771
2763
1643
1697
2862
73
857
707
1243
3060
3826
489
203
145
3084
2538
2930
1526
2548
1650
3819
305
2818
1062
3000
1353
74
3551
2452
2299
2827
1724
2096
1300
1898
1211
2958
2498
1096
3171
3224
605
3535
2768
2050
492
1436
1688
966
1655
3263
886
1143
3511
3193
1679
3372
380
2929
3836
64
3059
3414
603
3838
1583
3006
1441
2060
3729
422
2379
1214
2870
1681
168
3608
2398
1749
1916
2812
1080
1847
1540
459
1793
2784
2619
225
2262
635
2167
1130
1031
2753
1090
2233
788
3098
1721
3884
1024
42
1219
498
3646
2760
2186
2208
2356
3470
300
2980
3802
3026
877
3167
1406
3595
1045
3386
3436
1323
2829
2248
1262
1169
2880
3008
2704
2833
2184
2617
264
3032
3301
200
708
3791
2512
3667
3574
3689
3406
102
2445
3872
483
1311
1762
1245
3325
228
3602
1124
3155
3014
248
2801
826
927
2681
2594
3590
1430
592
1627
1851
236
3879
551
3525
3317
186
3502
3446
2658
2776
2637
2190
2225
3011
2214
1205
1878
3816
1581
2702
3557
2694
664
619
1861
3899
159
444
3044
3902
2483
2226
463
1919
1035
3036
2115
1760
3737
350
1786
3080
1595
1105
1634
2245
1259
449
3897
3197
2092
1695
1534
2823
3508
2488
360
779
46
2712
1293
1932
1147
1572
652
2091
1653
3174
1265
1753
376
819
907
2883
3411
3185
843
3381
3070
1501
3394
3061
743
848
2171
3700
219
684
128
1351
1187
2295
2422
1800
3463
1815
3272
3151
985
2284
1686
3397
573
3146
3594
3741
2309
3780
2965
3250
1381
2217
3783
1047
3160
3388
2289
2239
3576
2269
1486
3655
563
2948
2638
2210
1951
1759
1731
2953
1637
2206
2663
1227
2288
2956
2882
3866
1715
3859
2505
2873
3369
2154
2765
3189
3733
2891
2458
614
1705
3379
3484
3599
450
2951
1667
2174
1135
1740
2795
3047
2807
3324
127
2265
1416
1228
2822
2620
2934
1768
3274
2367
2496
432
1247
800
473
1872
1783
1605
1058
841
3487
1576
3048
2696
994
586
3479
936
2607
1344
447
1084
172
1864
3419
2273
2019
1573
187
3874
2917
2860
3654
3294
1616
1567
722
2282
1276
624
2580
3806
920
1647
1615
2964
3353
3438
332
50
2293
324
2315
1038
1565
299
135
1233
2971
1738
3037
2436
561
1700
3030
672
1013
2523
3607
1454
967
3249
2817
721
2847
411
2164
1639
3429
328
1296
3544
2814
3304
2641
238
2413
359
196
3335
1989
2557
3148
3360
868
421
2268
2333
962
585
291
3040
3258
301
2116
2868
2390
2113
2418
1460
3650
3540
2602
209
2373
2461
257
2794
759
2738
2270
2902
634
1255
1272
950
1025
3578
1649
3683
1177
2388
3168
2633
1757
2559
2755
3912
1683
3639
1712
537
1163
888
1438
616
757
3818
2961
2613
214
3641
929
526
3554
2504
1250
544
2834
3016
3303
366
1373
2178
3695
604
271
1531
3798
3907
259
1235
539
123
2313
3870
2840
658
1270
2998
2219
364
3055
2417
372
2650
1657
3498
3662
262
1413
2053
1720
3703
192
3461
3848
296
2157
3545
326
1376
1129
944
763
2666
211
2274
2866
2131
2532
3033
621
1917
3358
3853
1849
122
2321
1313
1496
2165
175
1390
749
1885
1672
2720
1404
1571
404
2172
3722
3658
3768
3259
3533
345
180
293
2928
1714
3293
706
683
3676
1998
429
3778
1204
3311
2931
2518
1412
3305
1457
536
1335
2153
2736
2435
651
751
956
3066
1828
880
1903
325
2550
2632
139
272
732
1513
2914
204
1000
2899
2415
2561
2442
3376
2503
2109
2839
1781
2094
2955
3229
1848
2969
2107
1483
2368
1936
226
357
2863
1350
1063
2788
355
1732
1452
3753
641
57
906
1154
3225
1314
374
2205
3869
1116
3821
935
3815
381
3172
854
987
3712
2537
137
785
1433
3774
3058
3531
968
2266
3864
3664
891
302
782
2405
578
286
1440
2396
3091
465
114
1869
2542
2706
347
1134
2682
1811
1547
3400
237
3804
1136
2634
1448
1324
799
2922
1689
1053
766
100
2324
579
420
1387
3117
83
2979
1455
737
894
2636
84
3423
1635
454
3001
1971
2441
199
2083
2455
3644
2579
2911
2456
3477
2810
496
3460
2330
3072
613
1138
2067
3843
2864
2272
295
3904
97
1582
928
2151
2878
1982
1602
3755
3330
2012
3871
3691
869
2003
1597
764
423
1751
3309
1693
1613
3242
2526
1495
3506
3449
833
3637
644
908
718
2507
2837
3527
609
445
1836
758
3784
2803
2656
2963
1930
530
3010
820
1673
2713
807
312
273
1941
3588
746
3306
1346
2039
1304
401
2351
1149
2709
2140
2125
2925
1315
2718
3726
1492
1806
1365
1033
440
2318
887
793
1623
2391
195
3583
3657
639
636
2136
3352
62
66
3221
2748
1318
3017
1037
1210
2875
1358
2804
3045
176
2490
824
3558
518
1322
2943
1892
560
320
3186
3640
1036
1151
388
1970
2799
2554
2196
3707
1077
1741
2253
414
1112
756
772
2787
