1358
2690
3759
550
2414
1252
66
1879
3775
1439
3704
867
1243
727
2254
3082
1130
2937
96
862
2457
1545
1610
359
1924
2048
1937
2249
3585
1673
391
1548
3162
1664
800
3639
517
826
3731
3819
3420
2652
3070
1191
1716
3866
1981
879
3058
3490
1712
369
1133
774
1228
2532
4105
3234
682
2250
3142
2744
2534
2196
1098
3497
2461
2396
1563
3465
4151
3863
1533
3892
3393
3716
791
2932
194
2516
3178
1171
495
2522
129
1379
3825
4144
1945
178
3646
2078
1633
1429
388
3145
1009
1294
4145
3558
1998
1688
775
2094
1835
3144
1988
4088
3911
939
3024
1075
3083
689
2426
3017
1235
1167
2732
1512
2745
2005
2802
396
528
3995
2667
2636
781
3160
2939
2437
3741
1054
3360
1957
4002
1249
3528
352
4046
1274
1136
3969
1113
4005
987
3545
2289
2736
3314
86
2902
2928
2748
1601
2970
243
3019
2077
1827
2580
889
3692
1706
500
2270
2545
2224
1897
2549
693
936
573
3306
207
1630
2008
392
3507
2082
1480
1848
2020
1292
2331
2905
2060
465
897
3349
3345
2650
2091
454
2901
153
1519
1863
2498
1174
3834
1100
214
1214
32
852
2539
28
3254
3443
2141
316
3029
1861
1451
3972
3318
1346
626
3260
2971
2095
111
3714
1468
374
2682
532
3996
3249
2842
1285
8
1479
2271
702
579
2006
2419
2262
3295
383
628
3453
3215
45
3174
1
508
570
326
2179
1561
668
894
2190
2792
3056
1642
167
722
1085
1857
210
1327
1059
2635
183
3599
254
1481
2335
4116
33
1541
1855
2014
2685
3796
1273
145
2867
2151
331
2217
2774
2301
2872
4014
2239
2673
3421
3806
3403
3409
2341
2809
3847
1708
3922
1046
3667
3481
3765
725
3020
1096
3337
925
3707
1726
34
317
3942
2579
3026
75
2489
462
1557
3152
2387
860
1667
3930
434
868
1120
256
861
3365
1701
2623
2243
3938
1209
1788
2087
353
1127
930
713
846
3359
248
2730
151
1063
1487
880
3418
288
2106
3455
2986
2166
489
1888
4076
726
3096
2608
3105
2915
1623
3560
3042
2263
3927
3347
3728
412
1245
1090
539
2877
3186
1976
1497
1385
3582
3656
3053
3456
2725
1792
1920
3907
3078
1910
2242
4127
97
2162
2367
2503
3208
3544
1840
3517
1862
3225
381
1360
4126
2303
2051
2604
3554
1809
2380
1683
2072
424
1741
2480
2463
1747
2997
2150
3204
1555
3361
2957
542
415
2519
2199
3650
2568
530
260
1656
2704
3255
196
2793
3325
68
499
3994
1109
549
2454
1375
498
1942
3772
1069
1185
2622
1004
4134
2158
3156
3199
3745
612
1244
2607
2640
3330
863
2808
2039
2654
2206
3672
3533
2083
3664
3422
114
670
2599
271
2948
625
3767
1288
480
2391
1035
192
769
3898
2965
278
1682
1270
3126
3011
4020
3614
1400
2061
2366
2205
2884
3243
2359
3115
1648
991
3438
170
3341
2929
3182
1108
3632
1609
2345
3760
1275
1944
107
2255
760
3022
2302
3663
3245
3919
2620
1134
1806
1309
3460
2514
4019
3238
4122
3688
902
1115
1654
1789
2025
1522
3607
1237
1296
3300
1140
2765
2869
2713
607
701
3308
492
2526
2123
2669
3537
2257
3107
4003
1221
4090
3827
1322
666
2439
477
140
1199
3241
3587
333
3794
1406
3917
1894
1324
1347
1225
3279
3482
804
1636
3423
3124
2612
1690
2798
614
3935
2108
1354
2740
2894
2680
3214
246
1299
482
258
3380
2927
1182
1042
2409
1372
724
2776
3002
362
2182
2314
870
1580
330
1775
864
3981
3039
2305
3924
3603
3401
695
1116
4137
3925
2496
959
733
1316
3111
2552
2509
3448
473
888
169
3426
986
1271
3369
3627
3009
2207
3268
453
2292
923
3100
2826
377
2244
3389
1068
3830
2176
703
1936
1281
876
358
3370
3231
1272
361
4040
2299
2436
2338
427
1769
2273
786
4000
3782
2854
1798
1624
1578
329
3236
782
3298
3239
3091
1178
4075
3525
1767
3201
1447
1725
922
1417
3642
4053
1184
680
1493
1780
633
1874
4095
476
805
2788
1253
3411
2030
2631
1877
3618
3606
918
2603
3793
3508
2762
132
734
1145
2042
2486
756
1839
49
30
838
1363
1833
3540
1536
3383
1325
2490
585
2999
1576
3945
604
2400
112
2638
2054
1513
395
2710
1336
3645
234
711
282
157
738
2187
1128
2651
406
4012
440
3680
2003
174
1947
2058
4154
3493
2542
3048
2675
419
2763
3844
1269
2558
426
2028
896
2472
3113
3709
2253
141
2508
3809
2688
1887
1052
2860
1808
1804
2018
2787
563
3697
3362
1743
2933
2360
937
3323
1386
4049
2968
2408
940
23
1356
1635
2256
1268
1668
3734
1125
3846
2535
2059
1711
2332
1150
2320
115
1438
1662
2252
1649
343
2411
4117
2550
3036
1926
1061
1550
2309
2050
576
1034
3743
1265
1602
616
4118
1694
717
100
3623
2565
2142
1005
3496
1353
2161
1369
1903
2412
2803
2402
4132
3896
1158
4031
1603
2247
1838
1475
3321
1724
3534
239
669
3580
2278
1698
504
815
4121
4015
173
818
831
2009
1163
2174
2626
1250
3941
2428
2757
1226
2505
950
3673
466
3605
3674
2571
432
3520
1422
1731
1885
1886
1977
2876
2487
3232
3693
2124
3177
354
3518
2361
4087
813
318
3168
384
1970
2521
3625
3787
1745
716
1938
2029
3343
442
240
1345
108
3563
837
3889
3668
1807
4136
1628
2735
2152
163
2024
3292
1828
2946
3710
2562
1277
251
811
2102
3373
2695
2389
4161
658
1638
70
4028
249
481
2351
2924
3562
2353
1796
430
3788
4021
942
1018
3758
685
641
2023
3196
1349
631
1306
772
3721
52
2111
1676
2832
3993
3227
154
2214
3797
2841
1864
3368
3184
610
1871
3169
2895
4061
119
661
2697
2595
3515
3944
3833
3090
211
2115
597
1554
1568
1143
2883
2731
3344
220
2011
985
1540
1876
3447
1416
3676
1262
372
130
4108
3346
2435
2887
2566
1072
2548
1587
506
1088
2600
3280
3045
1488
1383
148
1259
3855
1023
2330
2465
3751
1605
2938
1858
3392
2596
162
3770
865
2259
927
3191
3887
3086
3521
3899
2528
1987
1350
1919
553
3808
2160
2536
322
2898
3617
2447
2594
3095
777
2689
3018
1340
3034
3773
951
4033
1884
155
2614
654
2616
4023
3753
3134
3838
3801
2010
3800
2232
1599
1852
1036
373
1393
1803
871
3771
475
1154
2831
1992
533
3538
4043
133
2879
386
2146
355
914
545
76
2909
1742
1394
105
231
637
655
1538
995
423
1043
2109
507
2084
1878
345
600
2821
2687
74
139
1762
2062
2069
1082
1531
525
684
663
3897
2865
1844
2567
4064
3983
823
3444
1826
2110
375
1286
3831
3890
965
2975
3052
405
932
1547
1644
1055
1405
3612
1571
3946
266
1246
21
3546
1149
577
905
3732
2197
901
2833
59
1932
1053
816
1449
3068
3189
1364
513
753
2906
812
915
3270
1615
2213
255
304
1811
751
2972
4160
3859
233
877
593
822
790
2799
1680
3457
2423
3640
3399
1737
3966
0
3303
1963
3829
2358
1470
3584
1474
2904
4068
1631
519
2891
1766
2448
1718
1368
3500
976
3503
264
3980
1819
1906
2452
457
3428
2644
2170
1722
497
3216
938
1291
1334
694
1530
1995
1430
2392
2610
1881
665
3849
649
87
547
596
2659
2559
3738
3622
801
564
2720
2105
3939
1821
2394
1303
3445
875
2103
1414
307
589
1606
2474
3523
546
873
2844
103
3628
168
2806
2554
1566
48
3610
2584
2375
1473
910
1772
3132
3659
2377
2588
1782
1659
929
3313
3274
1965
2399
303
62
2769
1101
1539
3828
3564
2989
485
24
1397
778
1918
3338
3630
2038
3220
2313
88
2035
3746
3038
1210
1870
2816
907
46
2698
714
2629
428
175
1604
2973
2822
2862
1450
2770
335
463
3203
1653
2241
1770
1044
3685
2593
2779
2699
3637
177
687
983
3387
3711
3265
1229
2464
3505
22
2601
970
2446
2520
2502
3577
3677
3552
1955
1173
1030
2726
3643
3687
672
110
394
3856
1697
2067
344
378
3251
1485
1267
1748
138
1203
3514
827
1763
3390
3557
3860
4030
540
379
2817
1278
2045
3458
3836
2430
3903
313
455
371
2261
1234
3583
407
2837
2681
128
3103
2300
2754
2836
1257
321
3814
2823
2306
2861
3865
147
2825
2782
35
2684
2416
766
346
2321
3567
1135
3240
2450
420
527
2415
541
1651
50
690
3069
1814
2797
2041
2923
1969
2991
538
548
2639
954
1207
3726
3616
3170
4036
1008
3117
1318
1823
166
1517
79
2222
2230
180
1658
144
3193
198
1825
1962
1312
1331
1426
2813
1612
2019
2227
241
3136
1797
1484
2136
3190
2026
2738
640
1089
301
537
3185
1961
1413
3228
1412
2657
2661
259
446
2192
2401
747
4069
2113
1482
3333
161
57
3609
2758
401
1152
2334
230
1230
4115
3061
1729
516
3356
1494
555
1141
2425
245
1685
635
188
124
1952
126
1067
325
2188
2089
1758
1506
3682
265
1010
1552
1188
1411
3037
1925
2692
244
2547
2118
2311
3807
2777
1502
2453
311
2183
1842
2264
706
2422
882
1227
615
1387
2538
1589
1595
3159
3194
131
1155
3226
664
1719
3953
4065
3335
4146
146
1639
3014
299
101
37
1251
1608
2897
3118
182
3057
3125
2328
2912
2175
4089
2145
2129
598
624
376
3970
1362
1001
3131
1524
1558
3301
3207
2131
1518
2318
1355
793
2479
3404
3604
95
3852
3192
2830
3198
2251
13
3472
2245
3958
686
3703
2557
3868
242
1922
783
1535
1596
1534
715
4035
3845
2990
3441
1453
2219
2130
4062
2555
982
116
3718
2723
2507
1710
3076
10
1455
123
203
3895
847
1978
1935
3197
1850
4009
587
1247
2112
958
1520
3388
2138
1594
660
404
2543
2172
3541
3952
1186
806
185
928
411
1424
639
974
1930
2668
3905
4129
3678
3932
1830
828
834
449
3999
142
1420
582
435
164
1007
2581
2537
1153
2403
2966
4106
1958
1465
2117
3802
3129
1407
3266
2978
833
511
2749
829
3989
1300
3701
1389
632
1521
2766
2739
4147
1757
2444
2125
636
1663
648
2294
491
451
917
3137
1574
2202
1437
543
3158
3163
2203
2811
2577
1104
3908
2049
3491
1258
2226
3779
172
493
1847
3209
3888
1645
206
2845
2159
136
899
3487
2994
3104
2951
2339
3059
2163
469
757
2533
370
1896
3735
3035
195
2431
2499
3088
4
3824
3165
3747
2471
3626
3405
2707
191
3755
773
3665
1868
1866
4113
3991
2773
2275
7
2780
3858
1728
3683
1418
205
2165
4032
3592
4123
2753
1066
1846
1997
2064
218
2775
1027
575
814
2312
1751
771
3454
3147
1002
1867
1254
1425
652
1264
2191
3894
2144
1302
3556
409
2101
2591
2185
878
3320
2819
1489
1621
2231
911
1045
535
1222
1908
181
2960
3031
2789
294
2885
4119
460
284
913
3269
1290
2824
3706
973
1175
2987
2527
1785
843
3257
742
1812
3629
1813
2983
3101
39
534
622
688
1735
2
2922
1440
1916
165
4139
2220
3835
984
895
1577
1756
2511
247
2642
3013
1332
3028
441
2611
3080
2352
3054
3516
679
3413
490
199
4051
3003
1515
2128
2598
3926
4034
286
439
385
2404
3133
1197
1661
1106
1021
2848
944
1679
3950
1224
3798
3304
4099
226
1454
4158
1476
2655
1137
1220
3256
4109
113
2889
1565
2712
3881
3334
1532
2149
3066
1934
1168
3371
3290
51
3594
2134
189
1572
2892
3904
3699
3813
413
3050
2092
1094
3065
1060
1509
281
422
2563
340
1121
1241
3109
1456
4055
994
1980
1181
1713
1198
2193
2544
3878
3166
909
642
2944
3063
436
1646
102
3670
999
486
1216
4153
1765
1320
3921
1016
1851
80
3948
3715
1984
3869
3810
2075
580
1421
19
3641
487
2846
2715
4047
3248
324
953
3154
789
1799
1442
224
3812
1099
1849
3591
2621
3740
779
3407
3769
3284
2491
2781
2086
611
1064
1537
2288
2691
3326
3923
3000
704
484
4133
43
2085
874
2950
1374
3532
1504
1311
630
2996
2742
691
2398
2237
2194
4063
2382
3956
3446
510
4157
2363
431
2384
2413
1232
1388
2649
2851
1444
216
2504
885
2785
605
699
3762
3032
893
1989
382
3786
2576
2293
1774
2427
3931
4152
1073
3350
512
2714
4006
1721
3559
215
565
1118
3965
2853
1471
364
2482
1015
515
1665
583
2925
3309
3352
1960
1503
2184
1218
645
2795
1012
743
2274
559
3850
2381
1469
2033
3363
1284
1872
2674
3449
334
1917
1637
1219
2346
1117
3297
1542
554
1147
3376
4078
1408
3110
2829
4140
356
3468
3148
2276
4037
903
2888
4110
707
2645
4056
3543
2343
1176
1459
2073
3986
2385
1013
2362
1677
2666
3357
456
3937
2376
417
3425
3044
3336
1111
2578
2637
2356
601
3733
1569
127
4052
3955
3235
1333
2643
746
1732
529
293
2080
2476
2488
1301
2791
796
1076
3531
2283
2850
4084
60
2235
2348
3486
2168
285
2677
613
906
2619
1032
1323
1982
869
2575
3957
581
3601
4001
176
4048
2641
2771
3267
1289
676
2678
2615
1740
1217
1860
3211
505
588
2021
2393
2462
1452
4125
2477
656
2495
1376
3477
1298
1738
2000
3213
2914
2751
3752
3700
3671
2157
4010
2663
2225
3327
1361
4039
3961
595
3681
1865
3840
1404
1817
4112
1687
3106
1544
2560
3394
3982
1753
25
2840
697
2646
883
1597
3936
2866
1675
474
3724
571
31
617
2268
2653
1065
3568
1948
219
4130
675
3419
1177
557
1779
3600
3862
1634
1875
3112
3093
1993
2154
1971
1584
3224
3820
3569
785
4072
4101
1239
2807
209
908
1161
963
1409
1733
3984
3155
1105
437
3636
1715
2215
2298
3008
2307
518
3651
931
3172
92
4148
3114
1898
1399
1915
3776
3620
1466
306
4100
3586
268
1050
671
1583
3565
1691
3195
2954
3340
2127
728
3452
1974
1445
3720
2344
3382
221
360
3815
3588
3485
1607
1551
2397
1189
302
2835
839
3754
2518
887
1223
2350
2007
1776
1441
1822
1492
3474
2378
2969
308
1263
1611
3764
4092
821
2931
471
1895
1326
3536
1086
2354
719
2272
2315
1276
3283
2280
408
228
1692
2373
3947
4022
946
4138
2935
3276
3977
3915
1999
156
3691
2981
1033
3431
1238
3511
2209
603
2460
390
365
1815
2126
1750
3396
3792
1905
1829
4077
56
4086
2706
238
3296
855
2492
1928
393
4079
3259
2839
842
1902
620
2364
1505
3471
1510
1773
848
3513
262
3372
2664
3021
3183
2198
2441
387
4060
2468
2410
3055
3180
4135
2333
3803
2977
77
310
798
3723
3526
4149
3434
2908
3128
730
3960
3561
3007
1810
1500
2119
137
273
2040
1103
3689
1211
993
3495
4080
509
2980
1593
3791
3250
2743
590
1131
1901
3139
213
2573
2233
3398
121
3305
602
1196
1761
3780
886
2727
1193
526
2169
2478
2459
1964
2279
452
3527
2189
708
2153
1501
2913
841
3230
2947
1528
758
3119
1463
643
1092
1739
2910
2317
659
320
2903
1556
40
1652
3730
2046
445
524
859
623
1954
1391
2719
1434
135
3884
2767
2564
3499
389
2074
2857
2936
2553
969
1791
1339
2438
1213
2917
2875
3081
3951
1151
65
1019
3522
3218
3662
1991
1396
1845
204
1148
289
1854
1083
1768
2178
653
237
366
737
1794
1618
2847
981
1929
2985
1310
1419
1097
3258
2390
1495
2347
1626
3027
651
2056
3542
3843
1078
2796
1686
544
1674
3247
1986
792
1351
494
2959
1669
1996
1553
91
3030
339
222
1657
2530
710
1940
3130
2750
1348
1157
1293
2907
820
3864
2705
1592
748
3652
762
1337
520
2155
2602
3648
3354
2849
1834
3621
398
2800
2143
992
2195
2976
3200
1308
2369
569
3171
2656
3219
1435
2013
3778
2943
2322
3433
3880
357
584
1914
1395
3837
2211
1781
400
1889
745
3909
3548
1321
3157
1570
618
2337
2434
3450
3750
3210
1025
2964
292
957
3510
2277
904
2223
3649
952
2662
858
1931
3291
1723
2855
2291
2531
315
3702
2432
1562
36
1508
2843
1801
3882
2501
3102
3954
3122
794
2747
1139
235
594
2290
2551
1573
3547
2982
3406
3328
3302
3324
1329
3589
2421
1730
3861
971
2455
2267
3312
3749
2164
348
2569
4026
1427
3873
2585
2012
608
98
468
2297
1837
3416
2001
2755
3572
1598
1431
1071
1567
2955
1507
3489
2324
1240
81
3143
568
1048
3479
2156
2672
1890
644
227
1882
4066
122
2093
3619
1627
552
2200
4142
2342
2032
2004
4155
1462
1771
309
3073
3967
3891
4143
3286
784
3985
2181
3555
1953
4007
3085
1790
646
1003
1114
2265
2325
591
2104
2081
2801
26
3597
4017
327
3384
3744
3087
3410
2590
1640
1941
479
4024
3817
3
3123
2589
3998
3783
2556
872
152
1255
807
2326
1734
892
3790
1483
2229
2945
1352
3164
966
1582
503
3077
380
2838
2701
4156
2574
1620
2856
3686
2686
367
1744
4071
3929
4114
2388
276
1380
450
809
274
3867
3784
2881
755
2708
3593
2592
1575
252
1201
2597
2722
4128
3713
2918
2002
2383
3906
1588
3971
933
1443
1313
1119
2098
1330
64
117
2308
82
586
4104
3719
978
1983
1335
1727
2451
4093
3736
1655
3822
1164
3934
2760
514
3364
4131
956
2729
483
3092
1754
338
104
3488
739
3876
1549
558
2721
3285
3429
2043
3918
187
3187
2718
3900
2027
3205
3635
2810
397
3173
3698
2893
825
4050
884
1523
275
975
3275
402
949
3757
2746
1647
2764
2717
2702
4097
4073
2890
1900
1883
3795
2240
3596
1401
1403
2284
3351
1124
980
2724
799
2186
1795
2238
1786
2070
3005
3611
2167
1112
2958
3841
3094
85
3660
750
2180
2285
3120
341
1700
759
3402
1087
4082
464
2121
1304
2546
960
1428
2949
1590
1546
1378
3988
291
4042
1204
328
171
280
3121
1357
3062
2057
1499
4013
662
3233
1436
551
2287
1187
1831
2100
2099
2752
3108
3273
3089
2679
3217
3874
849
683
3047
109
44
3462
1907
1853
3436
29
1979
3289
2177
2440
2066
3006
58
3853
3004
3332
556
2485
3551
3322
179
2216
1693
3375
2316
270
3789
3739
1616
2873
2433
787
1297
1784
740
2370
337
1911
3978
692
3570
3912
314
2424
3424
3377
279
17
3679
217
3461
1305
808
3167
1058
3722
3530
1764
881
1165
1446
1020
830
1172
2304
3870
629
1841
1028
2122
1031
2868
1040
1315
2864
3439
2510
4124
1056
2852
3367
3478
1891
2696
3712
3084
1909
3149
1746
1681
4045
2859
3506
2221
2063
2445
3097
1975
1705
4038
678
2323
761
1091
947
2741
1820
1080
2878
459
1622
3483
3010
3242
3987
3886
3293
2135
3075
236
2418
1703
319
4091
3997
2407
3655
979
1047
3509
627
2481
840
3777
1699
3067
4159
3138
997
836
3016
1041
2053
736
945
968
3473
1702
1643
3785
363
149
3476
4067
20
3963
921
2858
3877
4096
2096
501
1183
2606
3262
2405
2871
2097
898
1816
3634
2088
1460
3074
290
3310
2371
272
2523
2031
1787
78
3851
478
3391
2022
1062
1600
212
2116
1384
763
634
4027
3339
744
1195
3464
2379
1778
2236
2017
2805
3141
1215
3602
4029
3060
3821
1081
1084
71
3774
2998
3415
3442
1051
4058
448
4070
3051
143
2266
854
2467
467
1696
961
948
9
2355
323
2941
83
3848
3040
3647
1159
3519
3916
4059
1666
3294
3140
2372
2365
2561
3492
2814
1433
1319
3176
3781
1478
4081
4044
1759
1736
3811
1338
3737
2820
3949
3395
1939
2863
2984
1950
3638
2368
3374
1650
1410
754
3012
1490
731
2737
1990
4074
1464
2778
1000
1923
3222
18
2036
3975
2349
2483
1477
768
158
2458
572
3366
69
3188
1038
447
1458
2386
3432
1280
444
3666
2212
3435
1344
3437
1496
955
4141
4111
1892
3244
776
3590
472
2634
2882
267
4102
84
312
190
253
3576
200
2694
3763
850
2395
3748
912
1146
2570
2055
3871
53
560
269
1614
1805
3729
106
3976
752
3033
709
1208
4057
3742
3990
2234
3502
296
3879
2442
3535
1202
3467
368
3973
1366
2052
186
342
3408
609
3025
567
3237
3079
1843
2756
250
2525
16
2540
2734
1720
89
2618
2974
2784
2934
1132
851
2114
1856
681
967
3579
3578
3315
3252
1714
3512
3566
3705
300
3049
1625
919
3694
4083
3943
1261
1951
2783
4016
2962
1160
1632
2210
2930
2524
3633
1717
3379
261
349
1415
1802
1695
1017
1057
2759
3015
2147
900
351
347
2961
159
3624
1014
3440
832
1212
3480
2068
705
1684
574
2624
1006
667
2665
3768
1946
2605
856
3608
2466
1402
2617
1283
2228
1972
2956
1904
1783
1461
1039
1079
1526
150
72
2953
2541
2449
202
700
1619
2090
1102
2716
1671
1359
1525
3581
425
6
1024
1793
3358
418
2952
2916
12
1317
160
1564
1126
2583
1314
3414
2911
673
606
3661
94
2874
891
1832
2572
2630
298
197
3329
3381
3571
718
1242
3264
2327
1491
962
11
3727
916
788
2374
741
3278
470
988
3386
1560
866
802
403
2993
3883
3212
819
2647
770
2709
1704
2880
2139
2443
3598
1365
3804
1912
2900
1457
2886
2967
2988
1295
1256
1070
2513
3261
941
3962
5
3175
3669
3127
2120
232
2818
3206
712
522
134
696
2517
935
277
3263
3153
3494
2493
1129
1913
3151
2208
4011
3573
1166
3451
1869
184
3901
2260
3816
698
3355
650
3331
3717
3397
536
3885
599
2429
2670
1617
3287
3348
283
3064
99
3221
458
2171
1967
765
4120
3613
1586
2044
720
2632
3644
1095
3277
2406
1933
3281
989
1927
2660
795
2015
3316
2899
1371
3766
47
1472
824
63
305
3459
844
1194
531
3615
2417
1287
657
977
2920
1260
3246
2587
93
3893
41
2963
1392
2582
2761
2992
1179
1170
3823
15
3550
3001
42
677
1959
2870
1123
1026
3933
2310
3072
225
1162
1755
3317
1985
1968
1373
1800
2586
1367
2896
2979
1511
3872
1543
1873
562
578
1156
2282
38
3272
619
1949
3657
1169
1880
2609
1760
1899
732
433
3116
3484
1579
3539
3466
2804
1448
3400
803
2711
1752
996
2921
14
461
3299
3501
2786
2470
2512
55
1093
1660
1516
496
421
3725
3475
2079
2768
201
3498
1343
4018
3842
2357
3253
3417
3818
1613
2071
488
1206
2340
767
3826
1943
3959
3631
1382
73
1122
2628
118
3964
1966
853
1498
3684
1398
2728
4025
2790
2281
1423
3229
193
1138
638
2494
2420
1921
2475
2248
1192
1672
1180
1144
1233
2173
208
1107
4098
2286
3378
857
1467
3342
1559
1328
3430
3575
2700
3463
27
2269
764
3135
2828
797
2107
1818
2319
1893
3271
3913
2703
1670
1514
3805
1836
3574
3654
1641
4094
592
3202
2148
566
3595
2076
1307
2942
1190
2137
295
1037
1678
2329
1994
3385
3854
416
2133
2676
4085
621
4008
3046
223
1591
735
2296
3041
2648
3161
2016
1370
3504
3043
3307
1749
2658
1377
3940
4004
257
972
2506
3150
2613
3902
835
2037
67
1585
502
890
399
1527
924
3696
647
810
2484
120
1629
3181
2926
2827
1581
3799
2295
2218
336
2473
1231
2772
3470
3920
1110
964
3832
3756
723
3023
920
61
125
2529
1142
1390
3223
3875
2065
2258
1248
3695
1956
2812
3524
297
998
2683
54
2671
1529
3992
943
1342
2940
1011
1777
2627
1200
1077
2633
263
1859
414
2815
3071
2515
3658
3549
3690
2246
4107
521
1689
90
4103
2047
3675
1205
4150
2500
3529
2919
3910
1707
934
3839
2497
1973
3857
443
3427
1074
1049
3098
3288
729
1236
4041
3914
2034
674
410
990
1029
780
1381
2733
1282
3928
3146
3319
229
2336
523
3412
2794
749
1341
2140
2201
845
1022
3099
3282
3653
3179
926
3311
2834
3469
2625
817
1709
429
1486
721
350
1432
3761
2456
3974
1824
3979
2204
2132
1266
3708
561
2693
4054
3553
3353
2995
1279
332
438
3968
2469
287
