2172
2013
3561
2311
478
3826
3474
3541
1321
584
2703
1837
3908
676
3134
2644
4041
1964
538
1195
2910
1402
1572
501
642
3032
1700
89
803
1240
1347
3347
747
1506
2857
1803
2533
3080
2315
3954
239
1666
1858
2283
2048
2496
3702
2028
3310
3800
2604
559
1954
3738
4137
2590
2654
1959
920
1250
3997
1939
249
696
124
3866
383
358
2516
3582
550
1839
2344
4087
1134
2275
3537
2572
3368
3957
4066
3905
4042
757
3666
2704
2168
2183
2892
1522
2415
2
2155
317
2193
3326
836
2096
2185
3725
4034
49
286
3407
460
3274
1285
4160
2862
1797
1897
2139
2837
932
241
3040
2890
2407
43
3767
3246
1970
4033
2339
746
1071
2743
3769
2123
2465
2700
388
1234
1615
3389
3029
944
1883
3629
744
762
3118
774
3809
2085
3966
704
565
2535
1466
57
2050
3710
758
3823
3404
2686
2053
3625
1659
3790
3272
2052
3472
3496
963
462
2883
4030
2828
1950
3849
2368
1499
4059
1437
328
2925
76
2346
4062
3545
931
1146
1864
3063
1657
2295
2029
319
34
2559
2622
3448
496
2937
2525
2064
3530
133
3614
988
2016
921
2836
1682
1096
881
1872
557
786
879
3235
1825
2214
3297
2265
797
3487
1357
4071
3114
3136
3943
310
3595
1489
2565
1554
1988
1652
1132
3016
2480
2001
811
1600
2175
3661
1232
3953
2180
426
2696
1935
1838
2885
3338
2152
3727
39
213
356
3946
3872
979
2824
2327
3054
208
3127
1040
1488
1360
1945
80
938
150
2355
2595
1284
219
2843
2586
1948
2903
3911
1930
3076
4088
2826
1019
535
910
3238
19
4098
722
2461
3049
4057
4102
3683
3578
32
2130
3462
3999
1412
2369
4047
766
1358
3057
709
867
3078
3377
992
865
1173
4128
2709
3934
3536
2389
1732
482
3100
1124
392
894
465
682
728
711
2065
293
2056
1877
3282
2833
2887
3914
3122
654
2684
2472
1081
3864
1451
3651
3745
3897
419
486
3232
3949
1419
908
3019
3740
1189
1581
2970
2576
759
2874
1604
1662
1426
2413
4144
471
1490
1865
3565
2934
2228
940
3587
2361
3863
2997
645
1736
3110
1439
3025
3424
508
2251
2912
615
1267
6
3556
2256
2861
3787
2216
2356
1243
3412
3119
2296
1185
1811
635
2024
582
1856
3278
1031
1363
2530
1152
322
48
517
2860
3716
389
752
1885
245
404
2513
2078
3779
1807
539
846
2120
3475
3386
2108
1884
2198
410
3532
3018
3887
2428
1711
1167
3964
463
1465
3670
1887
4116
2519
1385
2117
2336
812
2408
1337
3667
1387
868
1483
821
526
181
1840
2353
2503
3728
1013
189
2375
2077
1617
606
3314
1064
1024
243
1198
3444
2471
891
3337
2207
1407
3362
2264
553
25
2649
467
2129
1592
4107
489
2856
1541
1697
3777
1500
3689
3160
1603
691
4149
3044
3521
978
1378
3241
1561
1735
964
1291
1117
2832
424
951
8
98
911
2693
1902
3212
3144
3174
3772
3664
2022
2922
2034
1911
3697
191
1778
1199
3323
2607
217
2993
3558
2865
2442
720
601
2569
2091
1527
3413
832
269
2359
362
1386
2020
2341
3782
912
1523
3473
94
1010
1876
1485
1773
633
2923
3899
3724
2421
2757
2916
2394
2325
1054
160
2358
1528
3288
3271
221
3706
788
3
3343
18
1319
820
870
581
507
3011
83
1606
366
3097
1080
1999
2979
611
871
656
2021
2054
4068
2741
995
4015
1149
1072
60
276
1918
2710
2957
291
1258
2624
1159
4140
549
2247
442
2235
3959
1619
1906
1545
3128
1066
3656
805
96
1648
885
683
62
3944
1579
3012
1916
733
829
1161
1847
2286
3762
1787
3839
2844
3873
3403
4089
3646
3898
1069
121
3240
2972
2121
1454
3331
4081
2136
188
259
1925
3215
2066
44
2539
1446
2628
2202
3576
989
1633
838
1021
1355
1187
3124
1053
3142
304
2655
1206
1274
1322
3644
540
464
2160
2451
381
3718
1138
3709
2989
2482
2775
3231
1286
3543
1200
1816
2611
3037
3594
3619
791
541
3181
1687
2848
500
3834
524
1568
3717
2488
1706
3364
11
3679
4141
3269
3971
1305
3263
4010
994
2723
2373
2806
4037
3178
1852
2518
1907
3285
4125
2226
1065
1638
1789
427
499
3797
1599
935
1108
22
2234
1473
1719
2583
3478
3515
2167
2259
2634
3262
3659
624
3301
1984
1729
2534
338
59
2279
512
3351
2713
1339
3390
327
2166
3164
129
4004
3884
3734
2009
400
33
2466
3886
2456
1720
4108
367
587
2506
3573
2802
3701
2093
2032
2318
2781
2995
3793
1245
199
2573
395
3220
2263
806
3719
1486
313
3940
2759
1608
1919
3642
1441
1104
3907
2427
1324
3627
2219
1210
3586
255
542
1543
2555
534
690
1971
617
861
2084
3609
1137
3995
1985
1371
1741
3559
1052
976
785
1696
3206
138
226
2822
2110
1074
2612
3438
532
2744
1618
3021
3468
497
1470
3501
176
1923
2688
100
335
3034
3026
2602
1092
3699
271
131
97
2252
2074
2983
936
2360
450
819
3876
1328
3764
3207
2776
2445
3230
2350
3111
548
1211
1585
4008
1665
1951
2733
986
1569
4097
3443
1692
2526
1093
2863
2477
1317
3365
1963
643
3634
2321
1754
3172
1551
1868
2950
2663
134
3298
3862
3454
2731
1730
485
1406
3459
4009
1230
258
1815
2785
945
1584
490
1214
1548
2724
1433
3571
3562
314
3520
1521
3332
101
1515
1586
718
1766
3435
954
905
2031
2642
1502
384
2437
1109
3603
1458
1555
3744
470
572
844
3292
3279
3739
1166
2646
3441
2430
1544
3311
378
272
2895
853
1505
3265
3780
123
1763
1128
1986
2740
3910
3776
3581
2090
2538
2521
1496
3616
147
1927
3081
3439
3319
2345
2971
2464
3354
1352
2711
2159
2820
721
628
1799
2797
2459
634
1583
703
3632
3647
3446
1112
3192
1980
2845
3126
2343
3821
2401
1344
2494
3906
3009
2617
3612
1826
1182
4152
2632
4035
1532
74
1531
3874
4020
764
2051
3687
3346
1507
1212
2563
3650
3344
3299
2780
209
2188
3570
1781
459
1973
3883
519
3318
689
2045
88
1860
1238
247
1017
2664
877
1658
3382
3006
2528
1693
1914
594
2668
2383
240
2601
2044
2177
570
3742
372
1033
630
3162
1313
2899
3984
3904
2796
2388
1307
4101
1346
3020
828
2153
2402
212
2961
1203
1794
1965
3329
2005
3425
1142
3056
956
283
631
814
780
3669
1714
3104
1329
1691
3756
852
218
128
2789
802
3837
3804
3116
523
1843
295
4039
1982
1100
4084
1779
3851
3273
2919
957
2636
2627
401
3894
527
3068
2647
2192
2998
3394
3535
2818
1000
3555
2453
434
236
432
461
1175
2782
3913
2745
4151
4112
2894
3597
1792
2070
2019
1314
3585
396
1591
265
731
2365
3813
2823
1627
2242
3000
2422
3547
2039
2329
3086
2322
2035
2964
3937
751
3870
798
86
1960
2027
2661
817
182
2145
3177
1430
3811
1158
2014
1105
3345
4123
454
748
4136
3503
3130
13
2648
2025
82
250
1550
2728
3303
2615
2750
1088
2881
3082
1272
902
1
950
2240
1712
225
242
2040
2489
1833
3190
2158
2457
2736
2083
4069
3066
1018
1857
1767
132
2067
2553
1090
4053
3786
3969
985
2587
1547
3133
2458
3052
406
1775
3879
1565
1957
281
3633
488
574
3198
1246
505
1520
3979
3531
716
316
1034
1141
2061
237
1060
1679
3750
3928
386
3771
1875
3456
1955
99
2784
1334
107
273
103
2217
306
2986
3191
2637
1929
1915
1461
484
563
2884
2556
896
3504
2307
114
2879
2414
3607
2746
2671
1050
4045
1487
2866
3333
2834
3188
2783
1672
4117
47
1157
3893
300
402
3007
2206
1613
1836
2097
1908
3249
2562
354
2257
2138
4017
1886
3912
2181
2017
1381
75
3773
4075
566
3992
520
2448
3399
2542
3814
1171
1395
3751
3942
637
420
2302
3648
2722
3671
3846
3608
54
1820
3958
816
1484
342
737
2582
3245
1342
3247
2374
3180
2376
3460
2962
2280
3115
742
561
2370
3225
3183
3695
2043
2319
3401
2588
1414
1444
2150
3043
4043
3602
1022
3312
1282
3909
598
1130
2450
2712
515
186
3507
376
3994
414
3510
663
439
1516
608
2858
2949
1474
603
1405
2794
2771
2317
4156
79
3677
3825
567
4124
3693
1029
629
1020
525
2984
1408
2939
599
1996
2747
2261
4064
1011
4051
621
3783
2012
2735
1471
3921
1570
2943
2606
1511
1169
2667
2561
3237
365
799
3820
1958
3996
3831
1990
1256
1501
246
3493
4076
1280
857
4001
502
3494
2732
933
2552
2495
3255
330
2006
927
119
3824
2306
3962
3452
1859
2956
1178
2382
2434
3015
390
1309
719
3157
324
4105
712
2799
2098
2705
2068
1888
698
1783
3799
2396
2805
399
2075
3004
3149
3353
3711
1125
3796
787
3841
1564
1535
1252
3489
1594
783
1015
2504
1255
2011
623
2904
3508
899
1879
2094
2454
2151
2778
674
174
77
1844
3852
2378
3858
4099
592
3822
3252
3047
4127
4025
494
347
1368
63
1823
359
1796
982
929
3173
127
2221
2574
1533
677
3832
3491
143
1601
1107
1752
533
3492
1801
2900
397
3094
2835
1901
2901
2977
693
355
2673
895
253
3675
3892
1459
3746
3539
3102
1764
1290
3792
2357
1048
3610
801
3915
1208
3861
28
3732
595
40
947
3657
2841
980
2143
477
4022
3596
3482
610
2830
2072
4138
3741
2112
796
2767
1417
2266
1221
1292
1981
745
3972
2262
155
373
2515
413
2237
3593
451
1688
325
1685
2163
1808
1786
1519
2666
998
3035
260
3640
2293
2798
3766
3566
1427
974
3461
339
2840
1453
3084
257
1440
474
2104
3869
760
308
2608
223
2508
544
2549
2680
3721
3045
476
1846
3753
2363
1827
4135
509
2868
3641
1910
1297
3258
1481
3209
1941
1869
3342
1180
3216
1829
1248
1008
148
2839
965
2596
3041
616
3195
3378
2540
897
3027
113
3982
3889
2652
3470
1114
835
2227
4052
1661
708
3140
1356
2258
2605
3091
3488
453
706
3973
1428
580
1061
3890
3945
3819
2224
3328
69
2203
2253
4
2594
1909
1774
3145
1306
192
2444
4119
3840
3700
116
2683
360
2371
2047
3731
108
579
377
3388
2662
1680
1026
3768
1127
1222
3405
2877
1651
1765
1051
3210
187
1704
3050
2739
61
2689
2474
887
2980
270
201
1977
2208
949
1448
714
3970
3933
973
2397
2042
3059
740
1429
1333
1450
2268
2678
1890
3125
2755
2171
3295
1946
880
3159
3542
278
1517
697
120
2621
3636
3469
1327
3264
1497
948
2641
2827
2793
1813
2156
3688
248
1698
4122
2706
1287
2758
1660
571
350
46
1932
2294
1394
2708
2633
3463
1495
3925
4094
398
1176
4155
2951
2870
1578
469
1139
1761
3064
644
873
1338
2475
2975
1027
4143
3204
2312
3981
3391
3801
1751
1184
1035
115
1162
254
999
3420
149
1709
3361
3286
2281
3672
723
3457
3548
2436
3313
3486
3975
1992
3099
1769
1120
3918
2859
318
1233
3885
1610
1330
657
3184
3242
2893
2405
1399
2855
3668
647
3735
3411
2690
1559
1976
3729
735
604
3375
4121
1675
1776
4073
3304
1265
904
3663
1087
3083
3803
3703
3698
3991
3528
2742
3396
3275
2927
2301
2852
403
913
3916
1091
3676
2473
2271
1874
1530
1699
3589
3281
2677
1084
1809
1762
3901
1622
3169
2991
1207
1863
2246
3781
1308
1644
3336
3008
1059
3842
756
3070
1480
274
968
3166
925
3579
2137
3497
2737
3165
622
3952
4060
3363
1625
568
1739
2701
1943
2994
841
1734
2714
1629
3053
1457
4002
493
573
84
1694
45
266
1370
3694
1575
724
2199
1004
3880
1299
1335
9
3829
1898
664
2497
2527
2613
216
2567
4038
1974
3307
822
3895
1956
2610
2514
1202
2918
1289
2896
3458
536
2915
1494
3085
1111
4091
2431
3339
412
3416
3355
1721
1861
726
3221
3013
2433
2803
2882
3574
4013
2717
2310
1745
2788
3324
2842
262
4024
3250
2249
3833
1642
1882
349
794
444
1261
3835
790
481
2672
1962
73
1832
1889
2749
650
3379
1707
3113
2502
4142
2699
50
267
380
1590
2614
1540
3575
2926
955
405
3426
1931
926
3761
2403
1822
2493
4003
2808
55
1449
3714
3855
3553
87
514
602
433
1151
2575
141
732
2062
95
2992
2274
3546
4063
1556
3500
1771
1588
717
1186
1866
2140
702
2509
301
479
2103
3598
3622
3366
2982
876
1276
3442
1538
2010
775
890
3200
3042
521
3511
3713
736
2082
893
2935
2593
3844
3554
1737
1742
1310
1695
2036
3419
685
2639
3187
374
1571
2929
2631
781
649
552
3583
1842
58
3079
3763
1396
1755
2243
4028
448
130
3464
2238
858
4096
620
531
749
3167
849
3028
2395
2410
2447
1873
609
3398
4104
387
1023
1002
3429
3156
3248
3617
157
1621
205
2086
4048
680
3483
2531
3254
1067
2115
3380
2959
1894
3383
4153
336
3117
1683
3384
1007
1635
3253
3182
593
1351
2584
2679
967
3891
1223
981
2876
3141
307
1854
917
1163
1193
3014
3983
3747
869
3197
1478
3704
371
831
1791
3948
3381
1410
81
195
3498
522
1529
941
1037
2940
1266
2809
1782
789
652
1835
754
3300
3261
2099
1573
2149
3061
3306
808
1295
1260
1302
4130
1753
1126
1850
1372
2981
761
937
2546
1416
1614
2911
1247
2335
809
1845
2132
859
3137
1738
3630
2616
918
455
753
2725
2196
483
2298
1891
618
2626
1553
2816
3857
3978
3256
707
3963
2536
4011
3270
1089
2135
2380
3924
1677
1681
311
231
1056
1542
3509
1498
3421
2419
2126
14
3218
907
1102
2109
4080
29
830
2719
190
2277
607
793
3635
3417
3665
1264
2398
198
1390
1418
3451
3900
665
2379
1870
1098
773
1504
2620
3089
370
4072
3185
734
1710
379
2520
118
290
3950
1043
2124
1718
2270
2599
172
3865
1331
1802
3715
423
850
3283
3920
3923
2305
175
1215
528
1009
4120
1039
1549
3523
3720
3569
3850
1073
2941
730
673
3406
3414
4092
613
1715
2452
292
2908
3882
184
1269
2685
1757
1966
353
3673
1239
2643
1689
4070
139
2697
1403
1671
2304
1701
943
1727
1800
1994
847
3775
2734
2768
4147
1518
1810
165
2766
179
1788
3129
3480
224
3484
2948
407
3810
1225
2811
1997
3524
67
4100
2763
692
3433
3653
144
2276
1795
3418
2118
3176
3033
72
3902
3691
1690
1062
2875
1148
2623
298
975
556
1231
795
3036
3291
1192
230
1828
2210
4095
2220
1674
1913
2333
3229
3224
4027
2313
1150
2541
21
2164
2909
1030
2107
3917
2792
953
3896
2698
3485
2657
2390
5
4054
492
1975
3649
510
375
2988
135
1834
288
1168
2589
2309
382
1323
1341
3359
1491
1639
705
2432
2718
1780
7
2764
1936
815
3316
3465
2087
3684
194
294
2810
361
2850
2342
1871
153
1068
1947
2244
792
2687
3236
2670
3935
41
3072
883
436
875
3445
3538
2976
2399
1354
2944
2213
3374
4007
1468
3513
1667
1443
2727
1183
2773
437
3103
3980
2201
547
776
1760
3655
2585
3367
3155
3795
3143
1404
1140
1798
3939
1819
784
2914
1374
3526
1196
1045
341
1263
2455
2529
369
2651
3533
1596
2867
340
862
3613
768
3624
3199
2938
2331
4078
3385
578
639
1733
3696
619
866
3150
2825
1301
2846
2023
3681
843
4006
3415
1598
1294
1383
215
2200
2640
394
2060
898
1969
1463
3088
555
2973
449
1587
3730
1220
3450
438
466
2638
3615
385
503
715
4103
3280
1921
3171
4154
4159
3267
1432
2337
2851
2500
3678
3604
1848
2888
2681
687
971
3736
767
3376
2320
4115
3527
589
3293
4150
1315
1413
3259
345
564
3967
3707
2154
2577
2352
1983
78
1539
1924
3287
1464
146
2348
3234
3476
1928
3330
2308
3932
1229
27
3626
2157
3960
2165
2299
2650
2511
2864
1116
2212
626
2330
2282
3726
2779
1082
537
1805
3572
3495
1560
1853
1424
140
2924
472
2485
506
30
3228
159
1312
447
2222
284
2254
1076
2568
3003
2967
331
2003
518
679
3101
3705
3748
2902
2537
2999
3929
214
282
2285
3108
1375
2211
3322
3998
1392
112
299
1179
3723
421
1653
263
315
1156
2300
3202
2898
3309
2954
287
3289
2963
4118
2197
3431
1055
864
958
2364
1353
1747
3712
4085
1298
2674
2481
3812
2695
3219
4158
2629
2069
1164
2873
3778
3051
961
2232
2720
1397
2484
2817
2751
409
1046
1880
1942
2114
1304
180
2707
2765
1655
2233
3660
878
1626
2550
699
1576
2947
1647
3148
2417
725
2597
3551
468
232
972
4109
443
2470
3455
2125
2250
996
3930
1849
3802
3290
1748
1744
1400
3685
3808
156
1119
960
1725
71
3592
4044
16
1005
1445
2079
3022
2291
1032
1972
4086
1806
2170
1217
3341
2038
252
3205
1382
3577
2598
3605
3838
422
337
2566
1194
411
1993
1259
3599
475
886
2658
296
825
2507
4157
1201
3505
1749
2682
4077
837
763
415
588
1987
3096
2871
1620
2128
655
678
111
1758
1343
2579
1438
163
1012
554
3423
1953
3251
435
2111
546
2815
1160
4000
901
2880
473
1722
3936
2057
364
3092
2409
3947
738
2332
2603
1562
1952
577
3989
3243
3868
1937
66
1384
2100
3477
771
3317
3360
1991
966
1420
457
2831
1133
1917
3075
640
1216
1750
1477
203
4134
17
562
2426
4106
2581
2340
4110
1731
3552
4005
1431
892
2205
2423
2449
2004
4026
3749
2440
0
1135
782
2230
2795
2328
694
855
1841
495
441
3071
125
3529
1705
1049
15
2510
660
2838
681
3568
3350
3358
2002
3060
346
2063
3512
1645
1155
2656
551
3479
3955
889
1373
2418
3888
2786
3320
2033
4067
3158
2777
922
1723
3938
827
3788
3588
585
3017
2425
3447
3481
1676
1476
4016
3791
3147
1740
326
3408
3867
1281
2551
297
343
445
279
102
924
2092
1631
1235
1165
826
3296
2387
2468
2169
2081
970
3349
636
56
1768
170
4145
3875
3434
1228
2248
3519
2665
934
839
569
334
1326
1513
1279
3371
1143
3397
1288
3682
1209
1934
2716
3977
90
1078
2505
3321
675
1636
2891
1311
1365
942
3109
2787
2958
1462
3733
2557
575
1640
3854
2772
446
2284
3471
3817
874
739
275
2790
946
558
1086
3153
2760
1881
2314
2334
171
220
1512
2580
3755
3467
1702
53
4133
207
2122
2917
1669
178
2897
2071
344
1181
3645
1770
1094
1275
1455
3466
158
3806
1262
3506
667
2095
3090
3623
1567
10
3490
1123
1563
1605
1110
3961
1435
264
3941
3427
772
2412
3843
1340
2105
2195
2055
4032
1320
3518
1728
2774
3785
4090
511
235
2754
2659
2147
3213
672
3752
1904
2752
4049
669
3985
3196
332
2625
2544
1546
2570
670
3976
2015
480
1421
3836
778
458
1899
164
2966
3193
3549
3268
3277
1219
2162
1467
2969
1726
1447
3580
1425
1938
3227
560
3244
1818
3095
363
3968
3534
1989
2543
2245
661
3139
1350
2560
928
2204
2323
3774
1057
939
1949
3168
320
1369
2619
2609
2316
1115
1377
1926
3590
4079
1804
1393
3805
3847
3517
1713
36
1814
2141
3201
1830
856
2920
166
2191
238
1968
2730
197
1273
196
2438
227
4055
1785
1656
3815
930
2460
1131
3765
3175
2721
3606
2119
2134
1817
1442
770
173
2287
2267
416
2372
2762
1790
545
305
2223
3409
64
1668
2952
3859
729
3600
3393
2439
1637
3062
303
3860
2547
65
2377
2324
695
3601
2501
498
1580
2187
4146
3223
3069
37
1552
3643
2933
3516
4023
154
142
2498
2347
2990
2931
309
2189
162
3357
2366
4056
1300
2089
2987
2101
1525
2420
4036
600
3395
1224
3276
1616
1415
3848
1708
2144
1944
3584
3194
1380
1978
3005
2269
1041
1079
3222
2936
1812
3233
1967
1609
2218
3567
3680
3453
2487
1664
3203
3046
2691
456
2578
2406
261
977
2996
2076
3211
2692
3436
882
1493
3257
993
2635
2913
923
277
2483
193
1293
1188
3794
4018
1172
3163
653
3106
1649
70
1678
1077
2176
3591
368
2209
1099
597
1177
3214
1514
884
3965
504
833
3662
3956
1536
1271
3308
4046
3722
3260
3550
4126
3540
1509
3226
3422
1912
1759
3757
888
1283
289
244
1121
755
2930
3327
1482
1154
3758
1607
2391
1589
2190
3152
903
3621
3073
3387
425
987
3951
2278
3618
2131
3437
3784
2046
3030
2676
3087
1821
1892
3121
1257
3031
3402
1325
2058
151
769
3502
2985
2571
2354
126
2548
169
52
671
1249
1251
4139
2517
3410
3105
2600
1001
4012
323
2194
3987
990
3743
352
2729
105
1634
3845
1044
228
818
530
2491
997
3754
1611
2288
576
1716
161
1650
2694
3112
668
4031
991
2367
3770
1831
1170
1242
2564
2554
2872
2675
2821
1746
2853
1016
3830
2869
1227
3628
3065
2289
906
1296
1940
2478
4058
229
641
3315
3631
1995
3871
1900
842
1862
3067
2968
1630
2467
3239
431
710
586
1582
625
583
1083
2512
1673
2800
646
810
3639
4019
914
1643
1670
2446
3093
1612
1469
605
24
1577
348
4074
2524
1475
2133
1851
1784
1593
2030
137
3990
4161
2807
807
2026
2761
1566
1602
2462
3881
848
651
2292
2384
2928
3001
2326
3131
2424
3348
863
3903
1349
2416
2290
2303
2184
3334
1391
2000
700
2088
2669
2173
1855
2829
1364
1332
2393
516
659
1101
1492
2463
662
2889
145
686
3692
1345
3557
3514
3674
3638
2007
3988
177
1144
741
2545
900
3189
122
1423
1510
2960
3760
804
2161
2715
168
2978
251
3146
1389
614
1038
2236
2338
3077
2878
658
2558
429
280
1070
3055
2435
1893
2386
1595
3878
1205
1174
3074
959
1075
3038
3798
185
1398
3266
851
2385
1867
743
1793
1686
2653
1236
2486
1979
1145
4113
1253
3352
1348
2479
2660
3151
3654
452
3325
1422
1153
4083
1526
1878
2801
1191
2814
2142
800
872
1085
2819
4111
3335
1772
3993
3440
1756
222
1361
4148
2113
1724
3737
2804
26
1684
1241
1933
1537
2102
2443
1777
983
2907
1508
3827
3186
3058
3686
3564
1624
3024
1824
648
2146
3974
3690
152
779
3620
2411
2618
329
3039
2630
824
3816
3853
1014
1903
1436
2886
1905
1129
487
1896
684
727
2229
2381
1226
2942
2748
3161
969
4050
1047
2351
1409
3135
1244
1367
2905
4061
2469
3759
408
1401
1376
4093
3302
93
3208
3560
2702
3284
3400
1136
1632
1359
1623
3098
428
1118
418
2645
3926
3369
1703
3544
1557
68
417
1460
1277
3002
1503
1597
4029
2974
3138
2041
2738
2148
4129
3356
210
1218
3217
2392
1574
2404
3305
3340
233
2241
1113
952
2073
823
2349
333
391
3449
1147
2182
302
2178
845
632
2476
1452
1042
2492
3010
1303
110
2532
312
2955
919
2116
3499
1558
1434
813
2260
393
3048
1278
2932
20
1961
1388
1095
3611
4082
627
860
3120
4065
2756
1254
3154
3294
2791
1106
4132
2499
984
1213
3107
2080
3708
321
777
1472
3931
1025
2037
1028
2225
38
3877
713
3986
4131
2231
268
285
3652
2174
2049
1998
2965
357
2255
2953
4040
1456
2059
200
2946
962
3372
1479
2769
2490
1270
106
909
2813
2523
85
440
2945
3170
35
1895
854
612
109
430
4114
491
3658
2441
12
1237
23
2753
1534
3637
1366
1628
3927
3525
529
1920
2127
117
91
31
2847
701
840
4021
916
1641
3563
1058
1663
1268
2592
2273
2008
2215
3807
2297
3828
167
3023
2362
3373
1524
1379
351
1063
3432
2239
1646
1204
3856
666
3132
688
1006
591
1336
136
4014
256
2400
2522
3789
202
234
3430
206
104
1103
1316
51
596
3370
3818
638
3922
1190
543
42
1654
1411
2106
204
1097
1003
590
2921
1717
3123
2272
92
2854
1197
3919
2186
1318
2812
1122
2429
3392
2018
2906
915
3522
834
1036
2726
2591
750
2849
211
2179
3179
3428
2770
1743
1922
513
1362
765
183
