825
2117
3566
2470
3886
2792
3599
1424
997
1400
2067
3690
2376
2146
1854
909
1930
3270
3432
3503
1347
2381
3443
2409
1444
3681
1840
1607
3733
1723
2925
3216
163
2314
2608
2505
2367
3267
3807
1683
1644
538
1023
3696
2503
4060
2563
1142
477
3427
4042
927
810
3805
2839
59
2048
3580
724
4047
1872
1297
3902
2131
2348
673
1232
4086
3251
3414
99
3132
106
457
2283
2537
3943
1940
3286
3796
2928
1351
413
3519
2238
528
367
3093
1871
3444
3995
875
4023
2848
3243
1333
3765
2853
493
1577
2247
1943
760
3499
1364
3244
1511
1497
694
2646
3264
1542
1653
2243
31
1928
1151
3461
1510
3198
3197
2501
605
2717
494
244
686
3593
2382
1606
1576
2456
3490
3333
3530
239
1614
3985
2652
1726
2080
3214
1001
2716
3552
645
2002
3894
3817
3143
668
4074
801
2125
1732
2084
1737
3120
1468
3615
2196
1275
2171
3901
1141
1454
3091
627
3377
2410
39
3837
1074
2516
1506
1860
1904
3181
2155
1916
355
380
803
868
1024
4090
2566
656
2547
1292
2483
12
1783
4087
1265
833
379
393
120
3068
2328
2495
1346
2497
2801
740
2648
917
918
1460
3970
3994
2045
3279
2851
2444
2139
86
986
2122
2632
75
2565
1574
1891
2528
1673
743
3962
78
3878
2029
1379
2988
1755
2323
2162
3113
991
4081
1180
3413
3598
2053
882
606
2647
3637
341
4055
1069
648
1491
2267
293
2484
1938
2293
3469
1083
3406
3571
633
58
2032
497
4071
2322
1978
1564
1219
2428
73
521
63
1392
95
2591
791
3651
550
834
1678
1126
2379
2435
2708
2079
3321
3555
1946
389
2922
835
699
1380
2291
2147
88
507
2791
395
2684
3610
1977
440
2255
3277
1820
1546
376
215
3811
370
2920
3303
3841
2586
1612
2597
4077
907
490
590
3049
2567
2074
2614
1215
2902
273
1060
4108
3572
428
2977
3459
2760
2789
3626
1803
2107
2349
1039
3329
906
2539
2384
409
1704
577
3911
653
3271
464
3737
2292
3222
1479
2996
3038
824
976
1959
4005
1855
1518
1395
589
3460
4061
373
1140
3649
29
4004
850
315
3445
1703
3920
194
3240
2294
2113
3830
225
3546
3595
944
127
3158
4065
3282
2217
4059
1329
1519
200
2488
911
3171
1799
1648
3791
2318
3730
1109
187
140
1545
1988
1821
1583
2808
3781
982
423
2421
1161
2011
3942
3074
2935
201
3658
3088
947
4089
1637
524
1277
1117
3767
1859
2118
4036
2150
3089
3831
3083
574
1303
3538
1520
3863
2947
554
2619
588
295
2300
1792
3787
3922
1498
2234
3209
427
3446
491
2200
2942
597
1425
3898
2066
3365
1617
318
1981
3504
805
506
3511
1935
2321
3250
221
905
1837
3669
4129
1942
3000
487
2952
3616
757
1960
234
364
941
1371
238
114
2401
1528
2990
156
348
2739
658
630
2019
786
529
207
1038
1328
2549
4143
1413
2509
702
3939
1236
2464
2290
3131
1052
2659
3892
2275
3788
853
3795
3617
304
4142
3310
1733
1827
1697
3288
2082
1924
3138
3883
963
3754
3736
1124
2454
3814
2796
18
391
1787
4137
1130
210
3027
1530
91
4107
902
1406
2114
334
1317
1035
2574
2266
1056
1028
2103
771
2832
1208
3743
3404
1907
595
1443
1359
1499
532
1316
231
3659
2989
879
388
1635
3407
320
1164
2727
434
2044
3768
2620
1570
43
3381
2183
2697
3304
407
1549
4135
3533
321
3405
2485
27
2707
1146
1641
2593
2891
1961
1888
3756
1158
2188
3697
3130
2634
2153
2284
2517
2521
2876
313
473
338
3961
863
1456
3287
780
3036
1867
1033
2747
3354
3600
1642
4153
23
1070
153
903
2674
2415
1432
698
1467
3047
961
1575
725
2438
2741
2151
2931
1480
1832
2580
3146
1008
2124
2121
1547
1984
1061
3780
3688
2222
3139
1389
3801
1360
1540
2529
1492
2350
2682
216
2370
3052
992
4114
3376
3455
19
782
4085
3851
1162
3299
375
2752
2253
575
914
3588
1227
230
4098
3241
2893
1264
1205
3020
2673
1102
719
1417
1430
2115
1026
3526
1312
1808
2782
818
1503
3934
3094
2899
2657
4126
1407
3540
3030
1986
2055
2013
946
2289
1573
46
260
280
2930
3144
2975
2746
252
945
3574
1343
2728
53
2723
4063
1005
1100
2936
1391
3990
154
3184
2658
2315
2317
2599
4031
2173
4
996
1990
198
326
2276
3950
354
2102
1047
2702
3618
3230
410
3833
2280
3829
4145
2877
1199
2041
4139
565
184
3099
4159
2407
1747
2909
3032
1567
3782
1252
3058
2405
2392
3057
3779
3510
2046
2656
832
2271
3579
394
2598
2669
873
2927
3428
1749
1568
1728
2740
1693
1465
3857
2063
1588
3646
386
123
2583
1865
1169
1879
3877
2835
121
2451
3862
1107
2338
3276
3785
361
603
3855
4021
1266
3204
1177
632
2555
3494
3281
3727
451
3762
485
104
3732
4011
232
566
1066
746
3611
181
509
3048
1509
3724
2285
4109
3606
995
752
2256
1010
2852
975
3930
89
51
3156
815
1414
1992
102
1357
2711
3242
3738
1087
2043
1884
4052
1688
2396
300
2047
430
1805
3238
358
195
3752
1019
3927
333
1527
2085
1103
3771
2731
3491
739
4083
2690
1438
1254
2075
3292
676
3603
886
4160
2447
2783
2649
3564
2012
1836
1495
4110
3628
1624
526
3297
1262
3126
189
3248
1572
408
2460
1285
3373
1175
87
2784
2815
1658
2227
3104
3642
2948
670
1421
2582
2137
2499
2638
3521
2351
1825
2420
678
1772
2745
2250
455
2248
3874
2023
3059
3005
962
4132
2490
2862
3369
1439
2743
1088
795
3516
2269
800
3081
103
2098
3708
3641
4067
2224
1354
1921
641
3563
736
406
1394
454
2535
3336
1167
3345
3330
2640
562
3434
2060
799
2625
1522
2003
3909
467
806
2754
1650
1736
1639
1416
1717
898
1475
3822
2051
1933
382
1740
2244
1122
2279
722
2722
1695
1613
1665
3605
672
901
3053
3394
840
2028
1846
314
582
3344
3701
1969
1630
1308
290
2264
2721
3513
269
3439
3319
1651
2807
620
1743
1868
2949
871
2362
1952
527
1209
445
3050
749
3341
2846
573
2978
900
3890
3295
728
1112
1216
2713
1758
2088
2725
2220
1823
1290
892
2844
3971
4039
1896
299
2538
809
4093
874
1397
2099
2554
79
2358
3353
1817
859
2550
259
402
2437
2065
443
2178
600
922
1505
2204
1660
593
351
3835
3137
1423
2553
3753
2896
1517
4144
1735
2572
1539
3167
3810
3382
1796
614
1469
2393
667
865
1242
940
3607
3163
1948
894
2039
2869
288
4007
2449
2199
1115
862
3362
1170
3232
1831
1779
1905
1386
3122
444
1661
3420
329
848
2327
179
1889
169
1649
2985
3846
1920
1620
4080
1279
2071
3967
2998
1679
3154
3092
3334
50
3206
1462
2999
4018
4103
2281
1967
1086
2771
111
2511
608
1337
3945
584
861
631
543
4076
2110
3623
385
3558
3660
3290
777
1913
3246
3775
322
3542
856
3314
3433
1667
3954
1955
1890
652
1447
1160
1031
3834
2288
3096
1473
4106
1898
1937
3725
3378
2366
1711
2133
789
1947
2960
1240
2763
548
3551
3234
2715
3105
770
1390
2386
3989
2069
1184
1989
1502
1523
483
2336
1458
706
2448
2205
52
3233
2757
85
1030
3645
2305
1204
1009
1724
1422
838
3825
1123
797
3506
3326
671
2487
955
3383
3218
785
38
592
3969
4152
3872
674
3476
3906
1991
2677
2841
1815
1875
1516
821
2611
3425
15
3683
1601
3520
2709
3806
3905
429
1152
1844
93
3160
3065
1097
3402
1268
635
985
2492
2822
2089
3217
741
772
2581
4072
3747
83
2230
695
642
2432
3226
2542
3925
1716
1922
571
1331
599
3712
3183
3721
2129
3190
148
1133
133
3294
3638
2457
1050
2847
1561
1445
131
481
2618
2406
3953
199
1064
735
544
2974
3501
2064
2493
356
3051
2526
1887
844
1874
116
3199
286
3431
2768
3239
1032
498
726
1168
228
30
1431
934
3818
3273
2845
1234
3896
3918
1598
549
374
1565
3263
2560
1829
2965
3064
3691
2693
1283
3075
2326
3390
1629
2299
1593
3343
1306
3693
888
2185
2329
1645
65
2478
4088
80
1482
3211
2324
421
1850
2530
2651
3024
990
1153
34
2833
25
1931
3666
381
392
2262
2934
168
3070
2313
3633
2136
2919
2425
1382
1994
3418
776
6
3119
1322
3602
3110
2798
3668
3677
596
1830
1063
3269
3512
2431
1192
1049
788
854
979
1556
3609
1217
2984
1310
1002
3370
3652
3749
4097
4117
3260
2057
337
2473
377
2661
2251
1881
3351
4155
247
4066
2956
938
3103
560
305
2009
2213
1463
3195
1185
3854
690
3685
2515
2304
2761
727
479
733
1472
808
298
1775
1419
1210
2873
37
1324
44
2237
1689
2223
586
1698
1381
3372
3170
2639
1729
1173
152
919
3973
3998
2272
2052
1902
1776
3543
2092
3549
3585
908
3917
3172
942
4146
2842
3704
563
3313
1739
1985
662
1752
3069
2857
3245
536
214
3761
224
3201
792
3959
2780
2732
2325
2184
177
3021
2359
3861
3133
1489
2357
2679
344
4069
691
3938
174
2126
869
1897
2109
3033
2388
1608
2698
3914
657
3322
2918
3569
3340
1287
1793
3140
2802
4094
335
763
655
2430
3026
1596
3702
2312
607
3342
3426
3899
3255
3700
3219
2419
2961
1866
1681
2667
2908
2719
1410
1327
2001
3015
912
390
2881
2245
3421
2785
2193
1515
3193
2812
1325
3044
3087
1263
3591
3993
3484
1193
1194
931
2365
1765
756
60
3142
2776
1802
3111
1411
2180
4003
1309
3956
1457
4048
208
714
3792
2694
1307
2287
1685
2116
3735
2612
2192
4092
2664
2033
2007
972
2519
2906
537
713
2054
2579
1415
1901
2414
2663
161
866
552
2774
2545
2787
1372
3565
2258
474
2911
3923
2695
3601
3992
1584
2585
2468
634
3928
636
3011
3046
3002
1788
3816
3867
3474
3672
1428
2208
2108
1742
753
3880
3547
556
2354
687
3719
3715
3647
2605
3079
396
2040
350
4029
342
929
3178
1525
2231
2068
2368
2805
949
2558
3485
2489
1900
3363
2676
3357
3166
1666
1361
149
1048
748
3852
1531
1968
1983
836
1562
436
478
546
3060
1353
1222
3882
1408
3315
2981
2777
3840
2417
3188
790
3910
2090
1638
193
2093
146
4091
1003
4078
197
3153
4062
1211
3013
1358
1370
881
2621
2562
484
3769
3028
829
442
2766
2145
2992
3991
468
109
576
2209
611
1810
822
1971
4115
3577
3141
4156
2587
3784
3252
1746
1621
1021
1944
1484
3653
3393
3440
3210
2710
1631
3328
3562
226
3774
3324
287
2482
4127
3436
2680
1659
1078
2685
3978
4001
1224
256
2557
3921
3316
135
2077
2163
2302
1251
959
1131
3900
404
3437
798
897
3275
0
3667
222
1452
3751
514
1780
4012
2058
1368
331
2870
36
956
3856
3770
3200
1375
3306
62
458
1334
2334
2912
3071
3682
3412
1597
2606
1000
3
1429
1604
4020
1507
1085
2235
276
3948
3061
419
876
1212
1201
2242
3034
2969
952
3808
1909
2623
1718
3123
707
3679
1873
3207
708
2070
2049
3042
2160
2730
383
2551
525
310
732
3465
1700
2615
3589
849
948
1011
3596
3237
3772
3699
1514
3860
4002
401
2793
2398
2688
2772
2742
3951
2758
4149
3573
1272
72
3529
2340
3575
4123
1538
1691
2878
164
1188
3180
3888
1274
1926
2157
2215
3582
3518
3884
1396
3134
539
2803
1730
1284
2588
3109
534
4045
2865
1662
1708
4008
1853
2970
13
1433
1973
1094
2533
2573
1182
764
1186
3657
2494
363
170
4096
1256
2138
3803
2346
3479
1183
1731
3949
56
1524
2426
2422
1448
2823
2889
762
172
2914
767
2166
3904
4050
4136
1089
2898
2718
3471
461
2973
2534
2940
1845
158
766
2504
1529
2394
3532
2128
2636
1319
2025
3320
2474
624
2333
76
3072
3974
1477
1745
2858
3783
2203
1341
1352
1785
540
1200
2440
2241
2809
1680
1945
2937
3435
712
1174
2156
3684
2748
3291
4105
4128
2854
1487
3311
1015
480
1996
3179
3196
3639
1761
2804
3935
3972
3517
619
2701
403
503
307
2867
966
2212
1128
1599
2385
827
2945
2141
2297
769
1139
213
1246
701
3116
2826
1098
249
751
852
416
3129
1822
2142
1068
2471
441
1220
3966
1995
1095
3739
2026
2498
206
1434
935
737
2578
3980
1877
1179
1243
186
1863
3187
3468
716
4140
1536
3004
4134
2206
1278
545
3147
482
4141
248
1910
1712
3165
2670
1692
2993
923
1634
3663
928
3590
522
182
1774
2724
1751
324
1914
4019
2257
281
2811
2781
1350
2112
3374
4040
432
2307
417
2734
1878
2120
4068
438
3396
613
1300
2441
3448
2849
3192
2610
2404
1435
3729
2175
3208
3385
2882
2342
2821
190
3039
32
3284
1768
2434
16
3541
2372
3466
3283
720
1541
513
2831
1521
3135
3790
3620
2837
3397
2750
3225
188
3338
943
734
2635
1399
4014
857
166
3630
3300
3947
3346
1626
682
1954
61
3125
1669
2527
1725
2030
2703
2689
2520
2523
3228
3866
3741
2038
555
3136
2544
3117
830
459
3486
4157
2923
858
855
3318
1566
4118
4010
3114
1664
4009
308
2104
2863
398
3101
1442
3773
3871
4119
2475
2778
3006
1051
3965
3262
2500
3865
3478
100
1471
3828
742
2403
647
1828
2687
3488
2282
1753
1619
1253
3090
3929
2696
1560
2897
1493
2164
125
1949
453
1756
2042
1345
3391
1270
2954
1882
97
1116
2861
551
3419
2885
3786
81
495
1590
3531
1800
2339
1077
486
2135
2395
2181
2261
2536
126
3800
1330
2810
235
3554
601
1067
960
3145
639
397
773
2424
2036
1305
1029
2913
1436
3556
2641
1269
4084
251
4026
3161
3550
3229
246
1814
3063
1727
28
604
3931
1369
1501
2301
1172
1342
1281
2017
2182
1622
2726
2161
3703
1260
3462
3008
233
1437
1781
2887
2363
2226
3417
3592
433
3895
1770
8
2843
349
3820
1633
2461
359
2172
2770
3742
3118
3416
173
4032
559
2720
1927
1923
3982
615
3157
3868
3317
1668
1684
1036
312
1403
2888
3597
1798
1589
2016
2786
2645
2860
3182
843
3054
1906
162
1548
2744
3644
2769
2546
3740
2134
1387
1652
346
569
1441
703
2968
2097
2604
3367
3964
2699
744
3508
144
3847
3467
2106
3924
2265
1552
1976
306
3936
3885
533
2575
2737
878
2443
2894
3164
1041
2683
2609
531
896
2576
2337
475
4100
2198
2006
1623
3944
2819
3813
1485
3977
3359
681
2433
1797
3726
279
2794
3957
4025
136
301
680
1762
437
1807
2087
895
2190
2031
2666
132
738
2402
1258
4053
1356
1091
3332
2144
591
274
2910
1571
270
1393
2607
1055
951
1459
387
3451
378
2671
2980
926
1559
2958
1496
2059
1654
3220
535
3258
2083
3339
2510
661
3386
666
1912
2895
3463
3401
3309
2668
3823
2273
3718
1582
3821
3824
1020
2561
1674
1255
2004
1773
2584
2600
1950
3759
1016
2260
812
504
4116
501
4057
622
3694
227
3301
3716
1862
2383
2073
4121
1696
3850
2871
178
1129
1778
2165
845
1318
1710
3887
649
3819
1291
2705
470
2374
1245
384
2311
2921
3799
758
2278
3629
567
4158
3361
309
1340
1154
1512
3097
414
839
3881
3327
4064
817
328
1819
3480
3999
2513
175
2218
3368
1401
71
4079
360
2140
2100
3441
583
3045
1715
115
774
669
3278
3986
1647
3864
4033
150
2450
137
1267
3408
826
3227
2712
828
2592
3674
561
711
3159
1007
2665
2463
1643
420
82
3289
784
3082
4099
1903
319
2306
9
258
807
368
2353
1851
3815
316
3185
920
469
987
456
2756
371
3422
2027
1782
3731
1494
3348
3392
1127
242
1980
2179
1806
2559
1970
1314
1966
2979
3635
628
2459
2884
3014
2168
969
3086
220
1247
122
219
3452
2601
1276
2825
250
1801
541
2543
2905
916
2186
3912
957
1500
462
3456
547
3481
1373
1248
2387
1384
1615
2412
3891
1956
1694
1915
2953
3335
2735
2675
2799
1663
2233
638
4056
3447
3654
3913
202
1311
2132
3608
49
3371
1655
2997
3121
3859
2335
2660
3403
978
1044
3360
3869
3186
1771
3578
2061
3625
3029
1136
1640
3748
3587
796
950
2946
422
452
2062
1760
2814
118
1223
2225
3312
192
492
3100
2987
621
275
130
4054
325
1876
2035
3375
4161
715
3968
4051
4015
1296
2866
1058
412
447
650
1490
2442
2755
292
3836
237
3670
2427
296
3007
2347
2015
3673
508
3148
2959
4058
3492
958
1858
1111
572
1230
1838
3398
3764
1636
2729
794
3827
660
1079
4013
2994
4102
612
1046
48
3988
203
1962
1302
4147
1298
2344
1852
2021
66
2467
2613
939
1105
1690
1671
3557
476
925
1203
1017
3364
2479
3706
3527
3387
659
745
3285
3983
3168
2399
347
3636
1125
3875
2452
2143
718
618
3734
1045
1326
3487
1176
1190
2628
594
3040
330
2298
2678
1609
218
3560
837
2455
3410
3567
1072
1578
1156
977
3997
2211
3035
1121
2753
1383
1059
1603
3023
2540
1734
339
1335
971
1707
930
3337
3212
1857
2268
3274
984
1018
3522
3127
1181
2018
585
993
2252
1987
3613
729
343
4130
1550
3849
264
851
2624
345
3247
2177
3231
1657
1481
1376
2189
1321
183
289
3758
2191
819
3268
578
1963
3720
2548
110
1449
2341
3889
872
2672
3189
3174
489
530
47
3848
2577
1385
68
697
3037
449
1974
2901
1769
463
2872
362
3648
41
2904
3963
700
1250
3535
2458
3409
105
3839
357
1315
24
2332
2943
880
557
3903
3350
2400
1110
3307
1759
33
2525
3908
2983
3066
1824
2219
3256
1073
3879
1833
1402
3665
1591
3627
2159
2691
2926
2603
1053
2966
3789
831
1997
167
3797
1720
1839
910
4037
1348
2508
4016
1196
1757
1446
759
3175
1187
472
1289
3067
3946
3528
2602
3259
3539
1282
3858
2476
1191
3424
988
505
1363
2086
1404
1595
2355
1721
1113
1043
654
4151
717
4082
3016
2229
196
3763
3076
3958
255
1964
3077
793
4113
2270
2915
1676
2933
1883
1605
446
3838
2446
1101
2962
3933
616
4041
1474
2259
1065
1166
1918
3280
693
2767
98
1880
1027
2309
1235
664
1412
3794
3534
3525
340
1738
1951
3298
1295
3661
297
465
2216
2616
3594
2569
3203
3717
1714
1953
3022
236
3844
3018
1764
439
3496
3804
84
3073
1701
1504
683
3429
2532
11
1206
1585
2154
3568
3707
1349
1138
921
723
2343
2214
22
3952
1677
3358
3941
1082
1427
3102
3223
3395
2010
129
2818
3388
2751
3632
3389
518
3507
1013
1911
1719
755
1544
3453
2187
352
3722
1294
7
1592
262
257
2773
1934
1388
1646
2380
974
2453
3056
2629
3584
500
2232
4030
323
3776
1766
677
3676
3919
400
2502
761
1149
637
1972
2076
4101
553
3745
2775
617
999
1885
1558
1744
1323
684
2650
405
696
3001
1014
1979
2514
3464
2706
1791
3809
1273
2850
1120
54
3583
1587
3031
3502
692
1526
3272
1071
2626
1625
1464
3009
846
3438
640
3714
2633
1929
2111
1
2228
1012
1135
1108
3711
3293
2491
3845
1280
1241
2389
2008
1892
602
3473
1237
2642
303
887
185
2917
2345
1218
2167
1178
311
191
2462
2890
1155
1508
983
2834
1628
1535
2096
1795
3205
1569
1551
1722
3755
435
1090
3509
1618
2552
415
2418
2971
2643
3777
1022
2375
3489
2436
3352
3766
2790
2944
3960
2056
3680
2932
4049
1777
1632
1150
2360
3826
2236
128
112
67
651
980
1367
3619
3621
2924
3415
2316
3678
1338
3235
1304
2123
820
3003
254
841
3025
1440
1171
4043
1713
2892
1313
3622
1513
1099
1554
644
3524
1748
3177
2119
2939
3975
968
460
994
209
2095
3450
3631
1864
3498
211
4038
1221
1004
2630
3523
811
3010
1602
1165
3692
3561
2637
2622
1811
3843
2759
2296
710
3477
4131
2568
3937
1705
2653
2644
1054
2886
1809
1377
2883
282
1936
2957
17
77
2692
2149
2627
2518
1670
2246
2859
964
787
890
1957
426
107
3112
3442
2855
1198
3979
3483
1804
1249
3017
2836
3710
2369
2195
2733
665
365
1466
2240
2020
2411
3687
1534
1229
1288
1157
1042
2397
860
2
4000
35
1786
1405
2817
2967
2779
2078
142
3897
2788
2310
2429
933
117
2541
1750
3932
1925
317
3213
3643
96
1687
3149
2700
57
3055
1398
3115
2152
3746
10
418
2829
685
4111
143
450
1741
998
646
4022
1849
3098
4112
2274
3624
4034
3664
2295
1835
223
1137
1450
3576
2408
261
2976
2900
2207
2840
496
1895
74
3893
101
3128
1374
372
1594
2838
2714
2210
1672
332
1261
2816
3604
2964
1163
1794
138
1084
1675
2938
271
471
3150
3640
2319
581
3162
883
2830
108
2963
913
2194
2589
1899
2308
893
2330
2201
598
5
399
1336
623
3355
3907
70
2972
2197
2356
981
1197
45
1818
515
2127
1453
3472
1366
3778
3870
3191
499
431
899
3151
705
1656
278
3802
2170
1600
2364
3454
924
3650
3366
778
516
1455
2081
4017
1344
2050
155
2373
1841
626
2481
1257
3537
3449
3709
171
3323
3253
92
2361
205
1870
730
3202
1286
1763
2263
511
1917
1767
2556
243
204
3744
1555
889
3124
1706
3411
3194
3695
1214
2249
523
1610
1812
781
2704
3019
294
3176
2762
3876
2907
768
277
3760
1932
1096
2416
3308
1362
512
165
2390
3493
1006
1213
1611
2800
3514
3106
1195
2749
272
3586
3152
55
2477
1062
266
3497
884
2254
1293
4024
3305
520
229
747
2654
3634
2024
2486
1789
2571
119
3041
1239
1301
3261
610
4104
3265
1461
891
1580
1579
1843
3713
1134
4028
336
1586
3356
1886
2631
263
4150
4006
2880
1532
2000
3705
816
176
3545
157
2130
625
3399
609
1132
20
1144
679
3612
4154
2916
1233
4035
1834
3842
870
989
90
2879
369
2037
1627
1894
2681
629
1581
2286
2655
3655
1420
970
1244
2512
688
709
519
3976
2169
731
932
1847
2738
3108
2352
3940
1709
3249
4120
1320
1092
69
3656
1332
2014
1543
3832
1409
965
1993
1486
663
268
3266
2564
564
517
1563
2736
2022
2995
366
3984
954
283
241
1034
3495
3689
1119
3215
1488
2795
2531
1159
2423
1682
2797
3155
2813
1080
26
1848
568
3169
302
4044
3107
1982
4027
2331
967
4046
3926
3750
1271
2472
2465
4124
1202
145
2991
877
3062
2105
3347
267
2864
3482
2856
814
2824
1418
159
2950
3349
3728
2221
1856
3236
291
4133
3257
1148
2806
212
3325
3675
1037
2034
3723
245
2986
2941
2101
2391
3475
1147
139
2506
2239
1114
2828
3915
1365
1826
704
1908
1118
2903
3916
3987
3536
3458
2413
2091
1699
675
4095
842
1451
775
2469
4125
4070
488
823
2875
1965
3331
750
1093
2686
3981
2596
1426
802
953
14
1040
2094
284
904
3500
3012
864
973
3254
2595
3457
779
151
2005
1919
3559
2176
2765
1893
765
3544
1106
3614
1226
42
1537
40
3698
1941
3379
3686
3085
3095
2594
2378
1355
1616
2377
113
3812
4122
1784
3224
3996
721
2617
3296
1025
885
2072
1998
1790
3470
124
2929
425
3515
2868
327
1075
570
804
134
587
2466
2277
783
285
3553
2480
1228
2303
94
937
2874
1533
510
1299
21
2590
2951
1557
3084
1339
2496
448
502
1869
2174
1145
1975
1813
2439
1259
466
2320
2955
1754
3221
1999
3430
2982
1702
2507
1939
2827
353
253
3662
3793
3080
3548
240
867
1478
3400
2148
1189
847
411
1225
1476
754
1842
3423
580
1553
1143
2371
1104
3302
64
3173
2445
3570
3384
180
915
3043
1081
1686
424
141
4075
643
1470
936
2662
1816
1378
3873
2820
3505
1207
558
4073
3671
2570
265
3581
542
3853
147
3078
2158
689
2522
813
1861
1057
2764
3380
4138
1238
579
1483
160
1076
217
1231
3798
2202
1958
4148
2524
3757
3955
