449
3903
926
2195
1739
2351
2911
1243
2451
88
48
975
1444
2426
1060
3896
560
2840
1970
2045
942
3763
3291
1094
610
889
2701
907
1531
1686
800
2477
1173
655
2492
2259
1752
1356
2141
1229
551
2215
3107
714
2183
918
2282
945
2125
3256
2900
17
1775
2531
3058
987
2339
172
1725
3490
1348
1303
2471
3076
1638
755
2841
1606
1807
3190
3601
2063
2898
2719
3344
104
3044
3662
357
3497
2084
3685
1501
290
7
1003
2147
2875
665
1859
691
1261
3672
1648
3028
3861
3563
1630
1649
1711
500
641
2963
2397
1537
1687
3591
2079
713
568
1432
3803
1690
243
2231
2488
244
1588
698
2806
1978
3825
404
656
2178
293
711
299
2325
3738
2379
378
1289
586
1441
2567
809
388
1366
3832
3728
1678
780
1286
3692
1597
389
1893
1607
1520
1148
325
1034
2138
2281
3421
3316
666
1656
819
1702
2377
2395
2547
640
455
1396
3358
464
2257
426
468
3606
1047
2619
282
566
1800
1813
1018
192
321
2150
3380
156
2495
3589
2696
497
2810
642
3135
3204
3658
3595
3102
331
1327
3828
46
1075
1466
3542
3853
3796
2777
2601
1265
2967
611
745
3814
2498
3788
512
3523
327
1635
2450
2467
3405
1187
157
1023
32
3725
37
2776
3428
1255
2001
2640
2982
47
2064
839
2884
1998
2340
3705
3472
2204
773
10
1628
1431
302
1374
1242
252
2981
910
3294
2766
1758
2760
1928
2234
3761
485
1672
1448
1254
742
3261
3084
524
2999
3214
1340
843
474
2873
3279
253
763
3112
2849
3036
2166
784
1508
957
895
757
683
1960
2258
2047
1190
3869
1613
3420
1468
1837
914
3541
3267
363
2290
3074
751
3485
3240
3655
3475
2616
1
3097
3071
1665
2091
1081
3479
3716
2533
844
1030
509
3031
29
1297
242
658
3315
3833
725
2210
1401
123
1587
204
848
467
3673
1467
2313
475
3201
3648
1247
3365
1346
771
2333
1927
3894
822
3684
166
2209
3568
336
1921
2545
178
2805
358
3339
2962
2034
2506
3094
3905
2153
248
2217
121
3621
3085
3203
3422
871
217
2310
1256
2842
1234
1938
2033
198
737
1429
2406
1038
3147
1279
2393
2909
845
861
2834
3702
2250
3399
2336
2021
2216
739
1825
2441
2868
2447
3357
990
1833
3189
3577
2991
3548
1612
3628
129
1854
3624
2199
3882
2970
2213
329
2124
1779
1749
1642
1393
3354
3288
1922
1259
114
3329
2974
3221
3037
2188
873
1692
1391
1425
1194
3509
3049
1362
883
812
3778
508
3347
2402
2609
3588
2478
1989
421
360
2434
2193
993
1452
1547
3251
1573
3845
2344
2989
3451
555
1450
483
2593
1993
14
324
3764
194
2315
2444
1732
1564
3540
3517
2583
3537
1331
3865
200
2028
1720
1759
1074
2401
1527
3687
959
677
2222
944
2971
1107
92
2103
2435
3406
2220
283
554
471
937
2856
361
1794
1778
2514
1916
2705
1031
2433
266
1062
1744
0
2322
410
98
2285
3469
3385
2298
3683
1633
1499
3220
1910
1870
2713
2186
2480
3310
650
1908
943
2146
1246
3579
2656
3608
85
2624
2479
3225
3794
3593
1697
2454
2586
1135
1426
3253
1733
132
2602
3699
1024
3360
1155
2180
1128
2111
3209
3660
1949
3708
3598
2268
2493
525
1145
3427
3646
3258
2918
195
979
1321
3224
769
176
1115
3458
3127
1851
3762
1308
2941
1570
1655
1319
1850
1022
472
2104
1413
3875
1865
3897
2758
3139
2463
1519
1013
1082
3887
2598
1763
1538
1682
690
2824
1305
1449
3570
2026
68
533
3016
2709
461
1781
1041
973
1590
3900
2680
3298
3289
2543
1506
2643
1470
1756
3513
2083
2746
3677
2278
3603
3133
3793
2302
63
310
617
1427
3690
1772
272
3003
2483
1515
3907
2468
2163
2145
630
2173
2369
2432
3236
3165
840
3611
3632
54
3402
1901
2155
513
2108
1947
1555
2537
849
3308
817
3912
2801
600
2907
3041
1203
595
1392
609
3323
3756
3901
3103
1433
380
1516
1006
2400
900
1476
1089
1365
2311
214
532
1880
626
1931
1277
3775
3567
932
1536
1322
1095
3661
1990
3605
3440
859
821
3779
3723
1964
1566
1707
2131
604
793
3093
3516
1539
3401
2065
3600
514
1044
103
3565
2568
2348
2225
3500
1230
3210
3477
2966
1999
1162
2238
1504
141
2720
1861
396
3462
2122
657
1663
3823
122
1747
2923
154
511
2123
2863
3461
2070
395
3001
2555
31
3307
3361
2664
2381
1219
2993
1198
3718
1511
2662
27
1961
2503
1270
3219
1920
3104
365
1226
3098
230
878
2637
1969
2784
2747
3512
2729
3174
2951
3651
768
2942
2004
1257
2697
2688
1991
255
2556
3659
3889
2294
1486
2144
1832
927
3176
1266
2264
1618
2626
2000
3488
3109
3108
182
203
1363
3733
1798
797
2633
1627
1883
1944
2049
487
614
49
2044
1734
405
3760
465
1698
446
607
3318
2073
1370
229
2894
2326
1709
3216
355
3489
3012
2208
605
3491
1992
1216
439
2762
3128
3368
2490
561
280
520
570
1073
3040
752
1416
3400
2822
3230
262
2272
3700
1821
3182
3007
1010
2009
1249
2449
1945
1326
2133
1751
3419
2014
2549
1106
3259
1320
824
161
2618
2077
1891
476
2190
3622
2795
3231
45
980
2100
3404
2443
2814
2972
2899
184
1496
2622
3772
569
2933
2305
1984
1494
1977
3902
2906
1167
3356
1430
57
3249
2691
830
2273
1028
3118
2740
2416
1199
1205
2386
734
1009
3136
2796
1284
3054
3010
3180
2181
2076
2690
1276
820
3573
2057
770
466
2191
2407
1621
422
1906
2087
2927
2378
602
36
2440
2558
3519
2295
2127
3653
3077
296
3580
400
3742
105
1295
2017
1191
2059
2452
1402
627
1935
1769
2632
274
2107
1596
1209
3722
1397
1987
1225
1189
2136
1373
354
1959
491
3878
575
376
1361
1237
1863
3409
2143
2629
1339
177
1817
2177
680
2575
2230
415
3521
445
1477
2700
2562
2935
3340
1882
2010
2765
2335
3590
2665
91
3789
411
3506
3810
2539
2099
1748
829
2275
1981
3915
908
3302
3374
1411
3322
2517
1176
3238
2585
3498
116
971
1966
853
736
1096
2588
694
261
3081
2244
2078
2112
169
144
995
3387
730
1856
1057
3850
458
3544
1273
906
2269
791
2734
2384
1712
2526
2534
3208
3638
3808
1923
1036
846
2430
2113
442
3198
1561
2625
344
2955
864
629
3321
870
3898
339
1614
2119
3805
1469
193
1629
3442
402
2343
1695
1281
1291
276
2016
1714
1440
1530
3555
753
1651
3526
3854
1050
2118
565
486
1988
3855
583
664
838
3511
119
670
1522
2630
1367
1641
2101
370
1280
632
986
435
3531
1152
2728
3835
225
507
2271
93
2563
3314
1179
1132
1783
454
3438
3072
3105
2663
1592
577
2410
3727
241
305
168
1428
285
1896
2198
3166
3245
3064
1438
1871
3091
981
2349
213
3331
1333
3712
1158
909
2870
2954
1919
2012
3184
693
722
1252
3317
1182
1378
323
1654
3197
3337
3868
3376
2674
3877
2882
236
1422
1211
952
3443
1175
340
2715
3217
1407
1388
3235
2090
3115
2627
3863
3100
256
1636
3824
1315
3161
2317
2957
3087
2003
3689
1105
3092
2486
2233
3382
3790
2644
2414
3262
2092
3691
2831
872
425
2442
1718
956
18
1317
234
3815
2194
2712
706
1869
3132
3027
2551
2675
2140
1645
1122
2958
1667
1085
1072
90
3890
3709
2823
2359
488
2095
56
3241
3858
3880
718
482
2060
2892
2845
304
654
1643
1631
1166
2205
1848
247
1852
705
3388
3056
3280
1743
1404
1552
2425
1054
164
3505
3144
735
3332
2847
1900
2137
39
1224
3383
3068
1932
920
1723
941
933
3602
2865
3414
2419
542
778
660
2039
3471
2436
858
1332
3106
968
308
3528
3614
153
540
613
2385
330
1609
3695
1021
3529
1137
1644
12
2862
526
1565
535
2647
377
2042
2481
874
136
179
3426
1434
3053
2291
758
938
1068
779
1521
3124
3362
35
2965
3177
835
530
982
3584
170
2985
1602
1130
2318
2615
2328
3086
2599
1398
2986
1129
3162
150
3612
1915
3437
1439
2363
443
3465
3873
3152
1875
2811
401
6
3483
2229
1461
3848
2408
3083
1801
2919
3688
3460
1170
2019
912
3032
3207
335
552
913
453
3862
3325
2864
638
3501
3237
2755
2530
265
2572
1222
1639
180
3703
893
2116
2500
2323
2109
1500
268
3061
1052
1384
3617
3363
3351
875
2589
196
3643
1080
152
2582
749
2168
1143
3079
2867
1212
1220
2570
3749
3895
1867
1996
3476
2979
2937
2639
2976
855
3698
891
1666
2861
3453
1177
619
2031
3195
2854
3730
1524
3067
3759
974
40
1729
2024
948
517
2925
3729
366
1930
391
2110
3449
1952
2306
2459
2881
2484
3682
3050
2252
3720
1181
417
2871
3398
3834
1014
1603
3821
350
3026
635
2485
428
510
1049
33
2102
373
3413
3710
3757
2337
983
2388
2830
3846
2035
3714
2793
2595
857
2054
750
2249
1578
381
648
2890
2265
3706
2398
1296
3734
3088
2389
669
837
3145
3534
1608
3891
316
1533
965
3035
1445
2580
1581
382
1471
3856
1065
2352
66
869
23
587
2174
2724
3844
1975
2931
1683
3914
1905
3645
2896
1810
155
3369
1045
3170
2276
1458
1849
3572
2785
3647
2910
2913
564
163
803
813
1263
2121
1705
1253
77
319
2548
3432
3492
2782
3508
1283
1571
1940
1459
3285
2354
2946
3686
3303
1616
2362
3158
1809
3211
1626
729
1204
2371
2283
1488
379
940
1019
3002
3804
762
2011
567
220
1917
1418
3039
3134
2928
720
2504
3173
2170
2953
1632
3468
1884
1039
1830
876
1979
69
1986
1731
1358
3755
3564
3183
852
681
3015
594
1601
3143
2646
62
470
3205
2718
2825
2521
2844
701
185
1017
3843
2171
2607
3786
628
3051
3768
434
3287
1483
616
3226
1640
2812
2037
547
235
2263
1963
1889
2655
580
2226
2554
1035
3129
2866
2189
353
3566
1293
743
3265
2046
228
573
250
124
1584
2726
1580
258
2642
2158
3463
2835
3172
320
1939
2350
3394
1550
1737
1560
3284
147
1241
764
618
1548
3233
2902
1117
1980
3908
2461
1214
3343
1736
1098
2523
996
675
2781
3640
782
2813
1646
3507
1740
1184
1455
1796
2437
2066
3487
1485
2296
2058
239
2476
1503
915
3272
2160
1934
1375
1551
189
2973
1240
724
2293
1063
113
3604
3510
3009
1625
58
72
399
307
3867
148
2164
2196
2246
2261
1451
3504
2742
653
2613
663
277
2889
2520
2528
2456
592
544
2518
233
644
810
3478
2324
3188
1163
3740
311
3304
2798
2929
1553
2499
2635
1534
3059
1572
315
1950
1099
1048
3911
756
2391
312
2859
950
2512
3341
999
3816
2707
1546
2475
2836
3634
126
1926
2756
3522
1716
2353
2698
3266
1264
2711
2247
2403
1223
3543
2828
1248
3917
2200
2308
3048
1015
89
2096
1653
501
2409
622
3277
625
3819
2897
186
2392
1834
1414
2080
3218
3801
3234
1509
65
1770
1260
3273
2201
1774
620
3583
2372
60
3243
2774
2915
1400
1777
1360
3153
3773
1591
384
3004
581
3864
3559
2157
3078
1951
278
3562
2129
1700
2998
3113
911
1119
1238
2502
1498
2303
951
3470
430
3330
2994
2206
3232
1364
2886
499
3753
1383
2846
3594
2482
2297
596
1053
2641
2383
1456
2968
1887
3319
1675
806
2920
433
2202
3391
3425
2128
1713
1116
1589
1043
3607
2794
3636
1037
2134
2542
2120
1381
352
828
3448
3654
3585
1324
1898
2959
905
1007
2660
929
2474
2082
538
1528
2098
2895
989
298
1244
774
3149
2843
597
3371
249
2455
3899
1138
1258
3034
3741
1012
1684
2803
976
2320
288
3141
1532
3146
826
3715
3551
1568
1567
1620
1196
1594
82
2980
703
3496
1480
1497
21
550
1857
732
2750
1005
1482
1481
418
1251
2445
2487
886
67
738
966
1278
1730
2370
3656
1460
490
707
441
2292
3000
1067
816
2685
1662
403
2501
78
3893
789
3212
2767
2453
3675
2768
1306
2606
1619
1742
1405
3154
1437
2934
146
3837
2505
682
2093
1379
836
2286
2329
1087
1535
2565
3326
1569
2772
2067
502
43
3377
2094
1178
1111
2448
3264
3080
904
1812
3283
3798
1016
1799
1020
1309
1962
3137
3345
898
3069
2721
1907
916
2874
1233
3515
2797
284
436
3711
2089
1040
2470
3797
2778
2961
2457
3247
127
1301
1582
1831
3668
2739
1464
790
1610
1114
2638
303
1055
3635
3179
2240
1341
1121
334
2738
702
777
337
1083
2251
2804
2228
1406
20
3255
1239
2748
2838
385
437
1876
1868
1109
1235
3849
3021
480
1369
1838
238
2341
3681
394
2853
1787
3248
1454
205
2872
2069
2075
2950
3619
954
719
1056
1011
173
1918
2245
686
107
3159
2027
3456
3494
1344
2149
240
585
1120
3482
1822
1002
2764
3750
398
3353
2358
3020
1492
3434
1410
451
317
1819
2399
1376
781
1902
890
1599
2299
2809
2006
2661
2423
3257
1789
3502
2439
3499
8
2888
1846
1942
1790
3575
1318
1311
553
1101
651
716
3571
2855
2649
2704
2717
3381
2695
668
3168
3554
931
1164
3909
2052
1336
3533
814
41
884
1213
685
3609
978
2621
2653
3721
1185
212
3057
801
1351
1389
1696
3123
3193
3818
842
1549
3346
34
3777
985
2068
1514
1802
3299
636
2151
209
3200
3150
923
748
2672
3439
232
689
1811
1937
2687
3538
1647
934
3758
2571
1287
1102
947
1600
1637
3005
135
351
3455
1929
149
1069
2885
3840
684
2800
3546
1912
2132
1210
3637
2702
2833
1674
503
2596
2262
1415
2321
2541
1193
1354
254
3327
3713
159
3650
2749
935
3751
432
300
3095
2207
1004
2559
3806
3175
1420
3395
2608
687
1228
409
2219
199
1124
2458
1735
286
3782
2522
831
709
3281
2741
505
2404
3430
3664
1761
1757
2360
3652
3663
899
765
3126
3817
1808
1347
3017
2232
2114
2573
688
2893
783
2172
106
2540
125
210
1110
160
386
1146
24
2922
515
584
1423
1827
1156
2667
3524
2710
2876
1118
332
1197
2319
3771
2820
450
2342
3747
2916
815
2658
1313
11
3029
2491
1371
3445
3336
3493
2507
2411
2879
1294
2182
237
3693
413
3851
1108
3841
1157
1334
541
877
1773
3167
1818
3244
2105
2185
2048
1579
1650
802
2591
2396
1971
267
977
3043
1888
3669
2693
2787
313
128
1436
1186
1840
2669
1493
1797
2808
96
3704
967
1232
345
2786
2241
1154
1741
2376
754
3140
3122
349
2689
1995
3674
3452
924
598
3731
1387
894
2789
3073
3372
1623
25
2536
2992
76
558
3393
1172
2418
2346
1144
2135
1071
1659
1147
2754
3130
2053
55
1956
3550
1727
3403
1078
785
1605
1828
799
3623
427
1671
1188
3268
2677
1093
393
2936
3857
1487
879
1061
506
1753
3350
2227
2254
2737
1008
1288
2086
3042
3743
1292
2538
2280
2316
1495
2496
1586
1652
1658
3246
571
1518
2130
1780
847
2497
1195
3410
3666
621
1104
2671
1131
2887
1634
1784
955
3390
1505
3121
1895
406
2996
1453
2590
3829
3296
2148
3726
3196
624
1267
2921
2908
1141
3275
1113
2115
2338
3
3454
917
3744
120
1997
1245
1556
1304
2008
346
3830
3194
3613
671
3558
3082
3171
992
2676
2314
3781
3906
1217
928
2725
1953
2288
2072
1792
174
392
1814
1577
1557
2723
343
2162
3910
263
1298
1236
2901
860
2043
823
1150
2524
1657
1622
440
2345
2473
1070
919
2579
1994
805
984
2924
1862
3860
3156
2581
2779
1972
2327
1490
1380
2960
3785
3297
3352
2175
3418
1558
112
776
1097
3178
2948
328
2279
2645
3252
3495
444
2817
1545
2304
3847
896
3676
222
1886
3473
3626
3038
1617
2427
1046
2610
1598
1824
2903
3312
2270
3282
2807
2527
1866
1478
3120
2945
1604
1290
1746
2494
1382
2374
142
1541
1335
118
2223
2783
2462
1715
81
1765
1442
2682
700
556
162
2666
699
2930
2947
953
1421
3792
1699
3547
3155
3732
1484
3745
2519
2949
1026
364
3342
2088
1479
3633
2857
2513
3467
2510
383
375
2574
2267
1722
880
281
1312
1342
545
882
2036
2699
2347
495
2417
2438
562
679
218
4
1983
226
1554
678
1615
582
766
2850
2952
2260
3836
2594
3138
2692
1507
2412
84
3767
1826
922
1352
448
61
368
534
546
3820
2405
2364
1820
2678
1693
3807
796
1755
747
3333
2744
1409
1353
1624
2708
227
2032
667
2382
2509
3556
539
804
13
1202
2380
3871
631
3290
206
133
3215
1231
3187
3776
3884
3254
867
637
1805
1909
2771
519
190
1051
786
1133
3549
1227
672
2730
2074
294
1660
3011
3024
1323
3263
3560
958
2041
3665
892
1881
1943
52
3223
3271
1815
2022
1462
2356
3431
2050
183
3260
2466
1174
1076
1967
695
960
477
2670
2977
2790
1766
3536
2
1077
292
1673
2156
1593
275
1329
834
342
2030
1904
1059
1092
481
3447
1785
1957
639
3799
1563
478
2117
1328
3364
3539
589
1491
457
3826
1149
2932
991
3075
3269
3424
3578
531
807
3328
2743
2051
1583
367
528
792
3587
3355
50
73
3367
469
3697
51
1526
3885
759
2770
1343
606
1544
3696
257
3450
1879
3754
1754
3206
1086
3025
1127
612
109
3514
1165
297
854
3022
2515
423
2018
1513
3228
2097
811
86
1183
3599
2221
3278
2431
2472
3046
3349
3827
1708
231
2239
1271
2184
1941
1517
1250
3096
301
3396
712
2751
925
3119
131
1936
3276
2165
1611
1679
794
3070
2578
259
1153
1029
1142
2176
3306
2733
3842
188
969
901
2978
2799
615
145
2944
2154
661
3466
2560
414
2224
3229
2716
608
1136
1112
543
1860
171
3386
659
2038
191
970
1704
1925
207
456
94
723
2731
2969
151
70
3384
2529
101
2415
1924
3561
2330
108
2769
2604
634
3063
3423
3822
2995
2648
1221
1523
338
865
2757
1948
2686
1001
1559
356
64
165
731
643
71
2015
167
772
3631
2055
2975
1310
808
28
3610
2837
3052
1914
494
3800
1058
727
306
3270
3148
2535
1585
3313
2357
2489
2429
1274
3131
15
2620
287
289
2211
2650
2256
744
733
1847
2617
2387
1745
3545
3019
3639
3620
3707
696
3111
964
623
3892
537
2516
2592
1473
3641
2848
3694
2914
419
1858
79
2355
3436
1946
2179
496
2532
3813
1377
3886
591
1864
1676
862
3839
3163
2703
2938
3791
3335
963
3774
1894
2212
1474
518
885
2816
2943
3090
1192
2159
2732
3375
888
1661
291
137
522
3678
2007
1403
3169
1337
2917
2307
949
1446
2367
1543
3045
881
1899
3348
1435
2422
1345
359
1853
3888
420
1472
1841
3770
2142
1835
87
740
1207
1419
2253
2584
3441
1890
3407
1424
902
1502
1782
1125
3629
489
3101
1897
2187
3047
1688
1669
3581
1843
3883
1804
3018
504
3164
3649
2869
2025
3535
2544
3679
3065
295
2904
2071
2235
1668
187
3125
536
1269
1691
412
1724
2218
74
1829
3202
2368
579
2566
2255
726
1330
2214
921
326
1457
3671
2237
2106
3213
2878
1595
1760
1064
1325
493
2891
841
3644
245
1171
2161
3464
75
3300
5
1816
3667
3242
1417
2274
3780
2753
1685
3186
224
3784
2851
697
1670
2062
2424
1806
1836
26
3736
3286
3433
3033
3435
3627
2126
2860
2735
3397
3870
2706
961
2839
2990
3724
1842
3274
1574
2577
3066
1285
2761
3114
832
2858
3527
2657
557
1795
223
1200
1719
851
1079
2361
1091
3530
2668
390
646
1985
2446
2956
2061
3809
273
1844
1090
1771
2964
2984
868
529
3191
3227
3181
2597
3752
2827
97
767
2248
1272
2775
3746
1443
3370
1084
3881
1738
1027
3811
3670
2939
601
1463
962
463
1933
2420
2040
1103
269
2880
424
3366
3552
1845
3518
387
1703
2659
3457
3412
211
3008
1762
1913
997
374
2167
3379
2236
2152
1357
1768
1525
3429
1892
2614
22
3014
516
279
3295
662
3060
3392
3099
3532
549
1160
2829
369
3411
2460
2564
341
1965
459
407
728
578
2815
2331
3309
1447
1689
3185
2546
2390
2561
42
2745
775
318
936
3305
322
175
2912
3239
588
2557
2826
3013
3642
3408
1955
3486
3879
603
1140
216
2600
1316
3373
2005
3737
2469
2773
3293
2373
3765
827
548
1872
2791
3378
2636
647
2940
717
111
1282
452
201
264
787
818
2832
1169
3157
3292
1664
333
704
2002
138
498
30
1159
633
1386
1694
1412
2681
1206
2759
260
2651
2926
3872
2683
599
3838
1706
479
988
715
2788
1803
1793
3116
1839
3739
761
1355
3557
2987
38
3199
833
3006
523
1134
1168
1562
3802
219
3222
652
1764
939
3748
1033
2300
100
2243
3615
692
2988
3569
1161
1100
202
572
2780
3320
208
3417
3525
3874
2309
3324
2511
798
2905
348
438
3717
3904
215
746
2287
3446
1958
994
95
115
2673
2679
429
347
1151
3574
1275
408
2085
2852
1395
3110
3415
1701
1823
930
2877
130
2694
1372
2634
1680
3023
2277
674
1721
1973
2714
721
574
998
80
2552
3389
1088
2623
1350
3062
3680
1512
856
314
3338
83
1465
1776
3192
590
2818
3474
1201
2169
158
972
2587
1300
527
795
3359
1262
2029
1874
2792
1368
563
2722
3916
3142
102
1855
1399
676
2631
2752
2284
2301
1314
2654
3576
863
3301
3618
1786
2375
3735
559
271
251
3592
1726
1299
2020
1489
460
2366
2023
1540
825
270
1123
1885
1529
3055
3876
473
1767
110
3481
1359
1180
1877
3553
3913
2508
1791
462
371
447
3866
416
3520
2242
673
3459
3250
3787
3117
2428
903
3596
2013
1307
117
1954
3719
431
2332
1750
309
139
2312
2763
1873
1025
2821
1302
3416
246
3311
645
1032
593
1575
3030
1208
2197
2550
3769
2525
59
2883
3444
1066
1215
1710
3334
1218
3795
2605
181
1717
2203
3586
1911
1139
3783
492
1542
1878
3089
2727
1677
1976
1000
1385
2983
2652
850
1968
710
3503
3657
1788
372
2802
649
2289
946
521
2997
2819
897
3160
3859
741
3766
143
2413
1126
2365
3625
887
1268
2612
1576
3852
2684
3484
3151
19
1349
99
2334
2603
53
2465
3701
134
1982
760
1510
1338
2139
2266
484
3831
3630
3480
1394
2081
2421
16
2576
140
221
866
708
44
1903
1042
2553
1681
2569
397
3616
1974
1475
3582
2056
3812
9
362
197
788
2192
2628
2611
2394
1728
1390
1408
2736
2464
576
3597
