1246
269
107
3097
836
1357
2304
1792
301
450
1776
2758
3525
3047
1505
2587
1196
2985
73
3294
3478
3640
3324
252
2192
3785
3789
729
2207
2259
3657
1132
1350
3214
1183
302
2988
1918
3262
392
1255
453
1242
3630
2243
2042
2328
862
1483
2131
1509
1294
3890
2324
3746
1106
2104
564
272
169
1352
3829
244
1494
2089
1674
1954
1835
233
117
529
3309
2379
3553
1563
988
3915
314
1418
19
1204
2245
1834
3772
2859
734
2440
790
3662
1410
2787
663
2438
632
1211
3072
2558
1778
1491
3183
761
2112
1762
2277
482
961
247
3726
249
2253
981
2739
3738
3154
3638
3277
1982
2209
3055
3080
3359
2020
45
129
373
2567
3557
3607
2470
2525
1223
2431
3392
3161
1915
3342
1798
557
2736
1369
3095
2805
3686
3198
1055
142
414
2475
3694
2344
2509
931
2098
3431
840
3666
2643
3450
1428
1740
3125
1317
2422
3011
2429
1722
578
125
3184
1372
188
2794
1277
3045
1638
1408
810
2176
1801
209
1171
2490
3235
56
852
3368
3185
757
2244
3247
3360
2649
3747
2874
1999
749
3426
517
2648
131
3333
1866
3744
2435
28
1302
3123
1941
1945
3347
2885
3736
3615
3337
1704
696
98
3230
1245
2727
3009
3847
3821
1705
1919
143
3899
3037
1988
451
3893
155
893
1664
36
2464
2425
2065
316
2808
1260
1716
2984
3617
1910
2943
3220
1349
1303
2974
1514
2935
518
2386
3472
2518
3767
1948
202
3250
3107
3757
3625
196
77
2069
1751
2080
3391
969
2092
464
3619
321
1455
444
3495
2911
1179
1768
942
1749
2011
2676
2189
3682
2451
1869
3194
133
2382
1262
3353
2938
324
2749
3146
3020
2867
3665
266
581
661
3759
2307
3257
382
295
1126
571
2025
2408
3209
1996
3504
2298
3707
940
1656
1377
426
2376
1236
2976
3754
339
336
452
2543
1090
1252
3834
507
2030
3119
1158
2662
2373
20
3710
3158
1202
1711
1367
3024
185
3626
3117
3512
535
3211
3018
1251
3637
1361
3383
1724
3335
684
3773
738
1248
311
333
1939
176
355
1508
2827
1553
49
1375
2696
925
2320
697
2766
695
374
2037
3654
1482
1787
2151
3764
2004
2860
427
2358
854
140
2266
1480
3820
2152
3898
524
773
3375
2862
2468
163
1409
2199
3287
47
2768
1093
138
1560
5
3614
3458
3002
1562
362
403
1139
113
3256
3142
656
2597
865
1104
3658
3683
3494
2986
1250
2115
1232
853
2516
1761
2117
3054
563
3025
3833
2232
3357
2313
1951
3312
2250
430
1911
837
455
3078
1807
2753
1145
1121
3215
383
3814
3569
2761
1239
2746
13
1770
318
206
1688
402
1312
2392
3204
1140
2172
789
78
1442
2183
2836
1537
160
2124
167
2968
1266
443
3519
3113
1585
1115
2933
3649
2339
3052
2120
2319
625
2677
2480
2333
3098
2733
418
258
123
2212
2315
1732
1909
3531
1977
3883
120
1544
984
642
1820
1178
2097
200
1744
963
2927
1981
1467
164
237
1313
2116
3753
3643
141
1922
3032
1613
553
2539
1270
3582
633
460
192
3116
1959
2185
3252
2278
2269
3723
1851
3831
3768
2621
2272
2945
525
3716
797
1215
2019
1572
3775
90
3722
3704
2588
1781
3606
1666
2066
2327
878
1273
1554
1228
1356
2371
780
2443
263
2385
2769
3441
75
10
3165
3297
1609
1680
93
220
2993
999
499
1795
2432
576
1655
1381
3721
332
2246
3534
530
2775
890
1599
1363
3339
3776
1299
3413
440
1640
221
2816
3891
2188
2873
2569
3608
861
1574
298
3634
3680
3907
1779
2166
3069
863
509
717
2937
1087
1604
1579
389
3689
1031
241
325
3602
2293
1495
1571
2221
1956
3590
1734
1182
3685
1148
966
434
764
3469
3628
2437
1802
645
823
637
3455
419
2130
3081
2252
3111
1548
512
731
1725
3101
763
2082
210
2751
2939
2861
467
2334
1600
3096
122
1033
3742
1707
1857
3870
3910
1737
932
2285
1118
560
1216
3507
1511
1336
3127
2009
1803
2191
3390
1775
2526
3578
3914
2849
2922
3846
1879
3872
3646
175
459
1813
3523
3177
203
3424
57
1485
1601
3678
508
3505
1589
2717
2857
484
3419
2548
2237
2652
3717
3632
3597
3803
1887
2300
1517
983
3408
1735
2225
671
3900
976
1444
1040
492
624
1943
2476
2169
3295
2157
2615
3888
2349
1859
1960
900
3842
2854
3807
1812
1337
660
2524
3860
739
2236
1814
33
712
2510
2377
868
1738
2869
1556
1895
2902
2051
602
1222
2267
1923
352
2680
3696
1099
2760
2360
938
2856
3077
1035
1070
376
3845
2754
2896
197
3273
1597
429
1156
2290
1041
636
2330
623
1069
1845
1580
987
2184
822
2138
2667
3749
3562
404
698
449
116
2087
2062
1642
1330
1341
2291
2517
3843
794
3490
3015
1476
3652
569
157
556
2132
3328
3817
2882
3176
2542
3771
2803
3172
2329
2511
1685
527
909
284
1001
1308
115
309
2812
3411
43
2701
2691
2872
384
396
903
401
1406
3522
2586
3601
3609
737
2832
3395
1876
423
1822
2738
2178
3188
849
2405
672
3410
2967
2095
1891
2659
1584
2418
158
593
1448
826
1786
1285
466
1924
1694
2604
270
1051
1847
3171
3152
2513
297
2393
839
265
3180
3477
2800
1747
3196
1799
46
3187
573
2200
2223
860
3760
353
3087
3526
621
3475
1393
2905
2977
1706
3497
2807
2841
2142
2318
3017
2002
2731
3240
765
2031
3822
361
2229
3740
1453
2651
710
2877
3200
2400
1421
439
2279
1658
4
3063
846
921
3251
1564
1142
3289
829
3506
341
3412
3784
1327
437
2230
72
3212
2779
2531
1117
3376
995
2614
2817
2102
510
3489
3064
2106
1793
3307
2504
2863
3501
2257
3007
39
1551
3365
3041
1164
2932
1849
3566
50
2580
2402
2119
2158
58
2747
1675
2154
589
310
3213
1489
3841
898
1681
1098
2915
1420
1008
766
500
2077
3108
2167
3398
1338
2600
2752
538
2791
2941
1903
3876
3260
388
3166
1412
1086
2689
2048
1643
916
52
3448
628
118
2557
709
3071
3433
2047
1135
2001
261
1700
1576
3057
1940
3587
2783
2159
1921
493
1029
3580
3325
2702
38
3130
2572
3274
3221
721
799
2515
3592
3042
1846
3584
3518
2455
3889
2846
2734
3692
3897
3387
1387
2910
3636
340
222
2174
3423
1528
3641
3202
2211
1358
3832
1755
2889
590
386
943
2456
1046
2321
2204
3780
2417
2347
1529
2125
3799
2303
3866
1624
3122
485
391
2201
1315
1927
2401
1901
3862
2078
736
2551
17
3435
1116
1964
224
3904
3393
2996
897
2645
2806
1379
3739
1619
1774
194
2137
1699
643
3471
2906
1384
32
579
3040
674
2231
3265
793
2495
3858
2206
62
1702
2824
3308
2686
1450
1319
1353
1772
3279
619
2660
1432
2071
753
1826
3536
1175
1933
1763
1756
1639
2757
415
3386
3801
2607
1595
2286
3114
1010
2472
478
1646
2239
1665
322
3616
1714
745
2502
2177
289
3181
1623
1374
182
2630
1667
814
3401
3440
3661
364
456
1578
1362
88
104
3334
3709
866
2929
145
280
1496
3672
3457
1107
2533
2879
2146
2538
159
2426
1392
3805
1545
664
1034
366
2989
3001
771
3219
3356
515
3066
1559
3345
803
2540
2960
2923
1241
1380
2983
23
2831
3048
3162
2762
1464
428
562
1329
1952
3110
41
1684
1877
3563
1746
1137
2981
3320
2006
2383
2521
1593
94
2917
3144
1606
154
1760
3579
2639
2416
1006
1279
3373
2289
824
3878
1587
2123
3271
3354
126
372
3115
2578
1839
3218
1025
1538
1929
380
1383
1718
597
243
1477
2487
2404
1532
2466
2670
1979
2287
1050
1904
1247
2868
166
1568
614
1510
3355
3542
2664
3599
3232
1045
1193
3460
2353
658
189
1531
3487
367
2916
425
2473
828
3887
1938
65
1894
2070
3796
290
647
1888
902
543
2898
3102
986
651
1825
3802
2920
1842
2100
2216
615
821
2448
1780
3267
2530
1947
1840
1207
3046
2629
1907
139
2994
2844
1896
1071
892
1555
2351
2585
3466
294
152
3023
3407
1307
3126
80
1433
347
1371
1305
3016
1914
3859
2951
3733
817
887
1280
551
1782
644
498
110
3797
3819
1058
2433
727
44
1201
2378
171
2838
3517
1720
2335
2562
1376
685
639
2242
1385
2407
1039
1852
1364
2108
667
2813
3421
2928
2865
1281
626
1348
2663
3182
1557
1189
532
1078
431
2251
2529
2442
2264
3903
2770
555
3547
2481
3812
2815
2522
390
1512
470
2732
3006
3828
462
3667
2547
2028
1332
307
1628
804
1654
2774
825
2140
2553
1166
2180
245
2415
1343
2003
299
1931
406
888
1174
3875
785
1056
798
582
725
2284
2061
3381
2210
788
1133
537
3528
338
820
3664
1591
3545
1289
399
22
1764
1936
1062
2224
3004
2520
305
2611
3155
1692
3713
2528
2962
3330
1661
1424
3438
617
3422
502
2477
1221
1968
2450
2512
3795
2626
3884
2592
2737
3514
2497
1243
1026
2114
3600
1522
3916
1546
964
293
3362
3496
1157
2394
2964
2331
1460
3823
2829
398
536
2556
2492
3377
3397
2616
2570
1180
151
786
1110
2671
2341
2921
1296
973
3062
2940
412
2260
1200
768
635
323
2043
264
2843
0
513
3734
149
148
1610
1634
255
2013
2262
227
2023
1074
668
3092
253
3031
3724
1765
3730
3670
1320
2445
1032
136
1689
2306
1969
1874
232
544
1575
3160
2602
3762
646
1730
1318
2058
2064
1176
2482
2220
1686
3737
2975
1898
980
2233
1871
1965
648
1411
1713
2821
177
351
1928
3036
230
3593
2049
1310
1481
424
894
1159
3695
2215
1552
3461
1465
1617
1301
3570
334
3416
1819
851
3012
3612
2756
2957
411
2316
2893
2052
162
2478
1370
1092
2682
3227
1696
3700
2925
1003
1605
473
2179
2248
918
3223
1011
2369
168
18
3560
641
1311
3544
2593
809
1128
2633
1068
3030
1172
2820
2372
2573
2446
2113
3574
277
1487
3159
2552
3222
847
701
3068
1949
2594
1354
3429
3743
2887
522
1651
2796
715
2038
1405
1867
2076
3139
1461
3863
89
1678
370
3079
955
1841
565
35
3029
501
2459
1521
1373
3060
1870
1225
1566
3687
1169
778
542
2081
1088
2936
286
3871
3242
1054
2283
1134
2745
1925
629
2730
3677
2963
3509
1147
2234
1944
3168
3755
1912
2310
16
2638
1577
2198
3913
1365
1752
1573
446
792
3340
2014
1454
1355
1789
2773
1328
2834
1391
926
1660
3051
1649
137
1297
2661
584
40
1721
3348
1946
1446
2710
1388
714
279
3306
694
1622
665
83
1978
3645
2181
1970
3248
2271
585
1452
2280
487
3836
3631
3902
2454
2675
2895
678
1582
2684
195
3712
3752
2605
1703
2403
2793
2396
3589
1400
3880
2419
1594
1323
1691
330
2499
377
1534
1808
3173
303
3586
1986
2980
877
3596
1331
3038
3244
128
2187
135
2982
2795
2679
2017
3881
1499
3474
3642
2217
2294
2650
1000
690
2155
1231
2990
3317
3480
3201
2489
186
2987
2706
670
913
3621
958
1474
838
2718
3285
796
2628
2346
881
2514
2934
2609
1322
914
2765
2203
2186
1539
539
3543
2295
2384
1458
217
1149
15
3249
1498
345
1728
170
1272
1588
1048
3288
874
746
1240
1635
1013
857
1850
3464
2068
3623
3912
1209
908
1016
1130
856
350
603
1298
3083
613
2709
3639
3894
144
327
2227
1838
3779
699
1506
3343
3075
919
2413
594
342
1259
3720
331
3481
1644
1030
3164
1309
27
3548
1830
1804
1027
742
2340
1973
7
242
3493
2999
2010
199
1065
1741
1653
64
3532
95
3259
2583
2811
2698
740
1935
3852
3865
783
1650
3195
689
1565
2193
235
575
3627
3537
3341
1177
1719
2618
2848
1766
2828
989
2703
2173
1856
1659
3719
1253
2361
234
1213
76
2056
546
2072
103
876
2833
1097
1543
153
2764
3402
184
74
1274
3035
2079
2122
3513
1773
842
2613
2780
114
3629
1151
3082
2914
2561
218
2878
1519
850
2535
1325
2918
2388
1263
397
274
3027
2966
1932
1729
53
2226
3148
618
3319
1811
2000
256
3396
124
3026
1083
1679
813
2182
784
2036
3350
686
2536
3044
3591
3439
1472
540
385
216
977
3268
3529
2111
1975
2027
3810
3371
2367
566
2469
945
869
191
1224
2091
1208
1754
3169
1191
3255
3163
1275
1284
2789
3199
3389
2467
2406
2161
845
150
683
2560
1468
2439
2084
939
1167
480
1806
924
2024
2596
2871
1723
2096
2141
3576
2851
1220
2801
1457
2926
3415
1398
2500
3873
728
1648
2356
2601
1533
3008
1206
413
3850
2299
1431
395
2741
105
3156
2591
2274
408
1855
2015
1300
3140
2978
181
2802
679
3594
2399
1261
1019
616
1682
791
457
2973
2948
3147
1292
2646
1264
3292
1335
947
929
2724
873
1293
2160
1002
1784
1612
2296
1021
1569
3498
3237
3417
3459
3651
1596
1445
1844
3059
486
2441
1974
2722
1214
229
3316
541
2565
2050
3167
1114
880
67
259
1123
365
3462
1290
1426
2420
1344
3085
1629
2032
3653
2508
335
1437
834
3701
1823
3688
1286
2162
534
187
747
3192
1417
3091
1052
2804
2949
1449
1212
3286
3741
1502
1632
1821
3186
2719
3486
48
953
504
1163
1794
2527
1797
595
952
3352
475
1346
2398
2705
288
11
2617
3675
2901
1334
2452
348
703
1067
3283
2412
1962
1237
2559
51
3327
841
3145
70
1345
435
3663
2665
3605
1278
69
147
3874
2641
1788
1893
3917
2845
2170
3806
3301
2998
3310
832
2599
3465
2991
758
2045
516
2666
2625
3329
993
84
3366
1127
1837
3906
2414
1162
3336
254
3245
315
2410
1637
3304
491
3896
3788
3748
1199
505
2894
2005
1096
1641
3482
337
3323
3839
1075
3571
2444
3470
3575
3750
2506
1173
2566
677
2627
996
3702
1047
2590
1541
3521
2270
3425
1828
1957
1439
558
2797
1698
3679
2326
3648
3118
2129
3572
779
2972
3427
2322
1109
3089
872
231
3099
1783
1037
3809
2453
3234
3827
3280
520
239
1161
705
879
719
681
2022
1536
1396
2956
472
1473
653
1155
1226
2208
3516
3300
2584
292
223
899
941
3005
1865
574
688
2503
1138
3463
2822
1192
1991
1249
214
2164
2870
3451
1616
3511
3436
2463
2447
3551
3132
3284
225
922
1889
1080
915
3203
1900
2563
308
2799
896
2750
3492
3715
1739
2175
805
1513
2810
356
2835
359
1832
3699
1271
795
2308
577
360
1989
1023
2881
519
3351
3787
935
3830
1351
3141
3124
607
1419
3671
3468
930
3447
954
3010
3864
2133
2354
3559
754
1967
907
2110
2118
1073
1701
3282
2954
3
238
882
2654
1540
2564
3668
968
2121
2381
1731
3074
2012
1235
2785
1402
2067
1479
3207
3388
3443
750
1683
2581
416
801
183
3552
1709
1547
236
1598
3049
545
1113
2673
1185
3084
101
1670
774
421
965
3473
3405
1890
1881
3825
96
3131
1824
268
3364
1567
2421
2241
2886
649
2678
2864
3349
843
417
2491
936
3567
2944
2644
567
1415
2582
2311
1063
859
2136
2699
461
2145
1076
267
3298
722
2127
3372
3231
1950
55
3711
1607
1809
14
3197
975
393
748
260
895
1583
3844
1592
2305
2434
559
2297
3595
638
3854
1111
2007
1084
3414
2263
2357
3434
3491
2777
82
2494
481
1618
1858
2619
3321
1800
2436
2147
3039
2890
3266
1283
3382
161
86
3909
465
2534
1238
2397
3624
1042
723
1633
442
1620
2714
2825
213
3895
3134
3370
2143
2281
3263
2545
630
3129
3794
291
3404
422
655
2767
1360
1621
1470
3326
1150
568
1124
3053
1120
1942
179
815
1831
808
2016
99
2693
770
2759
130
37
974
447
2958
42
2740
2555
2039
552
3728
2375
1972
3058
800
3622
572
1368
3034
3541
1733
802
21
971
2708
650
2950
1818
3224
2772
2240
864
2830
251
2345
586
704
1663
3693
3811
2332
2899
1493
3908
3400
2364
282
1836
1611
2168
3291
1451
982
3901
3403
204
2228
692
1958
2134
1526
2352
92
1422
1399
1715
3867
463
3418
2390
1181
2218
2343
787
3774
1053
2029
1516
494
81
2653
1304
2507
2798
3766
1581
2139
1401
1558
407
2309
2995
30
998
3840
2694
2884
1908
420
2598
3763
2163
1017
2301
806
1459
477
458
1868
3581
3558
3264
1456
1492
1404
3305
1414
328
2460
1750
2057
2681
287
2235
2961
387
1966
2589
3206
598
2255
2222
610
3019
3549
2748
3502
2546
1608
3420
1009
483
2041
3818
583
1429
3781
495
1347
3394
1004
3484
1342
2323
1710
3800
2018
2103
3430
609
3151
29
2505
190
2721
3346
3281
1471
3013
2219
2449
2519
278
1614
2912
3691
2355
1044
2258
3449
3216
1125
2712
212
1507
2647
3604
3857
2484
2428
950
2953
1100
2814
1525
1197
2574
1884
79
454
3861
2171
3150
1265
1790
2577
3174
2908
106
2571
3488
2839
3302
3104
1953
3380
2247
1742
109
2907
3533
317
61
2742
1022
271
2144
2788
927
1447
2149
718
31
108
3021
1860
1184
63
3620
2715
1195
818
438
2197
1631
906
1771
257
2959
3233
1066
870
3650
1693
3193
1478
997
3583
1997
1077
2088
102
226
707
2622
2337
1014
3243
666
1626
2059
2053
675
3684
3153
627
3751
949
2363
680
3226
2763
612
1980
1668
1094
2755
1748
3432
2636
1990
3442
3379
676
2657
3290
1049
3103
659
848
782
369
3869
2423
1060
469
970
3014
3093
2099
1523
781
2126
1677
1625
2073
3322
201
605
3428
304
3725
8
1416
1518
2603
3086
911
368
1992
994
1727
3303
2888
720
3452
1091
2156
775
2819
2729
2579
2656
2549
2350
1267
394
682
1326
523
711
3554
946
937
3856
3613
547
693
3208
1963
2501
490
1359
891
2336
1854
3246
3853
3065
3485
3453
875
2314
2021
1695
250
1229
2919
3106
3659
1102
3635
1333
2387
3499
3777
2707
3735
2044
657
2254
433
3656
1985
1520
85
2971
1630
990
3332
2858
3109
1873
2389
178
3790
375
531
3138
751
1395
889
1726
2880
1524
1484
1757
1210
1057
3577
640
3905
1503
3363
819
1129
344
2054
978
3228
1983
3094
3520
343
2946
3697
1645
3603
3090
275
3705
273
1462
3344
3276
2537
1875
3885
497
2214
2784
3385
2317
608
87
2523
570
3761
673
3446
2809
2498
2273
3610
844
2338
1486
2046
1886
2312
1321
2947
3786
3718
1306
3261
3254
1440
2725
1082
3808
1708
283
1160
3782
1012
3769
489
905
3061
1995
867
1152
25
1672
3673
587
132
3236
2952
3311
1899
165
1186
1430
1816
3137
2541
3003
3798
2485
476
1864
3731
357
410
2348
2165
2840
3778
967
1490
3556
830
3848
3618
2620
622
3454
1690
2256
1463
3112
3067
1020
716
3882
1501
378
743
3409
855
1316
246
3539
1535
66
2086
1570
358
24
3838
883
1064
1389
3791
1848
702
111
634
2818
3225
3598
3253
3299
1767
521
606
2786
2063
1897
1993
3136
59
3564
928
1287
3358
1863
2282
687
285
1636
706
2672
2623
2690
2965
554
2924
3121
3205
205
2026
3793
1961
3239
2462
777
1154
3361
620
68
2576
904
1488
2196
816
1205
760
3714
3157
3296
549
1314
1218
54
1187
912
1324
2366
1153
591
920
923
3633
2992
2891
669
1926
3703
1219
1861
3028
1122
409
1603
2930
3588
600
1269
432
724
2790
3479
2268
112
985
3483
1976
349
2554
1438
3851
550
2090
3314
3437
772
2213
1652
1987
735
100
1081
1441
60
1673
1397
1095
172
1268
1217
3275
2970
1883
2979
1165
1085
769
468
1119
2008
180
1872
2496
991
2624
1256
1143
2723
3561
1230
9
1435
528
762
2913
1671
1291
1108
767
3527
211
400
3217
471
1930
1602
1101
1527
3886
2997
3669
1497
156
3000
2842
2792
2461
1436
3745
3191
319
3555
1
1934
2903
3241
2249
3530
1258
756
3690
2743
371
1515
2275
173
1753
752
3170
3033
1257
26
1059
2610
1550
3585
2875
3660
1413
296
2486
2606
1423
526
1103
1785
2612
121
2866
3043
2153
1657
831
2608
1425
2669
2391
1282
2716
3824
300
3568
917
1647
1015
1687
506
1244
992
3189
1805
3816
3540
2276
979
248
2640
3792
1669
208
3338
548
1382
448
2395
1902
2855
3476
1743
3868
1892
1024
3100
2634
3644
1198
379
1984
3729
3758
2261
3258
2359
3406
1791
2642
1141
1036
2411
1843
3076
3681
901
3546
1427
959
3676
3143
1676
2688
1079
2955
2695
2465
479
1717
3765
2458
1038
3056
956
1072
1295
2424
933
3269
3855
34
2493
1627
436
1434
2720
405
1339
1917
2826
2190
6
262
3133
3073
884
2105
2876
726
2655
833
2194
1469
1254
91
3647
3313
3611
511
2094
276
3278
2544
2850
2632
812
601
3849
496
313
514
2735
3732
732
871
2771
2781
1777
2823
744
1829
1916
1736
2668
708
3367
951
2479
1853
2085
2532
730
198
3070
3315
1586
592
1475
1089
1407
3022
119
3708
827
1394
2135
2075
1542
2302
2055
281
3088
1443
354
691
441
2427
1466
3500
2853
2238
588
1815
1833
2205
1144
885
3378
662
2150
326
2904
193
596
1131
134
1194
2325
2687
3175
835
1190
2471
3524
1043
2202
561
807
3270
346
1994
3210
2195
2107
2380
1500
2776
2483
3384
1998
1112
2474
3815
3826
611
2342
2931
1018
1403
174
2
320
2704
960
312
1561
488
3727
3467
2074
2847
1882
3178
2040
631
3229
2631
3318
1817
329
1203
1906
2083
3120
2778
776
2409
219
3879
2365
2034
3837
2883
1340
1530
2368
948
2568
1862
3892
2292
1233
1878
652
3783
2726
3698
1920
2700
1170
2093
2265
1168
2109
733
1810
2969
3238
3508
962
1007
2711
3445
71
1366
3399
3444
2728
97
1146
207
910
2892
957
228
1378
1880
2550
3550
934
3835
3911
654
3535
3293
1712
3877
2370
1913
1188
533
1234
2685
127
972
3655
741
1759
2900
2837
2060
2488
1937
474
3565
755
3179
381
1288
1390
2637
1227
1615
3510
3573
1005
3374
3105
12
700
2148
1105
363
2362
2374
2033
3813
2744
3674
503
1136
3149
2692
858
3770
599
1504
2782
1885
1827
1769
2635
2575
3190
3756
1549
1061
1697
1590
2897
3503
1796
2658
713
3331
944
1905
1955
240
580
1745
3804
759
604
445
3706
1971
2697
3272
215
3515
2674
2852
146
1276
3050
1386
2128
2101
3128
3369
3538
1028
2035
2595
2683
2909
811
3456
2942
886
306
3135
1758
2288
2713
1662
2430
2457
