2259
2526
1750
1262
2570
448
2799
1241
119
3341
294
1597
3299
3932
3875
3789
2716
297
3158
1947
223
1867
2172
2568
2897
1710
809
64
563
1716
2410
4128
2282
3961
3657
899
791
3497
3870
3033
89
1681
1411
3072
2046
3189
3707
4010
690
2669
898
2586
2705
3032
4040
1534
3303
3955
1512
2007
420
2782
1989
3351
4016
2880
1866
1777
2928
1044
3711
4138
2441
3496
3677
2991
2269
2494
2388
3452
1184
693
1601
315
2891
3414
2279
76
3190
2081
3685
3892
87
181
2890
4131
3128
416
2944
2815
2028
3661
2700
1324
1792
3601
3290
2536
247
2683
3746
3005
723
754
1164
608
1833
4115
3098
2307
2235
2041
575
214
1078
3684
2492
3541
217
1902
1781
3003
2911
1271
3842
2932
2687
3612
4100
290
2999
808
1092
3217
3976
2331
1062
840
3882
3495
621
3195
3552
3011
3262
3002
1395
1088
3403
772
1307
578
1004
2214
2299
596
3034
541
2015
3288
1550
2594
1040
1124
2171
458
3394
2121
3359
2463
3102
3314
317
2223
3257
285
2727
1944
3979
2818
3826
3640
2565
579
3805
1037
2576
2676
3630
2464
1702
258
2305
2294
1563
2905
729
667
3583
1188
2918
1517
658
15
4008
2199
3247
2000
120
3898
507
3972
688
3903
915
2774
3276
3811
2318
2768
2333
662
1660
3070
486
2071
3678
1811
3969
3948
846
2780
795
2189
1846
1130
109
3880
2860
2173
1938
1170
1592
4096
2334
2636
1926
3660
2215
3743
3689
3995
1950
3269
3000
2805
1489
3788
1988
1847
194
906
3806
1636
2940
2508
3902
1151
2066
2873
3416
2681
227
4052
3455
1253
3021
3036
469
1098
1273
84
1110
3750
121
2266
3304
3426
369
3363
2658
1001
2418
1578
3227
2109
4006
411
1443
3503
2513
432
3499
2544
1682
127
902
3131
726
645
3458
650
1258
3787
3161
2247
2952
3457
3030
514
866
2678
2693
1812
1217
2416
607
3291
1901
592
1745
2142
3672
4141
1843
4097
275
3353
3127
2002
2922
3112
6
2988
1430
3704
3478
2909
2375
4038
574
1890
1557
2704
51
2137
2140
3284
972
14
2087
2496
3182
2877
4020
3273
3310
2855
2378
2298
2518
3252
2473
1613
1002
2836
398
916
427
3052
1525
1413
4009
423
367
3853
3712
1358
3843
1422
2864
1090
1594
2198
3207
535
1876
86
3510
3668
2240
3494
3871
3546
3191
1283
628
625
2753
2772
1749
1162
3953
3373
1139
3200
2532
2735
1189
2103
201
3625
1824
1282
3572
3134
1555
1334
2994
740
823
1589
3910
3067
2648
1463
1261
3397
831
2663
190
4026
2773
81
1540
1082
167
3981
1606
635
389
1689
1574
4022
4019
2978
1796
3345
4143
4114
3620
2229
3038
2647
3654
1775
1136
2421
219
3740
259
4103
481
161
2607
920
2242
3999
2434
3664
16
1760
3520
4070
1074
2143
3199
1132
510
545
256
3881
1544
1070
112
1326
1399
71
3086
1711
620
1240
1404
435
394
2419
1907
2679
2709
949
3964
1473
1916
184
3679
1275
747
4136
1191
2797
1242
1547
2817
3698
1643
255
1288
490
3142
2407
1305
137
2777
2377
2732
312
2204
1605
720
143
2114
1615
3617
1966
2557
1073
2810
2859
3577
3597
3364
3924
2399
3324
2035
3251
604
2795
2619
2288
3348
3214
80
5
2828
651
3037
433
4058
3047
1409
2162
3281
1467
2560
85
361
2621
2442
2063
2314
4047
1717
1042
1364
1751
879
3553
2534
3159
2073
3261
3412
1408
501
1752
1182
590
489
2233
1312
273
3920
3486
3185
855
1842
2646
721
937
1215
1593
48
1134
602
3293
4025
1309
1014
1050
3110
2559
733
3386
2598
797
2504
1493
664
3447
2751
37
2117
3096
1869
2004
2010
997
3229
3519
648
3642
1166
1407
3481
28
1560
1353
3255
3007
1575
41
3722
3121
2833
125
198
1850
279
1105
3014
1651
3774
3180
985
3294
1368
1060
619
508
451
4078
3378
2958
3607
1287
421
2675
691
2406
2327
1469
3511
344
4130
2167
2371
3500
3906
1111
291
3656
1280
871
324
1973
2451
1623
2152
2604
1929
3663
3512
2491
1272
3705
3203
752
3635
3773
1515
1264
2213
2075
1999
2843
2974
1181
3687
1799
1390
968
2113
2363
1793
2757
441
794
1362
2412
68
1486
1963
1025
3749
26
634
363
3808
2547
3626
1741
3848
2830
3194
2981
24
734
3926
2389
434
1856
2439
3718
2119
332
1816
158
1349
1206
3593
4156
329
356
152
429
3879
713
3504
2370
1630
3673
3866
221
633
3847
1325
2838
2749
601
521
53
2481
3603
60
1654
4018
3650
1377
3523
3389
2947
1405
3744
2894
286
2685
371
980
3530
2485
4060
2736
854
2414
2665
3927
646
300
1263
2865
3059
3340
1504
1163
472
3535
122
3485
2030
583
2166
415
93
2295
717
3732
438
1046
2457
2393
3410
1968
2980
2456
1039
2005
3377
154
2161
1952
2328
829
2251
1401
3419
1212
2609
2671
1172
2653
702
2424
1967
1953
1859
1721
383
2495
1983
2249
857
746
3129
945
3849
990
1195
3696
251
4137
742
3236
2211
2839
2852
540
2055
3804
2957
3463
1339
3140
1969
1113
3567
615
3719
2951
2965
743
3779
1790
2845
2095
1147
4080
3175
2300
1466
1987
1119
2923
3210
2092
3710
230
701
1406
2718
4117
1554
2694
2067
322
2191
3001
2447
3605
4048
1817
2045
2601
2721
139
439
1169
1915
3621
358
3907
3376
1203
4072
942
3448
3543
2770
1797
969
2698
1497
2902
2611
3931
1917
2841
3854
3352
856
1940
2690
2059
3231
2548
3279
2183
2670
1729
3651
2065
2987
9
3529
1441
4105
1429
2243
1908
2581
283
3915
206
1244
3069
1960
2998
272
585
4102
4153
3874
3756
3240
603
2692
3402
1734
483
3249
2358
629
1767
2323
2850
2272
1622
3522
926
1459
2976
3301
525
2571
841
1228
1582
3384
1542
3109
229
2684
872
975
3986
2520
115
598
3582
2935
3579
2175
1959
748
1363
2474
862
1047
1814
666
813
2420
2308
3268
3872
4034
3888
3114
2610
1587
3333
807
2711
54
2908
1757
2626
248
1631
419
500
2182
3130
3802
3387
3358
385
2224
2884
2990
4071
682
1524
880
277
2748
382
1976
2139
1068
3141
1955
376
572
3706
321
3639
3027
1249
2786
1053
3809
141
2402
1157
2348
72
2343
3615
2274
2829
2039
1662
2655
2435
1529
3374
2573
3061
4065
2919
1659
3197
2332
830
3748
3566
4037
374
1006
4089
978
3187
1829
3727
3741
65
2190
901
1232
1355
2493
2273
3439
2881
1800
2686
3491
750
3524
3120
2992
1330
1510
3411
3239
1894
3081
3321
2227
1348
1621
1481
3266
2291
1018
3600
1536
1000
3766
2502
3315
2019
228
613
124
1708
301
2846
2701
878
2448
2657
3296
4147
3606
3775
3574
2734
3183
1608
2907
643
3188
3946
671
218
744
3516
3951
1030
1886
182
815
3604
3274
2480
397
2228
3493
705
2630
238
770
1214
3765
570
1930
4057
1235
561
2001
1912
387
2465
3936
2325
1197
3391
1278
991
523
3312
1421
3602
3623
3245
1612
1250
3666
4021
3089
4126
1724
3350
890
2365
22
2809
3424
3829
4116
2383
1462
1535
911
2800
716
2862
3437
2315
2149
2515
1771
2618
245
118
67
1746
1256
3914
405
3655
3885
2912
3791
599
2634
2313
359
2163
1094
1391
700
3205
3571
345
2925
1712
2205
1981
618
3295
1320
933
2357
267
594
4132
1678
246
1482
2934
2741
3297
2740
3960
2201
1165
4036
2783
354
3737
2181
3576
1081
2972
3309
1924
399
3170
2527
1143
3548
3790
2706
4095
3534
2265
452
2531
3868
3186
1863
1461
2050
2714
1698
2776
3100
2074
2913
3918
967
3525
3747
2454
1286
3531
1683
1787
2200
4023
913
2592
976
1672
517
55
3153
2415
3561
3945
2286
1121
3343
2169
1909
1629
3733
3184
3827
2537
1468
2130
924
3117
1496
622
2321
186
3846
1167
695
4085
2577
3219
1516
626
1688
1519
737
2070
2885
843
3627
380
3643
1665
1266
3354
3886
2813
825
1978
642
3796
756
1513
98
1065
3934
2484
75
3263
3178
2345
1161
3975
2590
3648
3442
253
2787
2391
947
3681
440
698
1072
3659
2963
3469
1319
1049
3911
2719
2631
3922
320
1809
1259
3361
3177
3040
1102
3505
1236
461
410
527
2192
1639
1452
2689
2863
3716
3528
2468
21
1451
3824
1200
3891
2469
1289
1910
3408
95
2888
2814
3451
2170
1387
1340
3977
0
1551
2807
1456
330
1508
3970
381
1918
298
3079
2354
736
3542
2955
33
1416
1128
3316
640
532
1801
3062
3699
2126
50
45
3819
4004
254
2519
886
1438
485
3982
2948
3143
2086
4161
2446
930
3965
3042
3863
302
404
1373
1879
1393
1420
2452
400
3383
576
3064
2771
2466
3724
2396
1728
2098
1066
3431
252
876
1148
3754
1415
893
2660
903
2253
887
2854
2356
2632
884
516
261
340
2633
3834
2781
790
1374
2122
1186
1647
499
3594
289
447
116
2920
1224
2936
3148
837
3697
1696
3515
2022
2093
4031
2956
3242
738
498
674
518
925
577
1897
224
3409
270
1748
3379
2543
4118
2255
2840
4124
1144
3956
2284
134
820
3222
2857
2530
3859
222
3099
1558
4051
4064
996
263
3644
3224
1595
2088
4007
2790
1118
1730
3488
3445
3156
3093
2750
465
1545
1277
388
1982
2384
2916
2539
97
2409
669
735
753
2538
1383
3392
2784
550
710
1410
818
29
571
2467
1063
1727
280
1431
3526
1970
568
3917
3467
2049
4012
977
3428
4024
883
1222
2595
2668
1779
260
3427
4157
3771
1099
2825
3422
1538
2453
3587
3171
4104
2640
1021
1964
366
2123
3836
861
2127
1669
617
3053
226
3415
1011
3436
3420
3454
2115
788
2622
43
276
1479
3997
2335
3071
2309
1357
1552
696
1437
442
3652
4110
1686
1303
3996
2824
473
2051
3990
1884
2287
3022
1031
1423
1454
531
1248
816
686
3010
1735
3471
1226
1753
3928
2403
1376
2036
3862
311
2260
3277
204
2950
1392
1755
1692
1209
1991
131
697
1449
3271
2221
2505
2349
4123
1732
692
1904
1356
3223
1776
341
1091
3060
1474
1402
724
2644
1882
3328
1246
4045
3449
2901
1153
2968
3764
3941
3632
2892
3919
2062
23
2386
3701
1033
2752
2311
2554
2250
2145
3762
3675
4046
1317
3292
195
205
3487
2146
1616
1100
3865
2702
973
4129
2511
2775
296
4044
3963
1347
1956
3540
487
3832
2641
4029
3049
4086
3904
522
2330
1784
1832
1397
2153
1012
958
3385
1677
1566
149
567
868
3784
135
1870
759
562
4069
3259
730
2025
3939
91
346
3992
2245
4015
799
2562
63
278
265
1786
805
2032
2281
2301
1313
150
1080
1577
211
3507
210
1123
939
497
559
1935
1131
3336
2417
2731
3658
3517
1821
3908
3285
3136
1704
731
1490
13
3396
1705
3610
3618
2893
749
546
3456
2271
66
19
2023
2021
2118
2006
1628
1852
3944
1658
3717
299
2422
2849
1791
1679
781
2756
4087
3783
1919
3887
1470
3585
2674
727
1129
687
1233
3800
1344
92
1942
3462
2079
2778
3468
2541
3586
1433
2105
632
3041
1211
1359
1485
3393
2014
3983
3646
3023
1176
1903
4107
17
4062
1310
2745
4030
334
1873
2733
907
689
3318
2361
1299
765
1706
564
3831
1230
1022
3265
1506
2408
2677
1614
1472
793
921
2185
200
362
1187
1284
1584
3480
1580
3435
3669
1743
78
3372
3092
1245
20
3004
2326
783
1457
4074
2476
801
4000
900
1690
3459
2883
3921
3068
62
1210
1476
477
426
266
2882
1086
3713
4002
3160
215
1611
1736
1488
1378
271
1511
3307
2034
268
1709
2793
1694
1308
2798
993
1267
164
1085
1323
1342
1475
3998
1055
767
1351
1027
3686
3738
3608
3006
2090
1146
1877
4039
128
528
352
2188
1641
88
83
1747
699
2887
3165
1581
1067
3573
1687
1005
2628
1675
1064
3421
1892
3076
3682
2176
2352
2437
4146
1446
3278
3878
1785
4003
3993
1052
3653
3461
1292
544
766
27
2246
179
2112
1193
3298
675
2612
905
2842
1056
1632
191
445
2869
1435
2779
231
1505
2353
833
3115
1149
368
1243
170
1835
4144
3807
4119
1961
3116
536
3066
835
851
2058
1739
3369
240
1703
2160
1862
932
1026
39
3
386
660
454
3048
1327
2870
1913
1260
3101
2085
1984
1803
2487
2853
3619
999
1285
1336
875
3884
3139
1059
1093
2462
3443
3770
162
2024
1642
3460
1883
293
114
1680
3152
2433
1175
2975
2566
3173
3638
891
1314
1023
2564
2366
3527
2197
703
2261
140
4056
3514
935
2766
207
3692
2372
1838
2703
3613
1855
2443
1221
1041
3166
4073
2100
1602
3935
1655
1
2012
3501
250
1958
1394
2886
539
2252
3075
456
4092
2196
2889
1185
3264
2914
824
2239
2983
2381
3035
2398
3365
351
2627
2593
2707
923
1274
8
1830
3235
2360
188
3753
2212
2193
3538
2589
2225
3085
242
848
2917
1465
652
636
4055
649
2555
1017
2423
264
2904
36
2551
38
821
1427
4041
243
1794
163
587
3198
4160
946
1936
2856
1523
1311
3838
3751
1237
849
2788
1731
1993
2203
2984
414
2461
417
3300
4054
2806
3721
2187
3558
178
1933
2517
2767
3250
2724
3942
1875
57
4108
680
492
950
2104
2037
1205
478
4063
2177
2125
2616
2404
3355
3513
1818
3768
3533
2861
126
4090
1548
436
1744
573
955
2132
2643
3429
4091
2429
1448
760
1087
3662
3172
3090
3283
2322
895
1213
1335
2624
2488
3234
3275
1891
3132
3425
1715
1588
678
1652
792
3490
337
952
305
3009
2258
4049
2667
2613
1247
3905
1570
1927
768
1043
1306
2629
3479
847
838
974
623
3845
153
3938
160
982
2759
659
3984
908
2234
2933
2470
3745
560
865
3792
1281
2811
355
2244
406
986
2450
1227
2997
3133
56
2995
3107
804
3852
4120
2009
959
3342
2614
948
349
1671
2479
2819
495
894
1549
3987
852
257
1498
336
548
3241
4094
1726
1663
90
1058
2583
203
979
155
2762
3432
612
1633
1371
1024
282
3413
3244
1104
595
3715
177
3094
3670
3464
1455
722
4111
2835
2026
1419
2728
763
918
694
2977
25
4099
412
1979
308
1691
2369
4093
209
3097
3164
3484
1150
1645
1972
1626
1839
966
3228
2147
1537
2723
758
183
2339
365
3628
3018
3206
641
3760
2792
1388
2730
1934
3470
4079
4017
216
2136
1254
2387
2943
2585
3313
3957
1269
2533
239
2596
3192
956
1798
157
1177
3404
176
2220
3966
3569
1941
896
370
2876
4032
1565
3776
1300
3167
3971
1112
3967
656
1880
3381
3125
2708
1773
4154
3417
2500
2180
1360
7
3752
1872
3147
2971
3890
4158
3388
3357
2342
3201
1116
3105
842
3851
1036
3371
1268
1298
1137
3506
3830
1514
1370
2737
1218
665
269
1008
589
2310
1341
1617
1637
1888
2459
342
2652
3502
1003
2440
1122
244
762
718
3688
2903
3339
3106
1382
1957
995
1561
1527
3994
220
557
424
1038
1291
3466
917
745
800
3225
1444
826
828
2765
2582
1270
156
534
844
1385
639
2525
3051
503
103
2209
782
3833
3817
2949
3674
2820
2077
375
2572
413
3785
3821
994
431
755
2101
1434
553
1346
1826
1810
1154
1239
3233
3123
2959
1365
331
173
1304
339
3933
1585
168
533
1725
3590
1740
1738
1425
1279
3757
1440
1532
989
1661
873
1573
1500
1925
2921
4011
2430
4121
2267
850
869
4135
2355
2758
3671
1579
919
2497
812
1009
904
1657
2289
446
1609
4125
130
113
3763
515
2231
2395
1975
1713
3155
3368
1135
2645
3950
3477
2540
3453
1491
3438
3742
3013
3584
3208
187
1600
2347
2558
2263
2329
2722
2599
1920
610
1069
927
1471
3943
391
2
3196
2506
1293
1653
789
581
796
1569
552
3731
606
2011
3395
3850
1142
1583
1603
3065
3557
961
3930
874
2102
1567
1539
2135
303
3665
4005
2666
984
1625
2552
3202
1807
1911
2411
2808
3980
2069
2639
1318
392
3322
3077
3693
468
3270
1530
1849
864
4142
2141
3818
2738
35
3844
2390
314
3568
4066
4159
1338
145
787
2376
2155
3475
2510
189
732
2337
396
1825
1878
2803
1251
3423
407
3025
1225
802
714
3532
2561
4150
2207
2455
1501
609
2879
2796
2133
1252
304
2017
1646
2743
225
778
1765
3545
2303
558
2712
2871
1635
1707
3055
2801
614
1386
889
1333
757
307
2961
1693
1450
3154
1054
836
3813
2174
588
885
1945
2040
3876
3564
2319
2110
3589
2031
1007
964
3537
2874
2946
1571
3045
2656
1398
1805
509
3954
1922
3218
556
2486
3793
444
1980
1439
2490
1871
2038
151
1296
474
3356
2089
2996
3616
2013
1586
1502
1414
2563
1503
3332
2016
2682
1013
106
2929
1782
1769
2179
1487
3624
2285
1016
462
2763
1179
2262
2659
1774
1032
2567
262
3726
1276
323
2385
464
2649
3331
1761
2945
2489
3212
3144
1138
2499
1478
3083
1656
2545
2575
3575
2178
2129
2858
3430
3084
1962
1208
422
647
1684
295
408
1115
1343
2027
1820
2382
3759
3797
676
319
1737
970
40
1255
529
335
1789
2695
4014
2535
3017
773
2374
309
858
4106
1010
3337
403
3581
4139
3441
1795
2482
1372
74
2638
1996
909
3958
1117
936
965
42
470
491
2084
1813
3054
2096
1159
1808
1178
1400
274
453
1458
839
1168
1345
1610
1564
4083
144
3473
105
3326
1778
1638
2924
3058
1742
2159
3308
3329
2867
1442
3985
3149
2521
1015
2257
1733
867
202
3591
1562
2475
580
2635
443
2673
2346
3962
287
1350
2979
1171
348
3137
3974
3739
2020
393
530
2230
2973
1546
3897
2789
2516
3145
1640
2591
1196
1576
108
3509
1101
672
1998
3366
2364
3406
3103
630
1670
983
1627
350
3126
2236
2662
554
3338
3440
1858
1321
1207
3989
3498
2078
1780
1238
3151
3633
4050
784
1531
2029
1868
3074
3837
1766
171
3405
2283
2367
146
2392
1216
475
1509
953
148
1076
3596
2680
3723
4068
2754
2574
3555
3647
827
77
2033
1851
2503
3012
2872
318
1520
3246
860
460
1108
104
2746
1097
1837
3238
2217
1946
1034
3889
3349
1107
3168
3780
2821
1720
1492
3631
2082
3216
1648
2208
3877
1965
2523
616
1201
987
232
2350
2672
1986
4043
197
2368
2822
1328
2154
2052
2458
1089
1939
1770
343
853
2195
2134
3858
430
2394
547
1114
1804
325
2164
2823
1096
306
2324
3213
2509
2226
2304
199
2111
2094
1931
3923
2654
3398
1607
513
4077
3360
863
3256
2691
3667
3676
2124
1354
3399
1822
3825
3761
3547
519
1366
2219
679
931
1591
1156
3518
2725
657
1992
2008
2317
142
2312
2316
2964
3465
3176
175
3856
1257
3124
3758
934
1854
402
3104
44
2432
1294
4027
3916
2512
1126
73
1974
3026
1412
1477
2985
395
3039
1649
957
542
2237
2848
2427
1853
1685
4127
2791
1923
1447
3840
584
2761
3822
1518
174
2401
2744
3282
3311
822
3734
1667
3323
1568
3634
940
2158
943
2514
3725
1194
384
378
1071
1900
2320
3595
425
4001
2699
1140
1985
2380
3554
2044
494
3095
2967
3289
1290
2428
1719
1943
457
3794
159
2847
555
2083
3755
3781
3772
4075
479
2048
2606
780
786
3798
3869
1533
1815
3820
3637
1541
1424
4061
3815
1559
1120
1145
2106
1971
4013
377
2438
3680
655
1990
185
437
1494
2268
3940
4149
1644
1841
2875
364
3702
2072
1295
2362
3929
1895
3649
172
3118
1019
2812
2785
2580
1699
2982
1864
637
2937
2742
129
4098
764
3855
82
4059
2895
683
1673
2898
2769
3230
2341
3057
2270
2238
3088
12
2608
1666
1141
347
538
798
3857
2966
1887
2338
2165
3736
4145
4035
1180
3786
2276
1676
249
166
888
3400
3254
2802
2851
1756
2542
1083
3444
1977
333
1048
488
2989
881
2930
3091
49
3344
3925
3073
3286
1758
543
3873
360
2696
1029
3157
1315
102
2373
2747
2194
4122
2293
3729
3629
3335
2107
2827
2550
1921
1881
1768
132
3799
3305
2986
2302
1152
3346
1220
2579
47
3598
708
1302
2405
2144
3622
2878
2128
2617
3390
3407
3550
476
845
605
1204
111
624
3221
1898
2715
3690
3226
3320
2277
4109
1844
1914
1526
3019
1695
2184
94
526
2202
3347
3828
859
213
3015
712
96
1528
3043
3258
2993
2794
3327
1301
3146
2524
681
2729
663
3769
3559
1103
3046
2344
2960
960
2471
2868
1379
292
1133
1553
2529
817
31
4151
2906
3476
379
777
600
3044
1297
2970
2472
3243
1223
3636
1198
1403
18
512
1367
3211
1453
586
2047
1322
101
2099
3714
2061
1417
1860
3031
2449
929
208
3521
4084
954
3367
2623
998
1507
1857
922
2340
1556
3020
463
834
1384
1084
147
1432
2726
3056
471
3287
284
235
877
897
2400
3645
3810
3580
3570
3181
1889
281
3082
10
1596
1543
328
524
2953
670
684
1714
1192
3694
774
288
2256
3565
1265
776
4042
449
313
1522
3539
4133
1754
2116
4140
3578
61
751
963
3641
3691
2278
1057
133
316
3489
2755
2556
3016
1948
3860
2710
2003
3913
4088
1202
1819
1174
892
1173
2910
2336
1190
1861
1723
4053
1831
537
2397
79
3450
2056
46
1697
4152
1893
1599
2150
3163
3895
3215
3816
2076
506
2578
1759
4155
2625
631
1718
711
3024
1095
779
2501
1160
1332
1380
1906
193
236
4028
1772
962
11
1845
627
1848
2296
2018
3952
2060
1495
882
234
3119
3260
551
2569
3080
3232
3536
3839
3708
1331
2157
1125
3008
992
2942
4134
775
741
1158
1995
3560
2068
1464
1199
401
3108
2661
3683
169
338
3801
3988
459
569
2528
1428
2522
1075
233
668
310
2097
2602
2507
1619
2043
2460
3050
1997
1823
593
1865
3861
2379
2054
2280
3220
2222
2717
100
597
1316
117
2186
1155
654
2969
2425
3823
1079
2620
2637
2138
511
30
1905
1219
3812
706
58
941
428
1674
3611
3474
1051
2941
3113
409
2478
3978
2832
2359
1077
3078
3894
467
2108
2168
1499
3947
3319
1763
1937
549
237
3508
3782
3267
951
3482
3901
2057
3563
466
971
2603
241
2605
2436
1396
1484
1436
2642
2549
3883
3912
2254
326
418
3370
3814
2804
2720
372
2431
3209
3362
1764
2232
4076
123
3549
505
1701
3900
3599
582
3179
2210
3899
2546
3253
2426
2248
3433
2306
3162
3280
2938
1598
591
2866
910
3334
1802
2264
192
3709
1788
1418
3306
99
3029
1361
3492
661
2939
1827
3028
1954
212
455
819
771
565
1106
944
1445
327
2896
2837
1480
1028
3896
739
1722
3609
4101
3867
480
3728
806
136
2927
2498
2483
2900
707
3803
2297
1369
3204
673
1229
2290
2151
2962
2739
677
3122
2597
1426
3330
1020
1375
1045
2148
2444
3302
1634
3135
2651
3700
1337
1664
180
3614
2764
3418
2218
1389
2899
2553
3695
938
832
3169
353
3973
3592
1061
3380
638
390
1949
4
3730
3544
2816
2042
1834
988
2713
912
704
3382
3237
2688
3446
725
2587
3795
1620
1572
70
1460
2915
1896
2954
3272
814
3949
2834
1604
1806
1618
1932
2664
4148
2477
2445
493
2615
761
2697
719
4081
2926
502
803
1762
2760
1109
3551
1928
3087
504
110
3248
3562
769
2156
1127
1231
1234
4113
2588
1700
914
3909
3893
3937
3588
1329
1874
1668
2275
1624
870
3720
2091
1183
2844
2120
2584
3777
3111
496
2931
1836
3959
3063
685
3375
1899
1352
981
3556
520
1650
3778
3174
3325
566
3991
2131
3401
611
728
1885
2080
2216
34
1994
1521
3735
2064
928
59
3841
357
811
4067
1381
2241
2826
653
3767
69
2650
4112
2053
3138
4033
1840
450
3835
2600
3864
3193
52
2206
2292
3483
3150
3472
3434
32
3968
709
484
138
1783
165
4082
1483
644
1590
3317
1828
2831
196
810
715
373
482
1035
785
2413
3703
2351
1951
107
