3841
2769
618
2952
1173
302
3683
2640
1083
2937
331
1511
1201
3519
3157
1740
184
4064
1778
1316
1624
660
2193
3280
3634
3204
4121
1609
1099
3229
1327
3616
1748
2347
3687
3106
3625
1930
3588
2822
3435
3802
3178
1301
2394
1604
832
112
738
3902
3993
2706
1513
2022
1571
2814
1153
3587
2912
514
3262
3582
939
38
3900
3179
694
1960
96
2672
3554
3398
2274
3938
1468
2909
2214
1122
402
1437
4073
4117
2747
1022
2550
786
2680
2516
986
3122
3340
625
3674
2556
573
4153
1633
1987
2128
758
61
4135
4004
669
1663
2859
1816
3622
2317
2956
3524
3119
1555
46
3990
2942
1545
2890
2105
396
3999
2297
2458
3279
4034
3642
3213
3064
3370
1809
1502
664
1872
3824
449
1474
4120
2624
865
965
3359
2831
3103
3037
3839
3977
1435
2153
1646
126
855
3586
4151
3624
3086
3326
2545
1146
1339
2711
1026
3704
2924
4013
1760
1481
3887
471
3643
509
3649
1066
2344
3571
1908
3209
851
2691
117
956
3438
3067
371
640
3894
2793
3332
3811
974
575
481
19
462
1920
3529
2059
1091
2555
1387
2200
4044
3899
3049
352
574
4033
1056
1112
93
914
2358
3331
2029
2549
2853
2466
1934
2099
4010
1214
491
3623
584
2967
3807
2667
721
3548
2699
2009
2983
1487
3425
2119
913
3497
183
1597
2280
761
2754
2500
115
1525
1585
2528
1936
439
4113
4091
1779
1428
1693
817
1721
3698
658
1222
249
1618
3290
2570
1961
2660
1750
470
244
75
3184
2785
3461
2096
411
862
346
1873
2999
4109
1906
2179
3652
2070
1454
341
3952
778
3230
2789
174
156
3604
3375
415
219
2434
3077
1106
700
769
325
2025
1137
1876
399
130
254
2862
1455
3910
66
1541
2671
1776
1732
620
1774
1129
3840
3553
2521
2543
994
2295
3453
1305
1057
3557
2397
1793
2594
80
1403
1008
1871
1094
1406
2311
1231
765
1916
2275
3773
2121
1090
578
2697
726
1031
408
2625
3431
2557
831
3702
3401
367
2215
3542
849
3747
954
2400
3803
1815
4023
2474
209
1401
2188
3716
1811
343
3464
2156
398
1611
3333
582
2174
44
34
3790
3038
4145
683
3788
2823
190
3743
1991
4149
230
3884
2919
2655
825
2612
455
1052
1264
434
1698
3729
1640
2248
350
3717
423
1974
2152
1666
3509
1722
2452
3538
1777
2744
40
1266
154
2808
1499
1335
1695
2708
1293
2276
2473
987
1077
453
2125
1758
2953
4026
2003
3770
2932
3957
1731
519
1838
711
2782
2608
1924
4019
4156
2940
3350
2539
3469
1493
2339
3093
284
2768
875
3282
2993
3314
2107
226
2108
3532
577
2582
1705
543
3626
774
3862
525
846
1833
2333
2619
1632
2053
3829
720
3758
3669
317
3712
617
4101
1344
1568
2254
737
3598
1665
2319
3029
2602
3503
2968
2182
2487
1631
706
3219
301
729
2900
2089
1071
2334
3756
1409
1410
3151
3158
3042
3109
3740
3432
3617
3535
88
1923
498
1265
1346
1984
240
745
2675
3327
1661
3876
2959
1355
1377
624
316
1
3853
2877
854
629
2154
2700
2354
2428
3783
515
792
1968
1130
71
3423
2259
2922
2041
1515
830
2599
1823
1647
3844
1396
1278
1148
3486
2219
2595
1213
1623
2526
2197
925
1073
2559
427
2532
3199
1357
968
1447
3555
2515
3413
1797
1762
667
1200
3302
4133
3682
1798
952
1415
3510
2066
2681
1277
3573
3175
2043
1107
3944
2472
2253
20
2498
1255
125
1921
246
1529
644
387
652
1526
4069
1362
7
3107
3214
1786
823
2146
995
413
4095
2252
3492
1676
3311
613
3810
3372
1443
3640
2511
4077
1217
717
4161
2832
202
1349
1830
1171
932
506
2189
3668
2403
2531
612
2450
3559
4079
3172
955
151
1131
3728
782
1879
3689
2787
1115
2330
1045
137
3421
3220
552
322
2364
1236
224
1959
2927
1704
3007
1896
687
258
2661
2069
3998
1340
3160
4045
1990
3110
1538
4016
2191
2796
3727
3619
3558
1352
3169
2348
2576
452
510
1684
3919
2461
936
274
129
3233
2538
3341
1503
4080
2015
3298
2110
1868
2977
4103
2879
3105
1092
2864
3974
3328
94
4074
2794
92
2970
586
488
2079
2615
853
1315
1512
3030
2935
766
4130
1992
1475
852
2929
345
238
2111
1660
2978
145
1782
3478
905
2157
2541
2636
2674
3089
2389
967
1457
3830
3008
2444
2971
1206
1038
3384
1847
1739
3651
2477
1429
668
661
2874
215
1494
3986
3929
3225
3826
2240
433
2014
1594
1188
2713
1553
473
858
804
3260
2199
860
1291
2686
1032
330
152
193
3846
2373
2590
307
1573
3248
1351
35
3124
479
1425
4003
435
2426
1754
3688
3757
2093
446
3787
3083
3010
2271
2776
524
41
752
2748
4082
2338
979
3104
9
4022
3254
2740
2779
821
947
3843
2901
270
1674
2196
2643
1690
3922
990
3568
2598
2413
2530
1580
3424
1891
2369
3243
771
1958
2866
3240
1258
1037
3004
100
2578
2992
730
2442
2370
3365
1544
1484
3447
3112
1143
671
4158
2376
3026
918
824
2113
1111
1285
1360
3725
1486
2812
3639
3880
3309
822
1321
3657
3427
3734
3886
3463
934
3410
39
744
1539
4111
8
788
1627
3174
2659
1103
842
702
3507
1149
3673
3741
3735
3442
3971
1160
2445
1426
3258
4053
3890
3577
3418
2209
3815
2622
1027
2894
197
424
3120
171
2019
844
3455
3534
3188
3694
3134
2453
848
507
560
3676
736
3066
3504
2427
895
2420
1735
3055
4131
3417
43
3671
1323
927
2393
1319
2245
937
781
3994
65
933
833
222
2899
1781
289
460
1967
1738
1162
2507
3381
3022
1998
977
2710
3041
1689
1861
610
2641
2609
2488
567
4141
600
638
762
628
3362
3374
3207
3044
1124
3943
26
3246
2621
3858
1257
2895
922
2568
2834
606
2755
890
2685
430
2192
4017
3556
1789
1470
3263
1945
1965
2267
3746
3512
223
2104
3194
511
3842
637
2017
1161
2923
2195
2871
2118
4084
3483
3995
1713
1626
1554
3498
1280
4014
1364
3192
1524
1504
440
2960
180
3696
1015
826
1386
2309
1298
2759
3693
3506
526
3518
712
102
153
1059
3058
401
1817
2067
95
253
369
881
1182
3150
3147
3386
3667
3992
1044
422
1144
1728
4154
1345
604
1342
2272
3837
14
2167
3281
3271
2945
1018
3117
3319
2584
4100
2225
647
3490
3448
2702
373
383
1116
113
1239
1641
1799
2337
3563
1630
982
3114
4108
2438
2020
3286
1710
3397
3325
1180
1152
3444
2314
3407
920
3866
360
1063
3224
3295
1846
776
1939
2925
1074
4142
743
464
2355
2404
1694
3027
3879
1268
1105
1955
1922
1139
2819
2470
2852
3242
1108
2651
731
2265
892
1079
917
1733
3249
2429
1667
1390
1419
2886
3238
1588
1276
2273
838
598
587
981
1175
2482
1520
2757
1247
3223
49
1374
1649
2493
406
3680
1212
361
3135
69
1894
299
3241
25
3118
2430
448
1870
2443
3396
3501
1957
691
3593
4078
3859
2905
477
3539
1613
3141
517
1391
1353
3513
60
1560
2315
3313
1686
2127
2606
2805
909
1483
2060
3849
1801
2512
3127
3981
2236
2135
1279
3012
3933
2392
3565
3711
1400
4065
467
250
1379
1282
2597
3368
211
2417
3620
3186
1952
2310
2795
6
4144
755
4007
818
3912
2033
3589
4038
1610
2816
703
3190
3000
3183
1016
417
1292
949
2954
3020
3823
444
2228
3966
3812
3100
32
3212
3827
3496
2517
3871
3660
2049
3070
1697
3739
1993
978
1519
1736
2242
3700
3043
1473
1300
1547
622
1718
2840
1522
583
3765
2237
2514
616
2039
3256
1863
1223
1186
1498
3928
3388
1392
1290
4093
375
1971
3354
1442
3296
2176
2988
3416
1012
3592
518
2325
2577
1253
2962
3684
1767
579
632
3316
362
1013
666
82
2380
653
3430
2727
1082
1472
1179
3602
2524
122
815
807
2973
516
1380
2251
1021
2224
58
3522
83
1184
3978
3170
2725
201
2441
37
458
3474
4020
908
493
1023
3116
763
733
191
2642
3752
2709
535
2494
194
4060
1616
2846
1747
1347
2256
3964
1407
2287
1746
2384
109
3373
651
3864
3177
1459
394
3520
1898
1220
3988
961
1855
596
1020
2767
2774
4009
3081
1495
1717
2409
642
859
1275
674
591
1533
845
1983
3009
2991
1118
182
1986
2129
1914
3920
1622
239
1246
195
1752
2654
2802
2558
1283
2728
2141
724
251
3400
2462
2535
2817
128
1549
1829
1248
1557
3445
3791
924
2613
3236
3191
889
291
3493
2723
1209
3575
52
257
2230
1814
85
3709
1763
2184
2638
1849
1802
3409
2593
2124
885
1608
3766
1187
1918
502
3108
2077
1478
3762
1662
1169
1785
2416
1756
428
1014
3304
1726
4021
3024
1727
1929
2525
3277
2221
2321
1501
2506
2078
3601
2052
3232
2406
2278
1049
1072
3288
3259
1420
699
1734
3898
707
3875
3052
2982
63
1672
2351
3470
2933
2007
1132
861
2016
3913
3916
3439
45
3888
132
1995
2102
499
2210
2468
549
850
3071
2996
565
1723
141
2290
684
540
2367
105
3305
1441
1796
3851
2534
3307
916
3710
3054
2402
3686
3195
2916
611
3724
3294
256
4090
1177
2884
2388
426
2335
2561
3785
241
3364
496
1156
1388
1719
269
790
2770
554
1636
1302
489
2419
2979
3215
3821
2603
3525
457
639
3033
328
1313
3753
1843
22
2547
3267
1978
3585
1559
3550
3644
3156
1768
3514
3865
2408
3101
400
282
3462
635
3189
801
142
1002
2739
1877
365
2665
1296
3121
28
363
188
2383
4035
996
783
3799
3579
2679
1104
148
3162
2211
2824
407
3895
2407
216
867
3784
205
1688
2634
2234
3541
1197
3521
1204
1233
950
2255
309
2081
4099
1232
4110
2509
3111
420
751
614
1439
1172
1030
2658
3056
3942
2026
536
505
178
1196
2264
3699
1451
748
1138
2150
2865
693
1599
3914
127
3394
2753
2467
1534
796
3202
2791
504
3306
2198
571
2868
655
1510
31
2455
3780
670
1039
3576
4128
988
3125
3411
2057
903
90
3351
2998
1309
337
1844
276
1948
3959
4029
681
2362
4137
1709
2308
795
451
221
213
1683
1753
2378
2722
2910
2456
3165
1509
1867
2601
2080
997
414
3661
2581
2911
2250
2324
2021
1887
3458
56
390
2692
1642
348
2820
432
2505
312
1003
1895
12
2777
873
1449
2296
1954
3217
1176
2161
1471
33
2617
2005
685
2930
1523
81
1670
1901
2159
1917
2004
4
1324
2644
21
1225
1007
1696
1587
1885
359
242
2168
2284
2897
562
2217
3132
1050
3611
2340
840
42
2732
1421
704
2115
1281
2042
1677
836
3584
78
2243
710
2155
1240
3972
886
3216
68
476
2885
2607
3737
4097
3016
2741
2322
1492
2775
2502
1953
2799
1243
534
11
2169
3057
1254
262
170
1462
459
3991
3068
4011
3005
136
2934
212
1193
3006
47
2826
3679
1054
1827
3797
911
938
2300
2997
2734
1163
777
23
1127
2023
1964
3480
2716
1729
1866
2386
732
149
416
1536
4041
2790
3650
891
857
902
976
2258
3390
1988
3822
379
3283
1603
753
76
912
465
2391
2828
570
4127
2684
4000
2212
643
3572
2085
469
3472
2116
315
3845
1938
1692
1436
1286
3956
2966
1025
1548
619
581
834
2054
2112
97
268
2201
3813
3126
2614
2938
3764
1207
1314
2449
3456
1975
3253
2032
3659
558
2946
2145
355
2226
358
120
2375
2987
3936
1576
2883
3646
785
255
2951
13
566
1183
1055
265
3414
3621
789
2478
1514
1167
984
264
2848
3744
2479
208
690
2180
2653
2459
559
1764
2605
3825
2262
3412
166
882
4076
2821
3343
1996
2904
3834
1477
3831
2542
3098
3088
2704
3203
3001
1042
1851
1888
2298
2103
2483
3924
2527
3925
2763
1089
3903
5
1164
1043
1737
3208
3618
1919
1745
3578
10
1819
271
3708
1927
2109
3648
2760
1384
2163
3792
609
2571
3459
1875
926
210
2238
3901
2208
185
1999
1869
3641
2719
1102
199
4136
2137
1048
3072
2227
898
2536
569
1370
3275
3301
1444
419
62
1299
1058
3154
3629
3527
645
162
3857
1325
3482
3685
3967
2657
1306
2855
1100
3228
2949
18
2377
676
168
2173
756
1620
296
767
4054
3426
4083
1203
304
2202
1009
3039
349
73
1803
2241
405
1202
1159
2050
2002
2948
551
1402
3063
1053
2926
366
487
2123
3377
4056
2318
388
2645
2639
929
542
682
87
3251
4152
2222
2480
555
2689
3861
4032
3794
2140
155
2385
176
1452
3312
770
1567
3476
3915
2175
298
1343
2076
2018
4071
2139
760
1834
2717
1902
3715
3429
344
2830
1465
2583
2341
1270
3284
2361
1741
2693
648
3369
3921
1711
1145
1678
104
1915
259
3789
1434
3973
735
1404
2410
1563
74
512
1096
3292
4102
2499
528
820
3945
1614
4012
329
1150
2090
972
3961
64
2316
2592
1061
2566
1311
3761
200
3475
1821
921
106
2650
2006
657
3345
4143
3806
2632
3080
1496
1644
3767
2611
992
2663
2320
2356
1337
2503
3690
3795
169
4068
539
3603
2961
305
2797
2974
3742
1775
3882
2950
1363
545
4058
2083
1338
931
163
1128
57
2889
418
3419
3545
2745
686
662
1886
2166
1905
1928
2917
869
2095
1251
1397
356
3605
1527
2164
2854
2131
719
1759
3276
2504
1837
1262
3692
3814
2858
3965
1453
3085
951
1158
2205
1062
1155
568
1416
3422
1944
2000
1234
1041
67
3269
2986
1120
334
1966
2024
2064
3817
3907
3832
314
2781
3247
2867
3155
3139
3142
2623
131
2958
2130
2533
2181
2683
3951
2172
1787
2749
630
1011
3446
805
3339
404
3002
1859
167
144
2496
370
1556
3855
2475
3133
2342
1913
3450
1810
1334
4018
3346
2573
2635
4027
1034
236
181
907
1542
1119
2328
2845
1224
945
1109
4049
3774
1699
3980
3348
17
3014
2371
2887
1935
456
3385
1101
1584
1770
4155
983
3932
2648
3718
247
2305
1963
2040
1263
1154
4118
3935
969
1332
3329
2818
474
2038
1824
2332
2187
633
3848
1925
2772
319
389
392
2036
2914
3231
1431
2357
798
2849
3069
1521
3443
928
3960
1612
0
3128
1226
2151
2399
1537
1724
3963
695
292
3433
2518
2260
1446
1274
1592
2293
1393
1771
3153
773
1367
3025
964
1842
1174
3985
318
942
1294
4050
2148
943
3948
287
1170
1784
3543
971
2786
1595
532
1029
835
3245
353
3800
2567
3614
3950
1245
3393
1331
3018
1652
1366
841
3405
808
999
3567
2743
621
3655
1518
2270
3681
217
273
1940
1133
1216
3528
1904
3252
2969
1589
165
1643
3883
896
3946
103
2387
2842
3754
1812
2013
746
261
2143
327
1288
138
2074
1284
2544
1250
2147
3551
2562
1880
2495
533
2501
1543
231
3672
3805
2666
1500
2931
3653
728
447
220
866
3583
3818
2841
1330
1528
963
1590
77
3908
2257
601
2731
772
403
1989
1808
531
2844
1405
3123
378
2771
1080
2714
1839
2268
2398
3336
3310
2800
1828
3594
98
2244
1375
248
678
3868
563
3613
946
3549
3911
1440
2880
1004
4112
2133
2303
4114
1381
1019
1982
1047
2246
3404
48
1423
547
1854
2764
1227
1566
3145
3877
3552
3531
816
1569
1238
1237
189
1578
4159
2363
883
1517
3082
2591
333
2668
1638
847
3581
1312
2975
3819
2809
3441
3775
1087
2106
871
2001
2939
1903
944
2122
4096
876
3904
1765
602
1069
2585
2336
923
2263
1997
3489
3234
442
2239
3130
3751
4138
2565
893
1190
2829
3059
1320
3149
1892
1427
3485
1322
3750
1136
1215
3420
627
2839
3075
1205
3097
3852
2807
2027
3095
800
1822
1703
2414
1261
91
3772
3473
1507
3854
2030
4146
2860
3969
2301
722
70
2469
1326
4001
2366
225
537
2010
3595
3454
3035
2738
3303
2063
4086
2690
121
267
1328
1084
429
2688
787
160
2432
1757
2813
4051
585
757
482
324
1219
2720
2471
2379
1450
3662
1382
2947
4005
2928
1088
3976
3654
3970
4030
1376
1178
3597
1269
54
1097
3937
2012
1889
1818
1680
4031
768
1078
904
3102
692
2372
3168
1307
2390
1790
957
2994
2075
1911
382
4039
2726
484
438
2520
4098
2806
2843
641
1561
1900
1707
2136
2313
2170
663
3763
4160
2921
1629
3457
975
1805
1899
2687
386
3137
2976
1583
2896
29
3533
697
3406
2721
1791
281
2220
813
742
3379
3896
1151
3481
2412
1028
1378
1488
868
1792
3615
227
1783
2144
495
3449
2783
2586
380
1820
2247
3564
2289
1297
3227
2673
1046
626
828
3779
3635
3334
1751
3599
1602
1840
2811
1575
1744
595
2629
1716
436
1414
1552
218
4062
1804
3833
2448
1581
1956
1476
2286
3391
1725
716
870
1141
1361
2752
2194
1333
278
437
3934
3782
2964
2835
186
146
2269
381
2869
2703
1985
2486
2815
2694
3378
3878
3947
1482
799
2876
3293
30
2915
3722
649
441
2918
391
1780
672
3570
1962
1910
2985
2431
1619
775
497
3159
529
2630
1860
1110
3697
2588
1098
1287
118
2046
966
1972
2920
59
2084
3338
490
2990
1845
4042
313
1497
472
2401
2837
3239
431
3778
2751
4015
288
553
3250
1051
3017
2735
696
3317
1862
589
266
2836
3939
2972
541
1949
2718
4059
3645
3367
2056
3856
1466
2353
780
3357
2437
3
3166
887
3850
759
1933
2343
108
1123
4092
124
1755
3032
1438
714
3073
1395
3040
3703
3031
480
564
2282
1456
1598
747
2803
1408
237
1208
2423
3237
4104
3909
3460
377
233
27
1267
1682
1065
2232
3670
1093
4094
409
1114
3665
1700
2323
2669
2827
1701
1648
2551
3193
3015
930
1424
3560
1874
485
3591
2142
3713
4052
3210
2177
3804
1743
2485
3658
1086
3090
139
1946
2223
2936
3663
3467
3511
357
3885
2589
2913
1113
3392
1769
3726
754
3148
1691
680
2724
998
3892
2266
1036
3891
1017
229
2529
3065
3610
2304
4116
1458
2891
3244
395
2277
3131
260
3437
2190
900
84
1068
207
689
877
2778
1157
2091
3569
2618
4119
588
3632
3816
970
2902
1657
2138
2031
4150
3222
2068
1095
3477
1659
2596
3786
2676
172
454
3664
3612
1893
3182
2552
3733
3255
665
698
3167
1479
1001
3500
3266
55
3562
1242
1463
1651
277
475
290
548
263
1730
2433
597
1350
779
888
4002
2695
3092
3927
3820
1749
53
2218
2944
2132
2656
2451
1418
79
3706
1720
2881
135
1926
326
3940
1211
1546
2028
794
897
2171
592
2616
4106
15
1235
2682
2773
1572
718
2134
3434
450
335
1432
16
725
803
2484
24
739
3714
2698
1596
1655
51
3796
4105
1850
3808
1912
1628
1040
2610
740
187
2454
50
3308
1712
3152
3023
4066
2092
3211
1221
1252
2508
4024
3580
1394
1033
1637
2374
1445
3771
527
3561
679
3176
2569
4122
3274
3021
3011
3287
1490
204
3387
1551
4046
3540
3136
1530
3874
3273
2572
3465
3076
819
2646
2381
827
1702
283
286
3402
3436
332
1864
2283
2489
1841
3906
3061
3732
443
323
1218
2055
111
3736
1147
3835
1329
3809
1383
1884
1422
3590
3677
2425
1883
3869
2955
1937
3218
3760
2292
809
503
550
1832
2294
1060
2396
3428
3185
1125
2360
2872
3499
2765
2165
86
2047
4115
1195
3997
3838
1980
1947
3701
2804
1761
3264
3466
285
1932
2446
1371
1430
342
2178
1081
590
203
3376
3719
1788
2418
2733
3013
311
2281
3181
3173
468
1117
114
3272
2359
2086
2331
3768
2523
2801
3352
3265
2114
2560
4134
906
2071
3451
235
3695
214
320
1715
3342
3300
3389
1256
708
2888
3487
1950
3749
608
4008
962
2203
576
1369
2346
2537
3495
2766
1881
2120
2780
1679
3099
393
173
412
3180
960
2810
1010
2044
3062
2626
2117
3707
958
1241
483
4147
3415
894
1368
1399
1303
3221
2742
4129
192
1951
1564
980
1126
2421
3941
1970
2600
3330
3546
1140
1681
1577
158
279
4070
863
874
538
3322
3187
1341
3323
631
856
599
3536
1852
2411
3321
2279
1075
1617
2756
3982
811
3801
2422
839
3318
646
36
2633
2058
89
1669
1565
3723
2554
2285
1909
941
3526
1318
3320
2856
2892
1807
1600
2365
1977
1535
140
2564
2349
1897
3479
4085
421
3720
2788
492
3278
1372
161
2707
1194
910
872
4075
508
3608
3226
3371
634
110
1189
2229
1165
2307
1359
1304
2736
4061
3289
3047
2037
4124
784
3358
2989
879
650
1969
1931
3847
3468
2306
2995
1142
3344
376
1199
615
294
3028
1448
2510
2186
561
1994
1076
521
3630
4028
3505
3923
2035
940
293
1308
3094
1645
3048
1249
347
764
3881
463
2647
3979
4088
2737
2712
1272
688
4036
2851
2540
3860
1289
3399
2447
3074
677
1773
1570
3516
878
1191
3863
2233
2963
4089
2299
303
4148
3196
2631
3197
880
336
2762
2440
3198
2850
2604
3084
232
2082
2302
297
3949
959
3867
2664
3471
1210
4048
3129
864
713
2204
4063
1229
3140
530
478
797
2405
1800
2981
2034
1070
1067
466
749
2158
2627
3748
3079
3975
2345
3574
2746
3366
2750
3705
2696
196
2957
935
1625
3989
2048
2513
157
3777
701
3731
1658
3335
2185
384
3776
198
2575
3870
1654
2497
2563
500
2213
1464
1373
3647
2436
1981
734
4067
1024
164
4157
3297
4140
3034
2327
2553
147
119
948
791
1389
3793
3596
2149
1000
3164
623
2368
3488
494
3889
3607
2715
3291
3361
2288
4123
2580
3905
1635
3003
1417
1865
1668
3636
2587
4125
4107
636
993
1385
245
3606
3337
3537
3828
1664
829
2893
572
2094
1489
2628
1198
2857
3666
364
2670
410
2873
3115
2249
2162
1634
2491
2908
3161
2183
2206
338
179
372
3917
1795
1639
2045
2481
2207
673
1856
1835
2825
3996
1516
3380
2261
3955
4126
2730
3958
1192
3452
3261
1673
1591
3730
3360
3440
3051
1085
1491
1857
901
3798
3873
3363
3675
4087
1461
501
3530
593
793
2457
252
3285
1979
741
2072
899
1035
2476
2907
1766
3355
3315
1650
723
1365
3036
486
3078
3637
306
3349
989
659
2522
2424
1593
1825
2662
3200
1941
1858
2729
2898
2870
915
72
3755
2463
1480
1550
134
1135
2329
3045
3984
3633
3087
2
1460
3494
1433
2492
1273
1485
2061
1706
2352
1714
1310
1621
1826
3931
3235
1671
654
3324
3678
513
991
1469
1506
1942
3395
715
1606
1882
3201
2677
3046
2861
3872
522
3627
2097
1907
1295
2464
4037
295
2216
2235
150
1687
1772
2980
1166
2941
3628
1540
2546
2906
3968
3356
4047
603
973
123
206
3163
3721
2008
2833
1168
2798
3502
3691
3983
177
1181
351
546
3738
3353
1607
814
2838
1831
557
806
234
580
1973
2231
4132
2903
2678
705
1228
2101
2490
812
3517
2435
2882
3091
2062
272
1794
1532
4055
321
3926
1505
3143
3491
709
3053
3347
1413
2784
2878
953
368
3484
3987
675
2291
3515
2761
3547
2326
1890
3299
1185
3759
1708
2701
310
3146
2705
3144
4057
1574
3918
2649
1064
4043
397
143
308
1656
2051
1601
1605
2088
3600
3893
1348
1336
1358
2863
1508
3656
280
919
3113
3769
3206
520
2011
1813
843
2965
3171
3745
2087
133
985
2758
2312
2126
1356
3382
1853
837
3954
2382
1398
101
425
2415
1675
3257
354
2395
2875
1317
1836
1005
1848
3060
159
3930
1579
3019
1134
1412
3268
3609
2943
243
107
1653
1354
1582
2465
3050
1806
2073
228
1742
3781
1558
175
2620
3523
2548
1259
3566
2160
3962
802
1878
461
1586
99
1531
4040
594
3638
1230
2065
727
116
810
2460
2792
3953
1121
3508
2847
2098
523
3408
3096
4072
1244
4006
607
3270
374
1615
275
1685
3383
556
3205
1562
544
1271
884
340
1006
1976
1467
656
1943
1411
605
4081
3403
4139
2579
3897
300
750
2439
3138
2984
445
385
2350
2652
3836
2519
3544
2574
2637
339
2100
3631
4025
1260
