66
64
2299
599
3911
3764
3203
1581
1921
879
2870
3585
2033
2062
1610
3936
3104
4068
2760
3275
2638
1443
106
3897
563
3290
2213
3529
800
3590
1099
1836
3374
240
2633
2569
303
289
1005
1739
226
2129
1756
316
3573
3154
2497
1522
3989
1699
2673
513
3809
3639
3595
182
1304
2012
3987
221
3830
2101
1221
2653
2261
604
2472
4090
31
1169
2138
1428
2855
1407
28
3794
1663
2853
842
2698
3174
2373
2928
2954
1958
48
1885
1732
2036
1497
110
3705
928
3056
3938
3739
2264
1404
350
463
1240
2286
198
1628
1682
1542
1111
2108
3605
3673
3388
1620
1065
3162
1064
2122
3473
2196
1512
3410
2863
1833
381
3037
2835
2556
904
3470
155
2644
78
1066
1709
2651
186
3726
2499
1258
1058
1945
1238
3397
1381
466
1349
609
3283
1845
336
3632
3984
3020
3850
2729
2678
255
505
1952
127
2221
1227
2056
1270
807
1458
3114
3543
3178
1441
2449
670
4155
3951
2080
1693
969
3900
3188
1994
754
232
239
3852
234
3690
2874
1032
809
2302
1390
3884
2506
2064
1242
3291
3428
3943
853
55
451
939
3252
844
4002
3965
3872
3422
3439
3508
3933
2942
1711
2990
2397
1097
802
1576
1160
3408
3942
616
1210
174
3946
3831
742
270
3975
2539
2280
1468
2505
2027
2705
531
1401
3820
2040
965
2780
356
1525
1643
733
1452
927
884
3013
3761
1798
3841
3725
1345
3011
3215
1607
572
3924
2266
523
3711
0
2504
2253
227
2652
3919
1741
2747
725
2051
1040
1484
4134
712
3769
2405
1767
2139
2295
2864
1399
1477
225
1301
59
67
2999
2589
1748
2980
3678
3136
105
473
2897
1454
370
347
2151
1463
3060
791
3509
1022
3137
2039
2238
2327
457
143
2899
2020
260
623
2904
3683
1762
321
1535
2126
1685
392
2601
719
267
1374
2304
3365
287
3199
1348
1598
98
3348
375
348
1087
4004
2890
2152
4149
1518
1385
2401
1192
1262
204
2595
427
2740
3565
68
2697
699
650
3579
2189
2555
1031
592
3080
2230
1559
3728
2575
1765
3173
1298
2185
1090
3039
1879
1807
3969
1710
1773
3246
3597
3833
577
2
413
1162
3894
3535
1131
1126
1752
1672
1283
1997
697
3888
1121
3930
2621
956
3811
1172
420
2663
3098
3175
1432
2920
112
90
2938
3698
2098
2398
1557
555
2164
1909
1842
908
1963
3426
3169
585
913
2806
3992
448
2682
1429
1260
1325
3207
3700
3311
1966
2120
957
3861
1311
1317
3719
3889
1962
4157
3364
804
1851
669
2530
3490
2762
1180
2489
99
3227
2093
668
3329
2627
2343
470
3462
3179
1296
2858
3814
141
1471
2114
971
2517
2193
4026
3406
714
368
4020
2582
638
1067
1406
1558
3909
3176
3148
3277
2825
363
1659
1456
1060
2605
2612
1877
1619
1858
450
2694
3617
2934
685
4062
2594
2817
2288
2560
3981
120
1595
150
397
3251
2604
3810
2063
3817
2987
694
2534
1811
1205
3880
3012
3268
1152
2246
42
1046
8
2731
1112
1316
1642
3441
2379
478
1391
3049
14
3944
2212
1314
2303
2153
941
2970
452
2767
3190
1000
2163
2383
517
361
1658
2966
3547
175
1450
319
2206
3898
2134
2214
309
600
936
2545
3111
4024
2879
3166
3734
3937
1931
249
895
674
3452
3144
1220
2635
3534
1291
3676
1034
222
3581
3743
1012
3544
3982
1820
3630
1393
157
3342
261
534
2913
1049
4038
3659
3666
1602
598
1536
3415
2052
2248
3232
1736
1263
760
2486
3770
1498
3407
1228
3704
1852
2790
1475
2802
639
2145
3224
920
1387
1925
2162
2190
445
4107
2685
3015
154
3444
1600
1588
3009
1043
2788
2808
3699
1698
1870
2463
4118
145
594
2176
657
1380
1750
318
2619
1985
1992
3081
1827
557
194
3603
692
2821
1538
750
2146
2155
1051
4030
163
2042
689
1904
1935
1045
3339
637
1405
3602
995
3271
210
3724
119
522
3435
551
822
3513
938
17
2178
566
259
2318
2572
2392
1970
2142
3865
1871
1543
1547
3706
2361
3141
1157
2227
3231
3615
3572
2452
3183
889
196
683
132
3679
3368
1107
998
2074
1198
2009
2237
326
2004
1132
693
3558
1665
3524
3357
369
1119
2558
2837
1431
2839
2629
871
76
1891
4160
1556
1002
3637
3196
4141
2285
905
1071
1276
2387
518
1618
2202
1983
2252
382
1865
626
3220
1330
1199
4078
3481
2478
3101
1003
2094
816
2022
3095
2413
241
1922
3115
3221
3696
899
3069
4069
560
758
290
2536
663
1449
1647
1703
3834
4124
3079
1018
619
116
459
2745
3286
698
771
1830
3957
961
2754
2830
2511
977
3133
1226
3131
453
214
3709
372
2524
1229
2374
3322
2642
408
1235
1786
1008
3838
2968
3308
869
3323
2290
3128
3349
3008
3928
736
1465
337
4144
1398
3635
3751
2727
1812
824
3785
778
1442
2578
3577
45
1271
2826
138
2815
1396
3669
2894
1646
140
883
1015
418
1692
1379
2271
567
1561
3086
2058
3593
3878
1747
516
1062
3828
2128
3681
955
2502
1605
507
2100
2136
526
614
2516
1667
682
1108
3416
2946
2784
2896
2535
3051
3921
3432
1424
2293
3821
2688
1859
3160
3047
3429
1555
2909
2236
4042
810
118
2297
2273
2533
2540
3879
1502
433
1584
963
4043
3805
83
4113
3269
2798
1562
2724
3779
4036
217
1531
2267
2613
1843
1213
997
94
4156
3254
3497
2043
480
1684
1527
3687
1946
2116
1140
3007
1501
1195
2500
1286
1141
2082
2576
3063
3607
1975
2840
3853
2869
358
1723
1232
3052
2415
72
2346
737
3685
3561
3299
3802
1426
1462
3538
1537
2158
2719
134
3327
3191
2822
1572
1640
2930
1514
2993
1446
2976
2766
785
421
830
3205
2429
3064
3689
695
1763
293
2753
345
3804
40
2687
1282
498
2891
1382
2309
2679
2716
1056
3325
2496
2668
3559
2065
510
69
3968
1448
2049
82
4112
2965
3028
1777
4067
2521
2057
3099
1430
1668
2226
2005
687
2156
3093
556
250
1942
3210
1907
1713
2590
236
2311
3516
3649
875
900
1098
989
1601
3384
1846
1302
2632
2684
1174
3468
710
3723
1202
3978
1882
792
1122
4011
2385
511
211
1030
3702
160
3860
1876
95
3089
3274
3613
1873
3206
251
3657
1990
1063
2774
2222
1457
703
3053
2317
391
696
2462
2484
982
2823
2636
2639
3774
4104
3568
493
1860
3358
2130
3867
1704
3105
404
2099
2845
649
2507
1764
2144
3068
3163
2565
24
795
1768
568
4092
3142
2434
2160
2598
1899
1207
2501
1982
2034
3084
2183
3243
1760
1047
1088
3994
1459
1641
3403
559
2995
2355
1761
2061
2701
2972
2085
2258
924
3594
3747
2498
1495
985
3715
3589
3758
897
233
1967
456
3338
2075
617
3379
3753
2748
3305
1892
3065
2905
184
876
3293
573
3964
3238
3030
3721
2773
1100
1069
2412
2537
4029
651
4096
1361
1068
2175
2233
1177
688
2862
2571
2977
11
717
1218
2676
1299
1074
3230
2480
664
2296
3703
3787
15
2396
248
3507
3372
4130
1359
3848
2218
495
2723
1309
3394
2030
3363
1144
4147
2406
2168
1919
806
1488
1523
1408
2927
400
415
3488
1322
837
183
678
2974
1615
661
981
367
1372
1059
1106
1644
1081
811
2646
467
3153
3912
2916
3531
3789
86
878
344
859
6
2792
2470
3245
2419
628
2092
994
973
3940
636
3807
2382
3996
1337
1024
340
3201
2866
1025
3792
3697
1749
3557
3375
2596
3592
3341
3762
339
437
3107
3001
1487
1573
1469
1244
870
2291
1425
3029
675
705
2067
3036
3272
1171
1718
2772
1898
1504
1223
2832
2019
1582
2428
276
156
3886
3075
2695
3355
3264
1113
2813
3610
3756
676
3667
304
149
1912
3010
3038
496
2939
2751
2649
4041
1565
2573
640
74
3347
1023
1814
2037
1196
2525
2017
3629
1611
502
1587
1115
3172
3027
1592
2473
1085
208
1964
3371
2630
1093
1829
4031
2426
3790
2758
3059
782
2704
2055
2901
2242
832
2310
1754
1956
580
2059
3182
2718
2150
1740
3857
946
1089
1880
2522
730
952
2550
3906
1329
4148
3164
3448
2010
47
2903
3450
2859
951
2563
1214
291
514
1187
1849
858
2341
3772
2512
3458
3260
2763
1714
2971
3552
2597
3022
1376
2640
539
3108
3991
299
3239
1656
1165
2351
2622
4127
1850
4139
462
3840
3658
1114
1467
4158
1421
2600
964
1729
978
2634
1234
283
656
3449
2706
3276
4079
1999
1778
3661
1976
1486
436
1509
1927
454
2172
2658
2306
3313
3070
209
266
631
2121
2493
1726
2112
1679
2851
779
2735
3895
61
3638
3954
958
2854
2926
2324
2734
3333
1869
3754
2007
2671
2654
540
2332
1150
111
662
2739
2207
805
2777
1417
3460
923
3745
4028
130
864
1650
2852
3281
3660
1306
3382
2292
4000
2393
1552
2245
3655
224
1661
312
471
2693
2277
3366
3799
3256
384
147
2181
1676
2623
2223
3845
2985
1784
3854
20
1327
652
1837
2641
3670
753
3914
2186
1415
4088
1917
3228
2787
2910
1568
3447
888
1625
3798
862
3752
488
3110
2372
3575
825
2800
3627
3839
535
2422
794
1910
1864
2124
3730
3512
1412
2989
2073
3858
898
1998
1857
1897
242
1101
1728
3389
1744
3495
2446
4033
2680
2626
2717
3517
3120
1874
4106
615
60
2936
1410
256
4145
2691
2384
815
1033
1439
1887
2025
3265
3923
1993
3386
3784
943
509
2551
608
1901
434
2053
3016
1268
4047
1779
874
2689
3234
1305
4046
1896
4074
1191
2816
2923
2305
2047
1652
81
3514
2712
1347
970
307
2809
2167
611
3096
3315
1883
2424
3031
3822
168
349
1489
2804
836
2785
2425
3826
1082
2445
216
2386
302
3626
1929
1949
179
315
2880
1155
1950
3042
2617
1984
1848
1544
2321
2670
3147
3270
3045
4016
3440
817
2418
271
3420
4034
2015
58
34
2038
3549
1616
1440
62
1331
1075
748
814
3783
2329
235
2843
3712
3055
1394
3553
2750
1585
2996
2279
1129
992
1804
2466
1867
3152
264
1176
2133
3684
2803
1287
35
2029
3720
3500
3356
2078
621
1902
1175
1091
2848
416
966
3376
2192
3054
838
3576
4049
1819
3520
3692
49
1095
1351
2531
4060
2875
2769
2076
3279
2344
3662
479
1350
487
3999
745
2247
2381
390
2474
4080
1797
3181
4056
1632
442
3168
3346
1745
265
721
2359
3208
3046
1184
4023
1147
1053
178
2584
1338
3995
1688
1508
1696
1139
484
3434
1378
1386
1104
4115
2443
1965
3941
1546
4084
4050
723
3285
328
3019
3993
3570
2914
262
1392
2367
2173
229
1037
1455
574
734
2768
3952
1078
728
2035
403
2661
2567
3767
3035
1029
3067
606
2369
3801
2441
2799
468
763
3261
2165
2028
1153
3650
3071
932
3387
1017
1203
3066
532
37
2659
4039
3193
524
1847
1613
77
1295
2592
2115
3466
1490
3464
1916
1617
2307
2243
4003
735
3180
1363
26
1340
2929
1694
1731
1397
285
386
1464
3855
527
2888
2900
2655
3903
2586
642
3316
3710
3628
2660
654
2801
3961
622
3849
757
1110
911
2231
1102
1266
3765
3974
2071
3920
2095
2119
1485
3351
2690
458
3320
926
1011
3306
1273
3282
3177
1293
1787
1669
1604
2715
2732
124
1367
3402
3691
258
2587
2184
1937
2032
3537
2157
2408
2548
1824
2599
354
4059
2907
4015
5
4116
2992
4021
1986
979
3653
1427
660
831
3125
399
2177
3393
1900
2847
3398
4014
278
2335
672
1451
2395
3778
3869
3395
71
331
1105
1453
538
2256
1039
2814
2026
4009
2204
2110
886
503
1540
2391
3318
2510
690
2014
1339
1355
3931
128
1319
383
2898
850
1389
934
2887
279
3677
1057
2199
1621
191
1548
3760
3555
3300
996
571
362
3292
1368
767
3634
1179
1799
3296
153
2281
610
3967
1725
1780
3528
1991
1096
2001
483
2442
655
3795
1360
2645
3218
647
2161
3927
602
1237
3244
3229
2647
1790
2275
2031
4133
87
1231
1841
3480
3977
1289
1551
3782
3648
108
4091
861
205
3082
1878
491
2378
1635
3461
292
2805
2198
3693
3122
2225
3200
1554
295
700
2210
2593
3326
954
3816
3123
4070
1375
1806
65
2389
1889
2347
2254
2438
1861
2528
3262
1326
2353
3523
851
914
3521
2023
2371
2013
3307
1128
1272
1418
3044
277
1941
1881
1341
2759
409
2337
2251
855
3442
2450
2125
2713
2549
4007
1281
3354
3873
1530
2330
3334
1678
1673
1831
2941
2283
3446
2477
3859
776
2494
2336
1251
3823
3405
200
142
3145
3777
1506
2618
3959
2908
212
1524
2956
2918
1356
2432
544
759
2118
2423
739
144
202
85
1158
1168
2363
3563
2544
1649
2354
3813
3746
102
2278
1612
2707
2135
3973
166
1233
2239
1307
3620
1626
4103
2117
4114
3411
300
4095
1181
3668
4081
91
39
3161
1720
2628
1243
405
2720
378
1989
3717
2779
1742
2764
2000
1206
2922
2420
1151
873
2961
796
564
1805
22
4027
2818
3033
2171
1594
1539
1116
2325
1681
2048
135
63
2244
313
848
1651
918
1161
1930
1630
1072
1445
1173
329
3301
2757
999
1636
1249
1818
3132
1133
3847
3077
1596
3445
3545
3146
146
2091
3025
2867
3800
1624
1137
740
1792
273
2350
2456
3567
2148
1050
1494
1491
4071
2526
75
1961
1028
3980
645
310
2375
2666
968
2789
4048
3722
910
677
1413
774
935
3138
2402
460
3806
2778
3475
2935
3503
1981
195
3551
2810
521
3890
3002
4146
591
1580
1702
206
3482
738
2179
2180
2259
2991
833
1727
3332
3242
1041
3885
1344
947
2008
3775
1895
562
587
1680
1499
843
3960
1705
2219
1590
3962
3499
3249
1241
903
3198
2077
3515
1796
1872
388
976
1094
993
3396
25
2272
2045
1395
1265
314
2742
1146
2882
2469
781
2041
50
3018
2681
3713
863
1657
2439
3117
2174
104
4035
706
1061
1125
79
3121
512
1816
4066
1164
2683
835
3427
3740
1654
3870
708
1746
3487
2608
2451
3187
4105
530
1274
1569
3266
4161
2710
1553
2994
1578
2006
3253
3091
2417
1670
2149
394
3953
1734
1275
2274
2203
3744
3278
3827
780
2431
2893
3641
921
1906
3419
1216
1109
346
3588
3317
2459
1358
18
819
2856
3614
1840
158
1357
2182
1521
2566
2932
3471
960
2538
641
3718
1079
3362
131
1545
3539
1737
3525
3165
123
485
1269
1052
1009
97
2514
4086
4131
1733
803
1944
425
380
1120
821
3624
593
1675
170
2637
4012
2625
1142
1707
1996
4083
114
1321
747
3645
724
2215
3463
3474
1801
3469
3103
2519
401
3373
3130
709
1838
3353
1254
3361
3337
691
3048
2986
3211
3901
1623
589
584
220
275
2631
4032
1365
4094
3186
3116
3842
865
546
1570
1433
1606
1225
103
4057
51
2624
2461
4142
4138
4151
1690
3309
3401
2728
3192
2610
755
3295
3074
1362
1197
769
3601
4108
4101
3819
139
601
1373
3204
711
3324
1660
3225
494
3124
508
925
2983
2952
3431
2579
4126
1905
3126
2665
1264
1774
2308
341
3050
3578
3485
2829
887
772
3917
1500
3491
2736
3417
681
2765
281
2490
2838
3776
385
2147
2554
2068
3457
2657
2527
223
773
3541
1789
136
56
3430
3510
3258
3824
1201
353
3600
3979
3636
44
2844
1776
2394
1532
1571
1438
3484
3156
801
52
1007
1230
218
731
2365
1735
882
424
164
2963
33
1470
3642
177
3829
3330
1634
440
3591
3647
596
1662
330
1926
2752
3729
549
1528
2699
288
2951
1183
2964
2828
1821
2313
2241
3735
29
3643
3319
3618
501
3791
2958
3090
497
1
3950
1638
732
1323
1599
1817
727
2775
2940
3663
244
2339
1577
3571
618
1914
1145
1336
4153
4058
3235
4099
1333
3644
4143
190
1021
823
3587
3233
73
991
2333
4025
1369
1253
1092
1026
1671
432
2776
3582
1823
333
1826
2089
1353
749
2455
3024
3399
1913
3209
3297
658
3062
2761
2195
2294
1300
770
1653
9
1320
1461
1691
16
1971
107
1622
2949
3483
3910
578
1712
3026
3584
868
3139
2865
1954
2370
410
550
2260
751
4022
2447
3240
1492
581
1346
2543
2229
4076
1366
444
3887
4040
3748
1324
2797
3947
3506
1560
3621
151
2201
1903
644
3496
2686
1013
867
2831
4098
3564
1409
2235
1719
1044
2585
13
1332
121
3040
324
171
2319
3043
2611
2791
983
1200
3533
1313
2557
2072
766
1343
1564
2444
3438
2607
1844
1716
3003
215
1533
2011
2457
716
2696
2323
3656
3580
1080
3701
2616
80
422
3076
1170
3908
506
1810
1510
2884
2411
665
1980
2947
3759
3501
311
1285
3006
296
2430
1016
3913
3216
3476
2476
2255
3489
3608
854
2861
2166
428
3312
2960
398
2483
3866
2509
1182
1793
653
3550
595
2224
2711
3247
3742
2342
243
115
975
2746
2127
3004
3433
3404
2786
117
148
3159
3381
974
96
3731
113
2518
159
2925
187
1972
1054
612
4001
2188
2083
1423
2532
834
374
3708
1261
3214
3058
1791
1419
1250
4102
588
334
2345
3986
1815
2366
3171
12
3436
917
3606
126
2328
1280
1775
2834
2957
1639
298
1048
3360
2216
3250
3768
552
953
7
576
582
2871
2352
625
860
272
1239
2737
1566
2515
1757
849
519
2084
1483
3
2503
743
633
1575
2846
1666
3675
3223
1687
3226
686
469
2561
1480
3864
2232
1422
762
2975
1794
237
2709
1482
2886
1751
1036
1868
1474
3219
2205
305
3097
915
1629
366
945
603
1466
3714
3118
729
2819
847
2917
2924
1978
3486
2240
2081
43
764
3851
2433
2656
3990
3530
4045
2581
1957
1342
1185
569
2109
481
2857
525
3949
962
684
2448
3072
1006
967
1947
1988
536
4129
4089
3451
2250
2984
808
1932
2650
1743
3569
1631
679
1724
1825
3871
3548
4075
2580
282
2606
722
93
3955
1478
1215
1493
520
3298
38
199
1977
1222
987
3157
1701
570
231
1700
3611
1004
561
3217
866
325
257
3786
2620
322
1042
2414
718
1771
3997
3925
3596
3939
3846
2105
4119
1918
2568
449
1460
671
756
583
2269
3140
3237
1212
1294
793
720
812
1772
2546
1290
1648
3000
547
4055
2868
949
680
1481
4018
1435
4125
2257
492
1077
787
1706
1138
839
3686
2326
2070
1586
605
4052
2743
152
1259
856
1936
2982
3021
2876
439
2520
3129
201
1574
125
355
2111
402
2465
542
4019
1839
2726
3536
3905
4054
2513
3963
3763
892
1308
2820
2300
3498
3926
922
173
3222
1136
430
3455
3574
607
1920
419
1217
1834
2937
775
3882
2955
1403
2376
2574
2508
3014
3958
2529
1370
1969
929
2741
4140
1416
3671
1383
2602
2340
1934
1769
3257
1721
2021
53
880
284
2889
3459
2878
1208
515
1689
1567
1148
1973
2123
2811
46
2044
3467
1400
1995
3310
3899
1894
659
3267
3844
4111
1496
1143
3736
3477
203
3815
3625
1117
19
320
1766
2492
3945
558
406
3727
1245
188
2268
193
2220
3907
2931
3032
3109
2464
2208
3331
475
937
3409
2733
2113
1526
1939
396
984
3918
2440
1933
2702
3652
2284
646
1473
2069
3369
1802
1038
3966
27
707
620
2024
2781
2377
3343
1853
3896
3263
3456
414
176
1674
3304
3741
3061
4085
2648
1194
950
446
2950
643
2945
3863
3948
426
1783
2919
1800
338
919
411
3087
1511
464
4150
3202
254
1915
648
3321
3453
2356
3732
1246
1188
1248
667
1959
4159
3915
335
2973
3781
3766
2131
3259
3418
2827
726
3344
1943
3755
4123
2921
2060
2643
3294
3971
359
4137
3877
891
379
575
3808
2714
715
412
1073
4017
788
1520
613
1940
2912
4008
3883
2591
3985
3170
486
133
167
2228
3695
3707
371
768
872
1923
2782
1579
3837
1236
3377
3560
1076
4082
3478
364
3672
3303
2969
3664
4152
3749
3511
881
4093
826
2722
3197
1955
845
327
2662
3005
3825
3073
741
4077
2399
2169
3932
3682
1159
1178
933
1279
1717
3479
1156
632
1277
2559
3619
2481
3102
4053
2298
2427
3194
1135
1633
245
3793
2570
3988
1447
2902
3378
3454
2842
857
1020
1708
3929
3289
4120
1189
3616
1186
3106
4109
4121
1312
504
3916
3412
407
4064
1507
3212
2106
3380
1589
2962
1890
2542
246
317
1288
3135
2850
3519
2491
100
3151
783
3922
3119
2104
986
2249
1813
1377
3057
3336
1828
3556
4117
3862
1014
988
441
2315
2357
2877
351
1436
3733
916
2407
673
3288
630
2588
3034
3424
2943
3367
3287
852
3983
907
417
207
2725
1832
3651
500
32
2911
3586
3604
3390
1318
2316
1951
554
2143
2349
1278
1292
181
165
4097
3113
89
818
959
357
2967
360
373
162
1924
3400
3832
3425
2495
2217
4073
129
294
1035
790
21
1655
1434
2744
92
1534
352
2794
1782
2482
4013
3803
219
1204
3088
3241
2793
1722
4010
799
101
545
2141
2881
2102
2137
548
2883
84
482
3680
1979
2416
2812
3998
4128
4110
3640
942
786
2614
940
3143
2400
2087
1163
1938
2348
1781
1893
1084
1855
455
829
590
901
3023
885
2159
2667
3818
2674
1715
1315
624
269
41
3554
1364
2807
3314
2191
2388
461
2672
474
3213
1953
230
1252
2187
3546
1352
247
2050
1472
2721
161
389
752
3771
3465
30
533
3149
2603
2783
1505
3423
3542
4135
3868
841
1154
1593
3112
429
627
3788
894
1788
109
3352
1517
3100
3904
744
323
435
2577
36
1384
1888
332
2479
3189
3566
1388
189
1529
579
2358
2086
3421
2906
1974
3612
1886
3492
702
1948
2471
3972
1219
828
3598
3370
2979
1645
2795
2016
3335
2738
3836
2194
2562
3155
529
1310
4051
4063
1863
3494
3158
890
3891
553
1297
2054
3874
1303
3526
1267
1884
1730
2170
3502
3280
4065
3599
2458
2730
3413
2079
2677
1420
3518
2796
3694
1257
1083
2849
2488
3493
1695
1515
1759
2664
537
3738
2953
1960
713
1001
4044
4136
1190
2460
1758
1209
3609
1550
499
2154
1402
1134
2314
2997
1609
2988
797
1911
777
2436
122
2301
1683
2755
1677
3522
343
2467
1908
2140
4061
2552
1149
840
597
2841
10
2282
1614
543
4100
3892
3622
1124
286
172
2833
3414
2090
3078
1371
2404
2873
789
1856
423
798
1835
4087
820
3780
1603
1597
2703
2107
3970
1255
3835
1476
2583
1444
192
1334
2338
2312
3083
228
376
3255
1549
2197
3902
1987
2675
2103
1414
2615
274
2409
2553
3935
2892
528
2885
308
972
2860
3328
944
3134
2933
980
3383
3092
2046
4122
846
1118
3876
477
3085
746
476
635
252
2609
2390
1411
948
1354
2915
1437
3236
3737
902
990
4005
1256
263
634
3646
2487
1583
1866
2003
2410
3583
1591
1738
931
813
3385
3167
443
1127
1055
3041
1247
1479
2454
1753
3540
3392
447
3195
1854
3391
88
1808
3796
54
1519
2263
3248
3797
1130
1637
280
765
2771
2523
1019
1822
3956
1795
3716
3623
3812
3017
70
2360
1686
197
704
2547
3856
472
3184
2362
2320
238
877
3881
666
3345
3976
2287
306
1010
2468
1627
1193
169
3094
896
431
1608
2978
4132
3185
2380
1328
297
2276
1770
3654
3934
2981
377
586
2700
3504
3340
185
3437
1862
2836
2872
2756
2692
2331
3773
909
253
827
465
1167
1563
393
1755
2437
1166
3633
342
2403
2289
1697
1070
2770
3631
268
3532
2541
1785
2322
3505
629
2669
2708
3875
2475
301
912
1027
1123
2749
3472
490
1664
1809
2209
3127
2132
2200
784
4006
1516
565
2948
1335
2018
137
180
2088
4
1928
213
3273
3665
438
4072
3674
1211
3843
2944
2211
1803
2334
2485
906
3302
4037
3359
3688
3443
23
2096
365
3562
3893
1103
1541
2265
2368
3750
1513
1224
2453
1086
2097
2262
3757
2270
893
3284
2364
1875
2435
701
2959
2998
1968
3527
2002
57
395
3150
2234
1284
2421
2824
489
4154
930
2564
761
1503
3350
2066
2895
387
541
