2711
1889
2651
344
3925
1842
1962
2352
3103
1596
3843
1615
1589
839
1992
200
4084
2930
3226
2551
249
879
272
1397
3878
1830
2311
1773
3751
2808
1225
1981
1019
2088
2520
3313
3578
824
3812
2067
943
2749
530
2256
338
3587
2570
3582
2947
3965
1861
1045
3049
2743
4135
1068
1399
3061
925
437
1916
1567
4044
1658
2300
231
543
3393
2373
1366
1012
2010
2873
3272
680
2054
1376
2086
3423
3160
492
474
2714
1942
2861
325
76
3596
3734
3004
1018
1588
1096
3539
3132
3518
3875
3287
3651
1762
3433
361
1885
4114
1519
3871
327
2063
1500
1721
2815
3916
2609
1947
3606
3798
1551
2302
4045
3551
3519
1476
3112
2278
3008
683
222
1879
1310
174
721
2486
2677
577
1234
3002
155
177
3386
1165
587
3544
1807
2574
757
1614
3743
1699
1164
2152
3634
1581
3206
190
17
3580
4108
2340
2296
1290
3359
3434
3177
1867
3856
1197
279
2559
34
4060
3150
3744
650
3808
1798
1030
908
4050
3251
1150
1837
1339
3066
1617
545
4133
2699
2718
2534
868
3453
1520
3867
2746
855
1492
846
389
3733
78
2190
727
1858
1156
1268
1878
224
1848
705
2178
1605
2436
3951
1840
3532
2434
1425
653
516
2796
1561
524
1034
3939
1506
529
2970
1258
3441
334
1299
2941
3189
623
2740
2150
1717
967
2210
345
864
2282
3401
3071
471
1553
1083
2008
3424
2191
2283
3151
1649
1284
1098
3394
4078
265
2818
376
765
134
3378
3057
121
3196
2082
1568
194
735
2452
349
579
3555
722
3738
2820
1262
433
1011
2229
1642
706
2321
3135
2335
3794
1550
1702
2189
1322
3218
1679
860
2529
2317
1833
3419
1039
3482
2138
1478
3210
2631
1185
4100
1230
2400
904
2548
1089
3966
3483
2601
419
600
1562
2560
2982
841
3199
2280
36
2090
2319
2183
3076
3274
836
3983
1016
1966
2172
124
446
3737
1513
2602
2025
631
2220
2977
1862
3426
442
838
3720
926
1866
1203
434
4156
3161
1488
1934
506
3766
3828
226
3505
2177
3390
1532
1904
3776
1065
3224
2110
3528
1623
3626
3864
2021
2546
1484
805
3792
4062
2301
262
2755
2765
1666
968
1799
1362
2108
463
2186
3632
4076
4127
1459
3481
510
2433
427
1283
2824
3100
2015
42
970
1988
1546
1941
4101
68
3851
3640
62
2855
1229
1355
508
1635
2664
1200
3994
2724
2521
3407
242
3461
3595
1396
3574
1827
2983
3984
1718
208
2156
1976
3642
4126
125
273
2996
1323
2613
3306
3388
1995
3814
3638
4153
3073
3323
4066
3298
3608
1726
2946
1864
4119
3438
3542
1789
4072
4104
3051
625
3193
949
2948
1077
482
3543
267
3796
2659
61
47
688
604
2837
2670
3418
4049
83
2227
3240
1671
1782
2456
1246
4123
2716
1979
499
1240
1391
4140
3522
2268
2904
639
2537
3548
385
2103
1734
184
694
892
1254
2
1409
1035
1469
1498
3217
1139
2720
1629
1574
4046
1213
2971
1013
1199
2715
1620
1839
1182
3959
3535
3560
642
286
795
1347
2376
1055
2961
21
895
3590
634
2404
814
760
3531
362
82
141
620
1526
2153
3957
3597
2058
3098
1023
3852
783
4130
1683
3473
301
3366
3092
1634
2566
1243
93
2226
2252
2522
2471
935
1535
3721
44
3750
3339
263
4142
2531
3655
3745
1073
3610
4028
2182
2778
2800
2355
912
3888
3404
2732
3399
3429
75
108
1452
1952
659
3186
1320
1067
3609
1926
2419
4014
2265
3344
431
633
1504
3328
601
758
589
1554
1015
1703
1181
3134
3033
567
3342
3516
1541
3261
236
1838
1909
3540
2883
2051
2253
1689
247
3757
3838
592
2341
3187
3780
3869
2801
1494
1375
1813
3774
1907
1564
2493
2219
1986
1128
3840
176
1727
2616
1084
2363
49
2806
1175
1274
2428
172
1116
1049
1759
901
1186
2336
3914
1450
1172
2623
2992
1247
3707
739
1239
470
1515
875
1493
1202
531
3970
2333
429
1766
3549
831
3095
2865
2072
3731
60
1856
1149
2683
423
167
2167
762
1196
3250
1584
3956
1463
2076
159
426
3209
449
1897
2383
3109
2114
2742
3182
197
2274
2792
4121
2542
811
1429
3208
3022
3263
1829
1143
3784
763
1058
1088
2277
3973
2747
3971
865
3990
3699
1704
3389
2662
2898
1874
2903
2380
2407
2793
1020
2123
1602
2064
1648
350
185
2917
238
3341
3054
562
2779
828
941
1657
328
3377
2953
2988
3400
3265
1114
162
2275
3689
2874
1675
476
1791
382
2731
4129
3607
3899
3666
2475
1312
2235
2829
2085
4132
4015
3158
405
132
4003
2527
2592
444
2482
905
1142
88
2721
2852
1522
2045
611
1333
2053
1974
1279
1814
72
3885
4007
3932
85
1394
4106
3492
2382
1801
1765
2758
3844
4011
1092
1269
1085
1417
1331
1277
1664
3836
734
1155
2206
183
147
1758
112
2148
4147
3906
447
3832
2241
3987
2353
2225
1668
1760
2414
569
2065
679
3268
2310
2555
3654
876
2018
3279
3053
131
2919
597
297
367
3129
807
3269
4128
2263
123
3891
3382
2470
3926
3763
1337
387
2807
311
2943
1859
2179
3259
777
1958
1566
3538
2213
3668
3845
332
1291
4077
2894
317
3883
1319
896
2212
766
4098
456
4157
1372
4036
3280
352
3861
150
1951
3216
3565
877
1215
3447
3444
1927
2418
1153
2596
2188
1857
3813
4054
1183
3131
3154
870
1707
1585
3962
1558
832
2696
1266
403
3913
1439
3893
2914
4154
1660
4018
993
1559
3961
2770
3470
252
2786
379
1345
1464
2004
3329
1315
2202
2710
30
2571
3909
3685
916
316
3421
2175
255
3968
803
4143
911
3142
309
2708
666
806
989
3316
887
950
1066
1410
3121
857
2371
3075
1302
4053
1720
2598
2234
1353
2162
2033
77
1413
2735
1275
3740
3696
1740
454
3992
2098
414
2972
2539
4012
3357
2994
3713
3781
3262
3613
2073
1481
1095
3687
733
1028
3490
862
438
2464
1250
3661
3346
1036
2467
576
3427
2828
1228
674
2386
1379
1543
3831
3078
2725
924
1076
3258
3559
1764
305
3169
3617
1466
886
2563
788
2000
2208
4039
3621
834
3898
2006
2626
3918
1053
897
3657
3710
330
2918
277
622
507
3795
3102
3348
1325
2698
2027
932
3912
181
2799
3511
696
1255
1359
1189
13
590
3998
3896
3908
2432
2780
2116
285
3484
3801
494
2944
3715
331
773
2447
3725
3853
2011
4158
738
3324
114
2910
3116
3664
3432
2882
2221
3604
2928
3397
100
1805
1698
2389
549
922
4082
1922
542
230
2497
2163
826
794
3848
3119
3674
2936
3056
3285
2460
2122
3255
675
1797
2870
771
1960
3405
296
2453
749
46
1078
3431
3639
1133
1571
3115
3669
3576
3213
1328
2032
2741
2528
2632
3827
3910
3824
2079
2680
2149
521
3006
261
1767
1248
1872
1212
3037
1487
2973
1777
2415
1525
4097
3247
418
769
3406
1436
1231
1416
585
1788
3577
729
1033
698
2937
1844
2101
2313
282
1473
491
1453
1378
3645
1882
3237
3950
2895
883
41
2164
490
2884
2204
3414
2357
2802
2214
2029
2070
1852
2902
4056
364
3333
1826
3085
3497
4139
3586
1008
1887
3897
2042
2567
851
1676
3552
1654
2077
3363
1431
3697
2349
113
2479
3106
685
2096
2120
835
104
3032
2261
1147
211
1146
799
3717
2297
861
1706
1518
2458
3752
45
1575
3667
4092
1508
2585
179
2577
393
3381
3105
2750
1369
413
858
3315
1563
3859
2891
1238
4006
1815
3288
3496
1294
2078
598
764
2134
140
3290
535
1900
2576
3679
3903
2231
1111
461
188
266
863
3681
3354
478
3435
1495
168
2678
2002
1918
3550
1334
3181
2606
2817
3727
1905
3194
2661
1527
2668
295
1237
69
2547
888
1227
3197
2242
4033
1591
2788
2573
372
4085
3978
3650
2777
3416
2772
975
2633
983
2022
2036
673
3841
3017
2304
3039
982
3485
472
402
2314
2367
2324
2504
3730
1604
2597
640
2271
269
2388
270
3980
65
479
2295
4022
1029
1461
1091
151
713
3964
1408
1245
1873
1426
2666
2785
3872
2729
3086
4125
837
539
756
4124
33
2498
1190
1121
3139
198
1403
2455
3104
3227
1304
260
1711
544
3475
1434
1382
1198
3107
348
894
87
1261
4017
3839
1324
770
748
1843
856
3340
3412
2392
2315
2899
1490
3337
3383
4070
2862
3545
849
1510
1009
1754
1624
1059
3648
171
235
3239
489
1363
1360
3168
3789
3935
2756
4019
1446
726
1351
2216
3506
873
717
1208
149
774
2181
1557
3947
105
1708
4074
2119
979
4065
2346
3052
1301
958
1093
560
163
555
1387
1470
144
54
546
291
937
2510
2956
3257
638
186
20
4117
3320
3988
2513
1744
2365
635
3993
1368
2360
458
1710
791
2541
98
3901
1944
3553
1106
1074
1547
1661
3446
551
3558
1136
3523
792
2900
1141
2622
3009
4145
2262
3211
1480
923
1579
398
3188
2422
3234
2354
2998
3253
1308
3546
2442
2784
2446
3641
3633
3802
2118
2836
2068
3229
276
3021
1457
119
138
3900
3612
2723
109
3326
115
3729
3380
2506
575
1921
3495
1103
189
4113
366
614
2339
1542
2391
1003
1415
2642
3850
2605
1511
1963
2130
2932
2673
1818
3928
1046
2981
2250
1806
3477
2641
2840
2378
3369
914
720
3529
1665
859
3747
2055
732
66
2589
3700
2544
3979
2066
2217
2897
1079
550
571
410
2835
3123
3684
397
2158
467
1969
2728
3297
493
96
2637
1271
2075
2845
787
1210
1503
1770
536
3425
1521
3015
500
3708
759
1891
3779
2526
1069
3493
117
1140
164
3330
3625
421
1251
2702
2703
3556
1086
3746
3466
3163
3353
1002
3364
3561
3652
3623
2614
1430
2105
239
1112
853
668
547
3034
3486
3214
3081
3919
1898
573
3413
2106
2858
1104
4115
1853
1834
2890
2358
3837
4021
3981
84
1810
2805
3455
126
3670
4088
1344
2097
3325
3500
3530
3360
1924
2515
1184
2381
116
1423
1606
3680
3833
3462
1999
3113
3564
258
3714
3924
523
3605
540
1443
2413
94
2491
1631
37
425
1994
4155
2228
2950
3183
3449
2303
43
1080
3963
3248
537
2939
1888
380
2926
2893
2107
2768
1659
2292
4141
2495
1556
3944
3452
4001
3825
1187
4004
2514
2704
2406
1109
3058
3866
1170
3035
1321
3450
2169
1017
847
2814
1358
2525
4107
3658
715
2127
3420
3136
1755
1129
1780
2687
987
310
299
1124
3029
3536
3238
1260
2754
3126
582
3469
3372
1005
3347
81
2427
377
3749
1729
2028
3953
1735
3050
2581
2663
728
165
2362
3571
874
2387
2830
3091
1468
2426
3108
815
407
2848
3491
945
1884
253
2412
375
2781
872
2279
3682
1663
3207
3030
3127
1894
3014
913
2783
3943
3403
95
2540
2155
3755
898
2739
2368
558
615
3846
2500
1223
1221
1309
157
3291
1785
2607
3249
954
980
2140
2979
2142
1750
1501
2876
593
3614
2619
2416
4068
1244
1024
360
4040
2364
2061
3170
3986
2638
3799
16
3675
2499
3200
974
3179
3905
1914
2707
4008
1823
1592
1534
3318
2991
3299
3122
2594
1804
32
2827
1633
3960
2215
2640
3215
199
2748
3821
2976
676
391
3923
321
2647
1739
695
1743
1458
3463
988
965
495
3847
1047
3601
885
3038
4009
2821
2074
3402
3568
3256
854
2864
3223
2100
1201
626
2438
22
313
3702
1967
4016
1681
175
681
1531
2487
3296
92
3195
2109
899
2958
2969
3367
3172
3350
2423
1517
3793
2044
2775
1352
3202
2586
2192
1582
1001
3767
730
609
3310
3889
424
784
3742
2047
2968
11
1154
3881
3820
2154
9
1126
2069
3886
3068
2877
118
2962
3949
2986
1419
1296
822
737
322
3417
3001
514
1751
3011
2043
2344
2126
716
3204
3319
1599
1236
3716
1688
1449
39
881
1696
3942
4094
4048
2291
233
3375
53
416
4146
2810
3314
3244
661
1802
343
3192
1491
2552
250
672
428
3583
2237
2691
953
1713
2562
2508
519
2390
2553
2803
580
723
1737
990
3101
566
3282
2620
1613
3823
237
669
556
1406
1529
4080
2733
767
3117
2774
1507
1158
532
3088
1643
1868
3527
1042
700
1442
2087
2104
652
1781
809
3480
2293
538
3043
3985
448
607
3600
3145
1933
563
643
3074
441
3573
4
2706
2967
1350
3020
2859
751
3929
1987
1939
3805
3517
1545
1832
2512
3099
1401
1120
2034
1479
1611
1549
2184
2351
1746
2375
2325
1890
1482
1741
986
3230
692
2157
1972
1722
3712
2759
3997
3915
2652
3570
1971
3295
830
528
2610
326
411
1583
2016
1253
2545
1455
50
526
2095
1384
3761
785
3892
333
513
1354
2240
2524
26
1242
2561
665
844
3660
977
527
3474
3445
2399
368
450
2294
1747
845
671
2037
2160
1597
3185
1307
4027
2430
3629
3705
1222
2159
649
3790
678
554
2505
2790
2925
1677
201
3955
608
1370
1217
2760
3175
315
4038
2038
4148
553
3877
2761
628
2481
2316
2502
3995
153
2980
3572
196
10
3471
2099
1800
1329
254
359
2143
2409
2133
38
995
2492
3991
2676
907
1959
1748
3270
1578
2168
3031
497
3345
3672
1687
1496
2905
3174
3701
1388
2838
1915
4152
1709
2322
2135
3501
2686
880
3023
2287
1825
3503
2679
2811
1590
1050
2312
3890
1438
2617
3895
1738
1600
3753
2348
2257
2722
1686
280
1338
3036
2384
1209
667
1132
966
2833
2139
2298
381
2141
504
229
3653
808
1608
2359
2012
1896
3690
1968
99
3321
1576
1697
4010
2111
3647
1776
29
187
2048
400
801
417
3387
477
2667
1192
833
3110
1646
232
1167
1846
629
1420
2323
3547
3811
3695
3627
1991
750
3494
3385
3349
818
2243
2377
829
743
1854
1772
1935
997
3934
351
1719
2697
2171
1499
2431
754
2092
3663
3754
1332
2019
617
1821
702
1471
3396
2627
390
1166
2035
1757
2611
56
1570
3171
1317
3975
3588
1070
3635
3759
1730
1135
1407
356
19
3478
2040
2804
283
2856
2330
3184
1062
1920
1398
2218
2798
178
1163
3512
498
768
2424
518
2695
3176
1437
1099
1641
2238
1855
3785
2558
1812
73
2207
1817
2112
3398
2494
1732
804
2966
3190
55
3948
3464
3220
3686
1931
1314
2200
1761
1768
3615
2050
718
2059
2185
621
2290
2254
3003
129
682
3602
996
3936
568
2927
3147
2445
776
719
1052
1081
452
1835
583
2026
1123
3334
2959
1405
1685
324
2921
4091
4067
4064
3042
2031
1371
2401
1625
3954
7
1006
3276
370
1928
2483
2173
3153
599
2356
3524
412
2888
2334
1881
2751
1895
1462
3143
2199
1628
3472
2795
4099
1414
3358
2625
2730
4105
632
3999
3173
1622
234
3437
3045
1684
1990
2990
3047
4138
1560
2080
3138
399
2501
1983
3940
251
1616
1819
1421
2654
2744
337
3096
1627
355
2854
3902
3584
3598
1930
496
2850
3128
1418
1993
2942
2886
3026
357
1280
2579
1287
1690
1784
2530
2762
80
2131
981
4109
1432
2408
1157
2113
1936
2685
3662
1392
2258
1101
1037
3233
2083
1667
3111
2421
440
3046
2472
797
2233
1728
2081
4071
210
3010
2763
2476
942
1998
2459
618
160
86
2885
406
2248
1125
2439
1014
1880
64
1195
2603
1402
704
4103
3879
1383
3977
3180
218
3855
1300
578
3241
4081
2549
57
2717
2568
2583
2782
1021
292
2682
3620
1957
3087
221
2327
697
1619
1056
2915
985
4051
2203
1191
4134
4087
3618
2752
502
2441
240
1505
130
457
951
3760
882
3120
848
3124
1174
651
2656
475
3567
453
2825
2924
1771
3554
603
2379
1536
383
3080
228
2879
3989
1640
1745
369
3294
1179
3309
2489
871
1985
761
3201
1869
1656
2675
2575
3178
2657
3541
3281
3275
1263
3027
4122
2062
2909
1026
1512
2543
481
2892
2916
1311
2023
3155
2094
2030
960
963
909
1336
466
2648
3090
2255
1342
1444
409
959
1632
430
3236
365
3332
340
1871
2129
2690
97
1645
485
468
779
1502
1875
2957
1303
707
1923
2538
646
2692
534
169
3818
173
1948
1572
1899
1288
3659
1090
3166
780
781
2745
4112
1845
745
2343
3786
1346
1796
1168
557
1108
395
3094
1489
1824
3336
725
3408
3025
58
1544
1753
3458
294
314
591
3152
464
2954
2289
3411
2001
940
878
3271
1530
1131
2922
3072
2557
964
2024
244
4030
3911
3254
1220
3097
2473
1598
1257
2860
2144
1361
548
2276
213
1298
2590
663
1997
3739
1911
2395
1422
1705
2809
2974
3479
994
298
462
2869
1533
852
1692
1451
2174
3671
823
2863
2009
2121
0
3487
3797
3422
2978
1792
3873
921
630
2466
2634
1603
1031
1264
1270
2535
1004
1736
3643
2136
3709
1877
3704
3880
1954
2405
3283
3018
346
4029
4090
619
216
3167
2564
2342
2071
938
1552
1105
1281
207
1910
3499
1318
1162
3007
2608
1680
1424
1569
1100
2929
2507
1038
2267
2350
3125
1467
2435
443
503
1087
2881
3307
323
1693
2960
2041
1538
2719
1607
70
1180
139
3933
687
3064
2394
259
2326
2187
1226
2565
2832
3439
3817
3706
3769
3938
1937
1586
891
3589
1286
2906
884
3370
3830
1110
1385
2496
775
712
4150
1193
2773
2615
3735
3286
3775
2249
2124
3665
3498
4069
812
2509
3292
2709
976
3525
3083
2669
2952
3656
2450
90
936
3069
3624
203
3676
1794
1803
2307
1448
1072
1670
2812
1486
415
3876
288
2945
4118
1119
394
2125
3428
610
3507
392
962
1902
3065
1144
2403
192
1433
4043
3266
342
2132
586
746
1913
1252
2912
3631
4131
4159
215
1949
2474
3278
1712
2462
3849
2176
354
2999
1169
2338
3365
670
227
3059
3533
4052
2270
2488
1211
3974
3165
1097
3352
1282
1950
3594
1774
2511
145
2766
2726
2332
752
302
3593
4024
2485
2469
793
956
1063
3773
2984
3293
2839
3562
2646
565
1390
2490
1516
3044
2816
3694
1621
3242
1176
1636
3834
2347
4058
3440
2636
1682
2198
2665
1447
1906
2299
455
690
654
2443
2940
3079
3415
1831
2503
3698
1964
902
3300
156
772
2995
2934
1460
928
3312
293
193
2993
3711
3599
952
212
1393
561
2224
1022
1219
91
4083
4013
2887
488
4136
3308
1701
3245
486
1159
1595
1565
2823
2794
1160
3391
1173
2084
3395
2868
2286
2797
1970
2851
152
374
2056
1107
3368
1289
256
142
1113
2165
3070
1980
1060
1007
2841
2554
1130
998
2285
1137
973
3459
1787
1249
753
2266
3870
2866
1171
1618
1694
3826
1313
612
1178
2935
2931
1644
827
802
378
644
747
3819
2180
2239
4025
2089
1306
3688
4041
3566
724
3304
3569
2727
3762
1610
2309
217
3649
3521
3768
3537
3732
2007
4035
2014
1637
3619
4055
3783
287
408
1316
816
984
3810
3575
135
3016
2197
1849
890
2161
3374
1555
1472
602
624
664
3489
2624
4037
1145
2320
2477
3693
3809
1043
1477
1373
304
3673
2260
3946
637
740
2420
2003
3941
1348
1965
2232
2671
813
6
2480
1989
1148
2306
1395
3636
2700
1032
2822
3284
2444
1756
1456
3322
3611
4073
3770
225
2269
662
3778
2572
2872
3860
243
460
220
1524
3822
3585
1779
2649
978
819
584
2372
3756
919
1573
867
31
2366
275
1273
2532
1204
2137
12
122
264
3677
2847
2688
1775
2166
166
2955
1714
2712
1883
2913
146
1903
1330
2639
204
821
3379
1919
52
1412
1374
2236
903
3063
3454
2578
3920
701
3384
2093
2556
329
2734
1040
3338
1340
2194
2655
1836
1094
1609
2880
1428
148
2635
404
303
2273
3815
3758
1716
2630
465
1224
1465
2853
1870
910
2628
515
1027
136
3327
3005
3062
289
684
1537
790
335
3515
4110
1863
1956
2846
3305
1025
3289
268
3149
2938
1285
1763
3157
158
2736
3243
1975
3927
889
2244
1841
1152
944
1695
1064
2997
1647
627
3907
2826
3465
1795
1054
3355
2989
336
2463
3563
2374
2195
1977
3060
647
658
2757
3442
2672
1115
4149
2411
2146
319
3024
2468
920
3972
3317
432
2660
915
1356
1953
1650
3777
191
3162
3723
257
2923
778
693
1749
3144
1265
1982
1218
4111
744
541
195
2587
1497
3130
5
445
2484
820
79
1272
2907
736
3772
1048
843
103
3456
3591
786
1365
2205
3719
3077
3468
4093
4096
1327
3041
127
2867
1886
1865
2461
699
1630
223
3728
3203
1293
3945
3764
1235
613
2951
1475
522
2965
1483
4002
182
312
3504
4102
3804
1010
3736
3937
1742
957
396
3191
930
3931
3267
2196
939
2039
480
2091
205
3520
2017
2842
3362
517
1932
2308
1411
1790
3868
3502
2397
1673
3335
3137
2889
947
3884
3718
1134
2519
4086
512
1380
3958
1955
1593
2580
3952
2117
1793
2933
3114
3862
2425
3771
1335
1943
2259
2361
2645
2398
1386
2643
2878
3644
1389
2516
274
483
3228
3803
4116
120
15
2975
796
3996
850
1612
2396
3156
1523
2764
3232
3842
3603
2223
353
1973
3443
1367
74
3457
110
588
1427
1440
3028
955
595
2595
1548
3882
3264
4063
2612
3857
4061
2753
3692
2393
3787
219
2410
3557
948
422
248
3683
3526
972
3488
4075
1940
4031
1295
1978
320
657
1256
2949
709
3904
3082
1400
1441
2478
2147
2517
2871
1938
1700
703
3205
798
686
1816
931
3510
3451
3430
2151
3311
3722
3231
1188
2305
1138
3691
484
3969
3361
655
2787
660
2049
2769
641
63
386
2536
3874
2681
2694
3678
3277
3592
1691
241
4000
1925
2569
505
3858
3726
363
1044
2849
3782
2550
605
1071
3703
3917
1207
2437
817
1206
3392
1912
1297
459
2251
1041
3351
2465
2653
2369
2738
2701
3514
3301
2705
525
1205
3534
2247
825
2318
3460
2385
1127
128
840
3508
917
1539
3019
3976
4144
581
111
992
18
1540
3140
2813
1778
1267
1232
3854
3788
3835
436
1653
1961
866
2588
2417
3141
1752
487
2591
1061
1445
4079
3800
2920
1850
2454
4095
2402
711
28
1177
2272
154
842
636
1580
708
3741
1820
893
3302
2831
969
14
2102
1194
782
2145
3246
1474
3084
741
2193
1276
2328
23
2584
1241
2440
810
2689
900
202
2791
1828
3133
564
3806
388
4032
2246
2618
1587
3222
645
1901
1051
4057
3164
3581
307
1808
209
1357
1723
2629
27
3118
1892
559
290
2621
3765
24
2684
1851
1984
3829
3628
616
1594
2713
1514
3000
2451
1809
3146
2288
2834
3476
800
300
574
3513
3637
4160
1341
40
3894
3212
2875
3260
1639
1945
533
1662
3807
1528
2674
2429
3467
4005
2518
1278
3410
933
1292
180
1652
1715
206
3622
2281
2964
1651
3198
137
1908
946
4034
71
1655
3
789
1151
520
1117
4020
2844
714
2901
606
2843
1454
1733
1811
1343
3436
318
3048
3982
106
35
1678
3040
918
2963
906
1381
1122
2345
4120
1326
358
245
469
1783
1577
3331
1259
1860
8
961
2693
971
1996
4059
2658
1214
143
1946
2230
3219
755
214
509
3225
2052
2604
339
1893
3448
1404
3646
2020
3252
4026
3067
3013
102
2776
101
999
2170
3012
1769
133
3159
648
451
1102
1305
161
572
2644
3922
3343
347
3409
3630
2857
1786
373
2264
2449
1349
67
4151
2523
2599
710
246
731
308
107
3816
4137
439
2987
2370
2329
341
420
48
435
2284
3303
2457
656
1118
4023
2908
3930
2209
1822
3373
3921
3748
2337
1233
501
3093
170
3235
2985
596
3221
2600
511
1000
3089
1917
89
1876
4089
2896
3791
991
59
570
594
271
3148
3724
1075
1435
3616
1161
1082
2005
1638
2013
2331
1929
3865
3356
1
1847
1601
371
1724
2789
2057
3371
1725
2650
1057
278
2060
1509
4042
691
2819
934
2737
689
1485
677
2222
1377
1674
51
742
1216
2211
2115
3055
3863
2582
1364
3509
4047
3273
2771
2533
2128
4161
1626
929
281
1731
2767
1669
3967
3887
2911
306
401
2046
2593
3376
869
552
927
1672
384
3579
2448
25
2245
284
2201
473
