1888
2860
3920
3168
2307
1581
958
2923
1080
1274
3995
1943
3447
2356
908
3759
1936
526
2151
284
2385
891
3641
1160
1173
2705
3973
777
1667
1707
1043
2336
1774
2366
744
3874
2033
1410
2872
3752
1745
1432
3359
2241
3222
226
3090
3835
2616
3724
1625
3242
3255
3123
1794
3926
3587
3133
3421
3509
349
2404
759
44
3671
2530
2194
1437
2785
3266
500
2804
3758
3829
4117
746
1467
2231
3703
1665
2289
3069
67
1053
1155
622
3539
1575
3606
1273
3105
3144
606
813
2646
3342
3264
3382
1185
3756
1697
689
2121
591
2635
8
295
808
3166
1283
647
1693
304
2278
3596
1675
633
3643
2416
607
1970
3625
595
1572
1873
111
3646
2382
1428
1787
2714
509
2397
1141
9
1310
2246
1608
3181
2316
2074
318
634
3741
602
1223
3902
398
381
699
630
1201
1950
4105
1606
64
3789
2824
2294
37
3138
662
2510
1442
3052
1666
1243
830
2456
2999
638
1033
3073
2549
4102
1551
3406
184
1149
1699
2008
1181
3603
797
3560
1008
604
2284
3231
2238
2320
742
3607
1672
3709
2697
3747
2540
982
2546
125
4069
2458
403
970
862
1402
4016
927
1385
1839
3249
1729
2851
1884
3035
2572
120
2112
1834
1133
1548
870
3738
2578
4084
732
4047
2042
1815
1486
147
1077
803
3857
1145
3268
1034
1810
55
3611
1444
772
3855
3263
3177
380
2863
3972
1322
628
682
843
406
3488
129
2487
1870
2126
762
1965
3992
316
678
1882
3600
3194
2481
571
4139
3668
2699
2213
11
3015
3582
1369
48
452
3589
4025
1123
3349
1920
1547
3689
2110
1923
1509
340
2127
1471
570
2746
2734
2149
2064
244
3871
1094
717
1598
1662
3419
534
3959
2087
1396
3307
3460
3305
3716
2950
105
3301
4104
3981
110
3761
2314
1576
3021
1285
2010
580
3481
2346
2155
2237
490
2430
2326
2826
0
3020
3834
2924
2085
115
305
502
1827
3356
2449
3430
2378
4036
2779
2715
3736
611
2529
1846
1450
1364
2185
421
2445
917
359
2258
1765
1883
983
731
680
675
1993
2728
185
2953
1440
3890
3907
1009
3289
2157
69
155
1894
4043
663
1099
2175
354
1254
1292
1465
3667
1742
3935
3773
2340
143
619
3519
2981
1887
3525
3464
58
149
568
3367
468
875
3109
2641
228
3872
3559
720
152
89
3370
3130
1985
1346
1519
3753
4160
3128
2026
1075
358
1727
437
134
1722
2756
2901
2738
1056
1946
1028
881
1397
1688
3948
2708
3315
867
4124
327
3686
2846
1546
1748
2084
3677
3762
3579
3947
582
3940
2801
2552
846
118
1909
2537
1002
4152
328
1479
920
1138
3108
1045
1277
2349
3408
912
164
2776
317
1251
1159
283
545
3850
2761
259
2764
2795
729
2933
2709
3046
1928
17
3389
2475
510
812
844
1472
1263
2712
996
1433
1081
3588
2655
1840
3377
683
2005
1866
1562
3845
2653
3441
2566
3782
137
3717
918
3037
2974
2200
2558
1507
3913
2895
3964
1378
3585
3954
1105
765
3332
3277
1376
1751
2993
2654
3189
2247
3749
3011
2563
2496
1087
3106
4161
1646
3436
1537
3328
264
2359
3906
78
942
22
1623
2012
1381
2841
2277
121
3467
2607
2353
925
1398
2048
190
3449
3674
1392
1463
2191
279
1983
701
3965
3501
2254
298
1042
829
1871
3687
672
670
408
1512
4000
4022
1244
165
1296
3861
1415
23
902
1139
2751
2272
273
1242
2420
972
1203
3094
3771
3371
3220
3088
488
1174
1001
3513
3527
3815
708
256
649
2264
2046
1556
142
1800
3879
3053
2817
1335
3515
2759
3889
3472
1313
3310
1122
2545
1024
1238
524
3465
3169
455
375
2423
2260
4064
2357
135
2388
3058
2292
2638
567
3937
2989
1082
1599
2797
1864
3324
937
948
835
2865
998
3888
3316
1731
725
3065
3751
1844
4051
2890
1338
3308
2501
3132
206
3842
1820
1493
2793
1528
2128
2041
2991
2556
1209
704
3719
985
1213
3134
1875
4144
874
3731
3634
2569
922
2280
2864
2190
442
3765
3204
314
1438
2806
997
4118
308
3530
1391
1988
91
945
4131
2161
2448
3777
1387
3154
1074
2071
1614
764
4078
1221
652
832
1588
705
768
2095
877
1167
1350
2443
794
4126
738
439
109
471
1059
215
2000
882
1129
3946
2245
3665
2597
3684
2617
276
4096
2583
878
635
413
3040
1190
1165
114
1222
2233
2814
2643
3685
199
2039
2193
1290
1016
3153
2253
2677
3003
3092
1939
1070
1976
3257
3744
4095
1287
158
212
646
2931
172
94
1734
3504
1897
1713
3608
458
3903
1200
3302
1579
621
1419
2783
2532
542
3897
3880
3649
2391
914
2166
2515
3557
3129
3915
1365
2248
1017
2137
1062
1917
477
957
216
3198
2424
819
2421
4048
2413
470
3284
531
4001
1401
1771
3982
2476
1832
3727
718
3229
2234
2651
3274
3097
980
2547
1248
852
3971
3856
93
448
2327
2877
3688
1329
2163
1487
3470
2833
3760
2829
2201
3170
2570
3862
255
339
1474
941
3335
4071
3494
2979
3096
1772
98
1702
784
80
2434
242
2473
478
1858
245
620
2115
3720
906
1307
453
2580
911
2022
1220
3240
1881
3623
2781
418
2380
3212
1491
2184
2428
3361
2704
1269
2270
2987
3190
3498
3147
2176
3497
2790
2410
1446
553
3292
716
2988
2525
1362
987
4035
1421
2910
292
2600
823
324
107
230
2722
2839
723
1759
1061
1506
2536
3200
4002
3344
1558
614
2807
3542
2293
258
198
3827
1643
3186
1515
3078
2447
1996
3217
4122
4097
2787
1468
1182
2367
1554
2706
547
2701
3893
3983
2606
3125
3651
4109
518
133
2745
2433
2573
32
1058
2465
1836
3478
3548
827
1178
3661
3372
2147
241
320
3554
1860
1989
16
1275
3286
2154
4067
4089
2618
3410
1393
508
801
2123
539
3493
3116
377
1299
2180
4030
4038
3637
1651
3311
124
2495
703
1526
2011
3549
2591
1790
1694
3400
388
895
2288
1990
3650
3330
879
29
893
2106
3261
3203
1952
1342
2216
3808
138
554
3700
3024
578
565
3445
1309
1808
1837
1137
3365
3174
1764
2450
3565
2952
897
2849
2431
1368
3079
1804
2407
97
417
1982
2209
4058
1044
1289
3721
3303
2069
2100
1425
3112
18
243
2415
3378
756
4113
552
3195
3924
857
2941
2355
1356
3787
1669
2319
850
1118
3938
3386
849
428
2692
3350
1488
2899
2940
3927
3276
1066
2387
414
4052
2173
515
3575
33
3573
2670
3869
1498
3100
1994
1047
1829
3675
2973
4114
2559
789
1301
28
781
3702
863
2117
2047
566
2043
853
3884
2081
926
1752
1754
2031
1799
2418
3394
1414
792
3336
3632
632
2295
2414
3288
3119
522
977
267
2381
1259
1723
3405
1109
306
2514
3145
3347
564
321
4040
493
3619
750
900
2051
3640
1869
2868
3967
494
1431
3364
3657
3908
401
1878
3679
2773
1172
3704
3165
3958
311
2142
132
1958
1270
3059
2727
1239
382
3351
2730
1206
233
3737
889
3193
834
2219
2109
4062
612
2528
3456
666
2723
700
2882
3333
1899
3369
1613
2661
3950
3991
2585
2107
4021
3000
610
371
1436
1319
430
1477
1010
548
3146
2492
501
1478
288
3811
249
4115
551
4136
513
3343
319
3418
3970
730
1951
2229
2739
1766
2187
841
799
962
848
1475
2678
1462
643
2837
1907
1291
1911
1848
2626
1492
3218
3998
806
2644
2136
3250
1657
435
3063
3291
3244
2477
66
1538
961
3521
227
3691
2303
159
973
1565
986
225
4106
1473
2943
1597
3791
2309
1191
1240
2662
3990
1130
2369
179
1189
238
3711
3659
2021
2683
484
1673
1975
2852
4112
1852
3901
2408
2513
4153
3273
3036
1158
1367
3032
3774
2225
4155
162
4116
384
1429
3568
4141
3029
1271
247
1341
2006
516
1116
127
2032
3246
3103
3604
4042
2870
271
2633
2521
1102
1991
774
4003
307
2239
1375
4150
3446
14
2296
3191
2875
3669
1626
2523
3115
656
2466
3412
2508
2360
2916
2743
3713
1769
3503
1452
1853
1580
3786
2299
2124
200
3595
2747
4063
472
71
7
3434
3278
2588
3214
1461
1177
866
40
2611
3867
3099
2004
3104
140
474
2324
3591
1225
2740
3340
81
2726
2453
2874
2066
625
770
3060
733
3140
3986
910
3900
3931
3975
790
2165
38
3846
3259
3817
1963
1104
433
2716
1895
1600
1555
741
1420
1302
2680
1333
3932
2750
1085
665
3599
2842
416
2666
329
1320
4009
211
3770
2489
2782
4094
773
2318
2347
3860
3593
2158
1124
2835
2876
1303
235
3508
410
20
497
2998
1202
3896
3925
1175
2564
1154
2490
924
2844
424
2259
3615
1282
456
2108
2333
2038
2103
1360
117
3885
2063
3230
3881
3139
3366
1905
2056
2118
4054
3960
3693
52
523
3939
104
2731
469
2830
2073
1297
3550
12
752
303
2499
3793
237
1494
1979
1216
2361
605
2725
1966
2964
486
959
2028
969
1408
3295
3253
2713
3610
1644
1525
3247
13
3930
386
1785
838
778
3997
2642
347
3319
3572
785
3280
3005
440
2682
3898
1978
1590
2903
1147
1504
2282
4130
2948
116
1136
178
2955
1624
811
1340
535
3544
1187
392
2912
2212
2660
776
1400
1577
1246
3439
2451
2101
1744
3009
2425
1603
4055
2027
482
231
1267
4004
3427
4034
1480
464
933
815
1035
2821
3201
1955
3122
576
3001
1904
1331
1781
2610
1877
4090
1889
2711
3561
1441
352
2636
2995
562
3471
1627
1535
1390
721
2966
189
3239
2214
3921
1916
1314
1527
1395
855
913
760
1709
326
3627
3962
1179
761
3417
968
2325
3254
3757
6
1701
3270
3683
533
1330
1859
1107
693
1584
1919
1660
3425
3232
3056
1084
1947
2760
4023
736
3438
3219
696
1295
170
3540
3804
1700
2268
3473
1337
1921
1336
840
2398
3151
1119
3922
3298
514
60
3485
3883
617
3223
4005
3243
3290
3725
2129
176
2668
697
3974
3360
637
674
2667
3017
1357
550
3466
1670
1418
56
1856
498
476
4075
1595
2261
1636
2873
3805
262
195
2120
2695
3629
2488
2681
1353
1374
3124
800
795
4142
1100
876
1169
3976
2135
1816
253
42
1163
715
1642
1739
3551
1352
2291
2365
859
1746
360
366
296
2182
3843
597
1027
1388
2504
294
2393
3580
1019
2775
278
1749
4032
735
2090
3624
1786
1753
2688
467
873
3917
459
196
1863
3491
2230
932
2848
1517
3836
952
2965
590
3041
1256
2444
1510
2631
3163
1831
2686
4119
687
711
3162
1036
3224
3317
2384
1183
3098
3179
626
2383
1775
1236
1668
931
883
2647
1648
103
579
1457
3006
3012
3886
182
496
1323
2145
3718
1379
1791
1689
4044
1490
710
1351
1813
2884
4073
62
651
3480
2020
1153
2119
2605
1777
1052
332
1730
1545
2853
3061
1655
3216
2939
4087
46
444
2774
2505
3779
2891
1347
1715
357
1741
2886
2417
3411
782
3390
1466
2502
1806
4031
1594
557
4083
581
1677
1055
609
575
1645
209
3159
131
2262
724
818
3574
1621
2928
3207
2822
4057
2167
1382
2904
1805
3531
3733
2652
2664
1023
1204
1386
3865
807
3622
1582
3318
3202
722
2827
3866
3248
2018
4074
3914
2236
3558
2044
1971
4146
1857
2703
2312
624
399
887
4156
3729
396
1253
1164
544
2371
2629
586
836
3206
505
2435
642
1394
85
1294
2217
3383
446
3126
1589
869
810
208
714
529
3192
851
3616
3949
2013
3487
1193
775
2138
3251
833
2374
2400
383
749
473
3026
2464
3413
495
447
2188
483
713
3722
445
584
1502
479
2395
1522
1377
3089
2242
3008
1915
4120
3287
3678
1862
965
3136
3483
3329
787
868
1823
3283
2840
1004
4066
3613
3433
1918
491
3401
2977
1927
2976
3987
1091
3562
2724
2614
1524
1505
3142
3978
3868
2174
3602
3545
2696
559
3801
1344
1892
1370
2628
2838
3387
4079
404
3957
75
3766
3309
3479
2335
1231
35
1503
2339
1284
1143
3598
1343
425
2598
374
1093
3420
3848
2002
593
1280
74
4046
1476
2538
1249
2757
2784
449
1198
3184
503
412
346
3252
3313
50
2574
3084
2089
2766
379
1912
3043
57
3080
431
1824
171
3933
2034
1443
145
1995
4107
560
4088
367
2009
1135
2331
1755
1192
2049
1703
207
2592
3167
769
2266
2749
726
1969
3482
1843
871
694
2235
1298
639
4080
345
1300
489
1682
136
387
3682
2535
2401
3363
706
4158
3172
1250
1639
369
2370
1719
3236
511
963
3715
2196
1929
3285
2550
3180
2624
2
3514
1051
1683
2729
2659
856
1822
3951
3839
2471
1326
3535
3832
407
128
1901
4134
1485
3213
685
4056
1891
4121
1761
3844
1014
2982
2050
51
204
677
2522
786
1186
49
3511
2859
954
950
3778
995
3440
1811
2810
443
1652
822
2438
1616
884
1144
2565
1073
1049
1941
2914
427
2153
1232
2581
1268
3187
299
3825
3107
3772
3714
3516
3712
1196
1711
991
3863
450
3455
2758
3374
3018
286
2429
3746
1040
1997
3546
2767
901
1628
1880
3275
3338
3044
864
3690
631
1902
2816
947
3127
3075
2402
1228
1470
1103
589
783
3816
3660
3450
1106
1188
2055
1358
1226
3517
1718
2322
1038
2679
3952
3067
2898
2305
1497
2527
3117
2223
3828
1838
2467
151
3654
168
964
1592
2511
2300
2351
747
2372
139
2440
1788
2276
899
3322
3979
3019
1937
1587
254
2920
1218
3785
1217
766
1695
2809
222
1065
3529
2067
1680
3348
5
2961
1795
3070
487
281
3281
2936
1067
2070
2894
3215
3664
2386
1161
2645
3490
3910
981
3121
3068
1406
2650
1750
953
24
1962
4140
3
2996
2752
2195
2520
543
798
2918
1146
3407
3077
2059
2813
2717
3985
391
1571
618
1321
2533
451
1126
2134
2630
2595
2376
3269
2599
3486
2310
1199
1803
1214
331
2632
323
712
1728
695
1706
1237
2308
1656
1114
1366
2168
2937
3384
702
4154
1018
3655
3963
1411
405
2058
1867
3988
2845
1633
166
976
309
3183
690
1542
903
3111
269
2625
1349
3726
2908
2045
2621
4132
3042
3662
1005
2150
860
3143
1039
92
180
2082
1022
664
3597
3584
951
2332
3233
1712
3013
257
3524
460
1932
113
1380
1281
561
1835
2869
538
4
72
907
2718
3800
4027
2452
1849
1194
1879
218
3306
757
1890
3536
197
2341
3442
740
2094
990
3555
839
3379
2455
2672
1926
3710
1021
1609
293
26
1520
1064
2470
4018
2052
880
3672
1570
3160
1732
3064
2479
1026
3891
2290
1663
322
353
119
3341
3783
3537
1383
126
3636
1276
3822
3185
2202
3680
2399
2518
2959
3851
3435
1906
2017
213
3929
1511
569
3049
2344
252
3852
3928
1348
100
3556
232
2363
3375
3875
1552
3859
2364
2131
1489
3534
1949
335
368
3393
3705
2170
1012
1886
858
691
3492
1934
3373
2922
1792
1704
2298
536
1960
2805
2358
1914
3837
3265
3878
1513
2883
992
223
2497
4133
3764
1171
949
934
904
2014
4098
1363
3569
1696
2075
2543
1500
2771
2462
1484
3780
95
4006
2171
3894
3120
1101
574
2665
2329
3499
2975
3443
1686
2186
1793
1447
1279
4008
2911
3911
84
3428
219
809
3858
1830
1747
290
3468
2252
935
337
845
916
2763
1573
3583
1922
2541
692
3262
1998
3788
4085
334
154
2061
2342
2954
153
274
989
2220
2162
1112
1117
101
944
480
2498
1255
2215
3023
2281
2691
645
613
2003
1893
598
648
2909
108
2905
2553
3512
2311
1797
1345
2485
549
205
220
3697
2994
3016
1224
3740
3936
312
2710
1850
2337
1735
3241
2748
3566
2469
2548
3055
1763
1148
2984
1288
2698
3155
3609
3769
3047
2534
3331
3228
2811
2377
507
338
3644
2422
2228
2951
1622
3279
3681
1372
3415
1031
1953
3234
3197
2104
2143
796
1215
68
1306
351
1676
2700
4076
2113
657
909
3882
2267
3823
1424
2463
45
1687
2375
825
2858
3072
2178
236
2179
3062
3395
2689
1029
1426
1435
2694
3776
2210
2205
2240
688
82
1068
1332
361
2350
3732
3038
1449
2403
2122
1602
1685
2947
1779
2468
1208
1984
1986
2144
3258
3755
3919
3339
2921
3076
3748
1210
3520
2887
1229
2287
1861
943
3612
1523
2509
301
1054
1569
1278
1113
3500
4065
1460
3571
4092
2762
1560
2693
1825
3050
1874
3357
2283
2334
4147
3448
2116
3476
1948
2132
599
2687
2275
1659
2969
676
436
1611
1308
2902
4148
3768
1079
2409
1417
3739
1328
2602
2306
2744
1359
441
2102
1464
4007
167
2206
3626
1885
734
3314
15
1690
2915
3346
77
974
3630
3984
41
3297
2596
1738
2057
3813
2345
3923
2737
546
3803
966
4011
3034
2474
2604
3818
1120
362
272
2897
2584
3087
2227
3380
2847
2091
1767
1692
370
1000
3792
1534
1664
1961
2985
2831
898
2222
2579
2076
3993
668
1957
1121
1227
1549
4103
2199
923
3141
627
3767
1098
2177
1501
2551
3402
3533
373
3899
585
4049
2786
3586
1828
2304
1315
3327
1691
2791
3635
1796
173
1705
745
2491
1096
3182
1448
1612
2603
2482
2035
3821
3887
2029
3840
1855
1030
2269
603
946
3397
148
2105
2460
2956
955
2001
2159
2634
2192
805
3945
1508
1233
817
2880
1845
1245
2096
2072
4101
1312
194
2798
979
310
1469
4099
3022
2640
885
3812
1150
2263
3451
21
928
1195
896
4143
1833
289
1638
671
3057
686
3942
3904
802
287
2405
3235
2622
2544
1634
4091
2676
39
3876
2461
270
984
2663
3518
3082
3226
894
426
4151
348
2736
2060
3743
3784
1257
779
2412
2250
573
1258
2906
3164
1778
1773
355
1798
3227
1980
2083
3110
2980
892
1339
3639
1631
2437
492
156
1531
1409
1720
3238
1817
1724
282
2967
4127
1865
667
2483
191
336
2221
1533
3027
1593
263
2271
2255
3337
3323
1550
4070
1959
1903
3148
364
540
2265
187
1458
2092
739
2244
3474
214
3943
2990
3526
3854
1078
3496
1532
644
1140
87
411
3293
555
1632
3799
3045
1168
161
1234
2623
3847
572
2321
3605
3171
3795
763
1973
3325
2494
2992
3633
3173
4157
1841
422
3806
2015
2531
3444
1583
4024
1630
3396
83
601
1968
210
4110
2855
1176
3221
3423
53
1935
4033
277
988
2218
1710
525
1681
389
1499
1987
3961
1717
174
3699
2554
1944
650
192
2892
1557
96
3781
1407
1430
1128
2368
2224
660
2808
3299
2671
1083
3452
313
59
3694
1649
4068
3628
1601
202
4072
1048
3796
268
1355
4060
999
1757
2098
556
3039
2949
3638
3007
3652
1262
2077
2932
3798
3999
1585
2571
698
2189
3484
31
2590
3532
3225
3205
2285
1071
921
3030
1241
2567
640
1403
130
2256
3256
2426
3424
265
2685
837
4081
1389
793
707
4111
1661
2396
2825
1972
2639
1896
1574
2732
1041
1607
1714
3237
3968
402
3102
719
2765
2888
3385
3742
3028
1264
930
1814
3563
1782
530
224
1617
2019
587
1060
3118
3489
2562
1132
1317
3095
2720
1439
2354
63
342
3523
2352
3735
821
325
393
2587
1514
1868
3321
188
1260
2062
1910
2778
3989
1265
2330
2459
1072
1930
203
919
4138
3085
681
2586
2141
10
1640
3431
2427
4137
2079
3502
3300
3620
79
1842
3977
3841
344
2885
2457
1566
3807
302
2938
1011
915
3621
816
3176
1152
2500
2609
2656
3564
3114
1684
2172
341
1115
2575
3912
3074
2707
2799
929
2971
2249
3833
3326
1671
88
3188
3723
2582
1851
583
592
2140
758
2789
1354
4059
3267
1762
1455
4026
679
1057
1743
356
1674
1197
2114
2313
3271
415
3426
1230
3994
3312
378
150
3031
1954
3209
90
1876
3004
828
4086
146
4039
3809
3086
4077
1399
3708
3334
2913
3156
1854
2323
3955
1162
1521
2226
2197
2832
2419
395
659
419
1235
3614
1180
462
3553
201
753
3873
432
1453
423
886
971
2152
141
481
3934
2169
1818
3510
457
541
978
400
2198
1561
1567
221
3698
2834
2211
2561
3422
3601
3093
409
1716
824
1361
1698
169
3590
2486
3101
3892
3081
3461
30
2861
532
1006
2524
1518
2024
2986
940
2893
1981
261
2512
2690
1311
3071
4128
1596
1540
1726
1434
1619
3048
1992
1404
528
2406
2721
3459
1610
1721
3849
3830
755
3853
3944
3033
1801
1037
1847
3567
3157
2929
967
1780
2156
2648
3826
175
754
3506
2016
3014
993
1015
1933
2442
1371
2803
1516
3358
4012
112
2203
163
3208
372
3196
3409
2279
3538
2030
1003
3352
1789
512
3135
1156
2879
1076
847
1069
2815
3541
3673
2800
1784
3296
1913
854
767
588
2733
1496
3941
1807
291
1046
3454
2823
1020
1405
2297
251
1092
3617
3909
1931
3091
2390
1543
3905
938
2594
2506
2881
2097
3429
4159
3647
2493
872
2768
2828
239
3199
2208
3670
3838
3437
2274
684
4029
1908
2889
3025
2658
2478
1416
3399
2612
517
4019
2362
4020
1553
2818
3210
2735
4108
2934
2519
34
2601
2036
260
2657
577
2856
1563
4149
3642
1802
1304
1956
3980
1456
3763
1013
2958
905
1334
3113
1678
3475
3051
2392
2273
2978
2130
73
3895
1940
4014
3870
2204
463
3797
814
1536
106
2315
1964
3701
1591
3969
1483
3594
3175
4017
2517
2379
2232
3362
3066
3578
2619
2942
2560
2053
4123
1637
653
2343
2593
1758
2394
1318
1736
2302
4129
2945
3676
737
99
1872
2741
3552
2812
160
2960
2769
3391
1819
3457
3653
2146
123
429
820
4093
3728
2328
2867
2788
1063
1095
748
2850
1725
4028
70
3453
2025
1373
1131
300
780
1252
2576
2148
1586
2503
2669
1925
3824
4145
3648
3002
2007
504
1207
2702
3505
1305
1166
3547
1812
537
376
3161
248
3570
1316
2251
865
183
4100
2983
3368
1025
2439
36
2068
3754
2441
1108
1641
641
275
3178
2516
3320
475
1999
1544
2907
86
2436
3618
2065
3245
629
2820
1125
1
1184
788
2338
936
217
3152
1423
1142
1088
61
727
1157
350
2086
3416
485
615
1481
2970
1445
2857
2930
888
3354
521
1618
2673
2962
2972
826
3864
2792
3658
3663
3645
2796
728
1459
1089
2446
2637
3810
2080
2542
655
3404
2181
4082
2627
1733
3592
1007
4045
3831
2620
1111
1422
1898
2777
1740
1653
2286
1605
2854
2900
4050
1737
43
397
519
246
4061
3054
3083
3403
2742
454
25
2843
2257
3432
19
2719
600
1211
1708
3260
1977
461
1151
3381
2373
157
2093
3794
3666
2526
3150
1568
144
520
2164
229
2577
2819
2160
3507
608
1293
3477
2088
102
3304
1647
2454
2957
2896
3820
2754
2411
4125
2207
861
3388
65
2780
1384
3392
343
1412
1286
2484
2862
465
3137
804
2919
2480
1620
658
669
2472
2997
2684
1247
842
3355
3528
1451
4010
2243
3802
1327
3458
1945
3272
2555
186
1604
1086
654
890
939
3692
2927
2507
2963
1924
3414
1783
2836
3877
3706
2183
3495
363
3775
2772
3956
297
330
831
2608
27
3131
3353
3576
3750
1134
4037
3522
771
2557
3707
3581
3398
1325
3469
2926
280
1776
2568
177
3966
385
394
1967
1615
434
2794
673
1050
438
2613
1654
1756
994
1127
2133
2917
975
181
2348
2755
3916
960
2078
234
2040
1324
2589
1090
1266
527
285
54
3819
2037
2946
1413
1261
3695
250
1205
2317
2023
3577
1650
1559
558
1482
3376
4041
2770
1097
3282
563
3918
2301
743
315
3294
333
1539
499
3345
3730
1541
1454
390
1212
751
596
1578
4015
365
1110
3211
3696
2139
2125
1900
3953
122
1679
2099
1032
506
193
623
2054
1170
661
2111
709
2389
791
1529
76
2674
2753
1219
956
4135
2925
1635
2866
1809
636
2432
1427
2675
2935
3734
2539
1272
3462
1629
3790
1530
4053
1760
2968
1938
1564
2871
3463
2615
420
3149
1768
466
1495
1826
3631
4013
1942
1658
2802
266
2649
3010
616
594
3543
2944
3996
240
2878
3656
47
1821
1974
3814
3158
1770
3745
