264
132
613
21
600
767
1067
597
846
841
1085
138
448
785
1049
478
361
1006
571
553
16
532
382
738
171
694
864
782
502
309
808
102
285
1014
1083
178
14
975
591
617
428
633
589
497
792
333
590
551
1092
673
725
158
867
1093
290
1027
267
557
528
943
12
35
730
244
1094
728
94
255
143
980
340
140
148
650
237
773
142
477
570
98
393
548
1080
427
439
219
335
556
530
677
395
496
936
923
778
855
268
1107
397
664
541
689
536
883
384
429
288
520
661
690
683
588
112
538
69
761
412
1105
458
907
667
1071
445
459
957
193
505
1079
214
603
543
71
1068
114
88
169
136
860
861
802
206
568
517
655
899
680
848
8
488
260
1110
359
480
605
26
263
753
580
408
834
322
85
519
498
350
974
1044
762
840
97
354
748
274
598
1023
917
789
329
2
927
1009
465
721
204
984
401
890
203
42
418
637
1090
373
929
402
388
657
547
113
716
593
791
77
999
774
676
246
126
199
40
978
370
404
1040
164
117
991
752
938
493
821
434
472
141
1084
858
293
826
508
719
874
514
641
1036
620
901
635
828
684
426
357
701
240
457
341
511
944
987
297
715
1046
228
718
971
453
896
460
356
663
437
230
10
261
565
342
89
682
829
1019
734
212
352
831
804
579
499
368
210
941
374
754
857
919
805
166
243
224
38
533
283
327
897
644
360
486
339
152
387
838
41
510
806
839
1016
86
96
1042
6
784
742
483
343
879
1089
198
251
1003
1078
810
747
220
651
392
306
209
187
609
32
205
947
302
921
679
933
1077
1005
461
172
466
181
621
217
294
407
566
355
383
1008
165
320
129
45
628
922
43
161
1007
1058
450
1034
127
914
1075
599
462
55
201
757
529
282
849
727
823
415
755
798
825
750
153
552
489
631
809
569
997
643
583
889
11
962
31
17
57
797
733
595
687
303
563
910
770
39
629
822
24
239
92
347
308
307
292
607
575
1004
366
273
27
336
1020
367
581
768
173
527
1104
982
766
470
994
916
939
30
281
275
229
271
909
905
920
389
521
108
903
567
435
880
390
1112
594
406
1047
52
906
976
441
731
213
526
724
67
289
972
998
1088
481
749
252
662
866
376
986
180
915
358
25
150
54
898
176
668
985
386
311
524
431
1096
544
125
925
159
369
149
119
284
188
1056
332
596
313
606
232
207
1048
64
862
1031
29
659
934
446
315
286
688
476
324
133
993
265
379
109
800
87
400
1087
522
1010
314
321
1030
744
1039
542
714
248
1102
167
405
154
1011
371
627
500
325
298
619
56
421
433
555
365
624
318
410
331
111
540
319
876
189
842
1
882
144
305
323
184
669
63
3
942
561
1069
484
836
658
950
1057
9
835
850
545
18
955
573
745
23
817
743
422
473
786
937
881
893
647
61
611
443
170
1091
469
811
795
930
277
78
235
812
872
820
1018
295
711
681
420
487
873
266
215
584
723
1053
256
83
139
116
717
964
0
878
970
509
775
771
534
300
485
685
106
479
692
191
506
482
891
741
81
965
1109
348
120
1066
856
378
772
310
1028
65
419
1108
616
157
666
270
436
326
241
951
815
918
196
146
417
699
414
756
160
554
712
475
503
759
549
564
961
979
654
895
13
99
877
776
194
190
1060
945
353
833
416
1021
1062
691
186
280
312
777
608
626
76
807
832
894
394
304
430
956
515
720
790
732
175
926
262
513
363
464
1037
48
44
604
135
884
236
4
969
182
1012
95
107
977
396
279
33
1111
93
788
197
1059
735
992
868
104
793
706
614
330
623
653
103
952
375
247
162
665
28
151
68
440
875
1025
799
128
409
559
398
587
183
615
1013
338
364
131
5
546
854
642
585
900
222
1101
652
632
218
1061
670
272
134
634
702
372
105
15
852
572
886
216
233
1029
425
424
640
602
940
452
847
1035
845
242
704
871
560
794
200
981
562
535
399
830
988
411
824
155
819
156
468
1074
700
686
1063
385
1038
1050
710
185
1054
345
1099
707
781
257
46
649
1070
234
491
959
74
7
578
1065
124
495
574
299
238
269
22
432
803
989
705
70
837
859
110
1022
678
444
463
618
72
577
1017
963
960
467
1103
79
913
739
601
75
814
123
179
492
949
696
645
73
115
539
490
1098
226
174
888
779
827
1015
192
765
902
908
130
1081
20
145
254
249
550
758
622
504
516
100
227
34
646
118
202
709
47
66
377
769
703
967
995
636
639
53
380
328
904
954
1082
101
708
474
865
447
610
787
278
1055
455
51
698
512
163
693
885
660
592
675
912
276
84
1052
990
291
656
1097
60
454
501
195
892
362
137
1073
966
801
946
296
648
612
50
351
223
671
1106
625
983
90
1001
911
931
1032
740
451
935
783
82
853
996
413
507
1051
760
713
168
225
537
91
816
438
19
737
80
316
259
851
729
423
1076
697
494
403
763
1033
1086
1041
531
674
62
59
870
576
1095
37
518
1072
813
442
349
1100
818
381
177
630
843
968
317
887
796
638
334
449
672
525
973
1045
1002
456
726
344
1043
924
58
231
523
751
736
221
122
558
253
1026
471
780
1024
746
863
250
346
1064
49
258
869
932
948
722
764
953
586
928
1000
211
121
695
301
287
147
391
844
208
582
245
36
337
958
