515
800
1045
727
199
506
1032
536
100
485
116
878
1099
777
857
751
608
885
583
677
722
1013
259
535
1097
1091
749
684
498
414
106
682
981
461
494
317
328
13
373
977
845
507
17
455
244
905
959
804
887
1102
557
458
694
385
365
940
652
676
667
239
847
242
313
827
138
130
838
860
475
119
99
964
137
597
1080
1038
1031
592
1047
1064
545
508
282
109
133
698
463
1068
1069
916
742
6
828
776
176
579
348
719
607
1094
1049
314
958
419
425
681
798
223
527
27
650
670
243
766
1057
185
49
216
246
76
446
240
952
272
51
392
71
967
736
181
898
58
528
319
128
852
1042
380
699
278
245
877
411
631
580
212
543
1004
457
177
948
785
484
247
41
1014
403
621
200
118
1065
101
503
778
10
253
893
174
848
623
293
207
75
873
29
669
933
1061
908
1034
173
770
596
701
179
409
1025
369
315
322
407
690
343
1016
915
465
294
1010
78
821
141
1005
349
978
8
836
741
1040
257
826
46
929
625
1022
786
251
1015
711
370
48
1078
598
136
435
167
168
169
713
612
944
367
1023
163
529
440
976
19
496
872
1052
907
922
584
1103
184
94
103
62
393
931
610
518
60
146
532
1081
220
178
188
514
117
489
839
157
664
487
33
66
1066
53
267
122
686
1100
611
750
656
892
1021
568
1050
790
973
408
971
437
864
943
250
809
569
451
336
145
398
558
994
1035
606
618
549
645
43
683
295
335
634
1077
81
1098
642
586
224
326
941
720
995
1107
444
679
632
537
354
65
497
771
591
999
274
261
984
307
1027
936
753
183
462
80
172
775
511
438
710
640
855
706
1036
346
1108
1044
763
162
208
292
615
1033
211
70
1074
674
32
445
714
950
889
740
180
685
273
947
405
733
546
1
309
658
863
140
846
509
643
268
420
629
969
1007
344
454
436
301
880
906
129
626
12
7
203
980
910
578
1001
728
340
530
794
901
735
979
1109
187
757
1024
552
554
227
84
918
115
389
371
355
476
795
930
175
204
671
38
410
609
862
21
237
946
564
426
717
938
666
14
829
774
851
350
20
433
561
961
894
526
345
1037
131
500
472
953
431
806
512
400
490
264
480
491
876
555
1093
277
668
914
633
996
890
504
201
325
832
124
441
1089
258
903
841
791
120
672
819
942
884
603
379
1110
231
911
772
842
342
921
739
808
589
708
337
471
1053
654
761
754
680
142
888
241
927
575
988
297
1106
288
985
716
923
639
773
424
135
296
395
644
970
1083
1063
229
439
759
151
452
780
542
1072
262
486
563
139
82
627
1073
501
147
205
386
473
164
768
423
874
381
1008
37
232
767
202
218
538
966
170
991
572
195
709
68
585
920
353
61
919
900
731
782
567
143
837
814
797
134
779
854
341
576
912
363
442
474
356
833
963
121
869
547
153
665
102
882
1112
466
318
448
427
377
762
840
692
601
602
171
92
1092
533
248
870
192
191
158
628
263
517
989
835
723
189
495
1011
384
374
111
430
213
126
687
856
123
323
417
934
479
330
784
329
499
429
675
98
705
64
428
539
619
152
1095
249
1062
347
689
77
823
97
45
284
559
524
311
235
221
822
955
372
830
616
434
756
614
96
577
63
696
265
897
11
843
69
531
825
954
401
630
44
956
233
193
746
334
935
620
382
376
917
523
1105
125
975
483
305
443
357
594
909
605
339
236
812
613
949
72
1029
73
792
67
421
1048
360
1055
160
662
638
807
352
416
646
525
513
161
548
990
653
789
194
460
127
85
198
30
447
939
378
1003
764
551
1071
765
810
755
648
456
55
1101
816
276
624
962
22
510
375
359
492
875
902
182
729
1000
252
896
217
327
622
402
972
1085
108
651
968
110
1017
1002
493
635
321
222
647
593
718
983
266
562
478
306
817
16
505
556
280
5
83
114
853
726
3
234
641
721
310
1041
31
54
25
214
831
298
866
351
1019
154
225
595
89
998
858
432
0
165
361
285
481
406
23
93
107
397
289
732
304
904
210
464
637
422
871
219
541
453
42
834
260
291
256
331
926
366
148
2
56
818
743
520
159
945
149
324
758
368
781
468
1026
299
544
88
316
663
59
636
521
1030
997
604
982
488
937
104
1056
482
1096
279
588
477
1079
951
738
571
470
254
1039
974
1111
228
760
1082
105
793
581
4
587
868
803
865
700
90
1060
150
155
849
693
1075
986
815
712
91
879
796
413
1088
450
39
695
362
813
582
850
744
599
449
724
534
469
987
861
925
132
206
787
387
1059
1076
703
1012
34
269
333
197
899
312
565
303
697
688
737
783
9
270
255
516
805
320
1086
74
383
932
28
209
40
396
391
707
275
281
673
730
300
895
957
725
388
799
230
1006
519
196
752
1090
238
338
112
271
660
302
287
992
867
79
747
52
802
113
678
190
156
290
86
95
702
1058
570
412
769
15
1104
993
691
704
1067
47
1043
186
50
35
617
1046
1054
166
394
859
913
553
1051
573
1020
1018
283
734
960
590
661
824
399
657
36
745
390
215
18
1070
226
57
502
87
1084
928
144
364
600
886
459
715
418
1087
404
1028
881
820
358
801
649
891
286
1009
811
540
332
655
26
560
415
965
883
24
467
566
522
924
748
308
788
550
574
659
844
