622
166
935
275
504
923
595
911
456
44
553
362
146
981
938
171
294
534
75
696
239
882
192
887
847
391
615
491
5
638
1096
1037
505
408
834
1017
1111
483
448
1047
769
673
561
386
400
74
765
975
117
642
390
644
288
373
718
893
1073
66
878
1107
798
821
1055
262
284
401
378
515
577
884
986
669
599
1008
816
472
948
22
217
234
334
248
562
905
849
177
206
502
107
623
529
296
1044
1015
238
705
693
163
866
873
1095
967
1097
641
1013
183
496
1045
733
702
854
602
46
1081
570
763
810
591
179
285
277
580
552
670
507
992
212
937
1104
1063
1082
781
865
688
963
671
357
910
637
221
263
584
751
492
845
757
576
175
1076
716
63
658
158
643
356
346
293
770
20
648
675
308
50
0
236
613
917
635
546
90
392
540
646
37
666
869
1087
97
253
500
631
116
880
843
709
825
445
974
1019
538
729
1036
833
748
51
503
138
902
121
488
1
244
660
759
4
478
969
252
605
354
867
756
836
730
983
1012
123
925
1105
915
1009
957
279
717
1071
700
542
752
223
860
225
659
774
295
35
159
3
254
838
784
998
168
564
435
191
689
1070
1098
611
174
414
587
169
306
559
98
53
317
891
381
350
607
219
841
40
604
407
941
406
954
58
199
511
953
556
11
323
336
683
1079
1094
1024
895
1064
343
24
180
145
579
824
404
1016
727
399
1093
29
48
744
479
113
628
899
38
724
875
302
600
1108
662
385
155
819
970
216
379
942
371
1049
513
714
571
1090
621
601
475
237
803
634
594
482
1043
369
610
985
250
393
988
560
980
657
663
636
229
1005
36
271
6
480
243
1018
720
1099
10
735
924
304
454
629
796
309
387
313
93
376
220
8
1041
596
215
593
1011
706
1075
508
457
731
194
558
43
680
999
857
1034
33
664
374
498
411
226
142
1023
868
647
283
809
791
822
1110
438
330
654
704
485
633
337
465
463
1057
1085
852
789
193
745
699
424
56
227
776
469
728
842
914
59
83
415
536
84
892
147
476
19
303
21
321
1021
143
672
68
799
897
273
405
1050
382
1001
802
31
535
874
431
582
201
526
278
768
767
755
883
156
945
439
736
698
298
692
70
1031
904
1040
430
89
359
650
1077
754
200
375
1042
417
598
920
554
205
597
466
203
324
927
380
537
1072
797
1084
691
340
813
486
320
616
578
326
94
912
906
423
520
592
23
898
817
266
307
858
257
45
921
335
1051
1109
361
707
950
815
164
292
519
977
916
777
322
1033
588
353
814
805
762
427
154
452
695
299
1061
608
96
829
111
481
532
861
517
441
41
71
1027
779
930
1089
314
786
994
269
801
137
493
531
811
996
785
548
152
711
932
740
877
547
355
67
606
766
207
1066
471
1007
342
276
139
573
446
760
896
879
1030
800
764
251
495
270
747
497
231
182
612
418
1003
300
301
442
242
85
213
775
80
771
377
72
140
265
685
936
979
461
259
261
176
153
47
165
823
358
761
512
55
712
434
470
118
931
403
1032
1059
105
965
77
127
1069
958
565
312
1103
360
232
567
890
575
54
144
349
886
989
674
110
195
490
991
347
60
287
79
864
788
7
653
247
620
87
684
280
412
39
903
128
1101
214
837
839
114
258
344
1022
305
413
422
453
384
150
851
395
808
129
790
1074
1083
510
566
198
676
455
889
161
530
533
523
1004
518
947
723
919
1053
290
81
742
1014
473
397
398
310
987
900
131
42
888
409
9
282
835
793
151
909
933
372
516
204
1006
901
850
484
1062
464
178
885
973
99
34
328
104
750
710
1088
697
929
772
433
667
624
574
787
218
572
617
1029
1065
1000
281
348
630
209
468
1086
106
389
708
188
563
701
133
115
844
187
661
444
968
368
918
477
49
738
522
30
527
327
583
632
549
955
773
928
91
329
268
804
196
853
208
1035
871
318
856
416
687
437
956
351
210
1002
14
1060
795
966
316
291
541
907
420
32
494
410
984
946
297
681
331
568
135
944
267
971
870
235
339
682
185
489
609
859
569
432
429
256
102
749
125
170
655
922
202
62
181
627
315
590
1102
249
364
557
778
509
1112
474
995
539
319
246
286
228
828
189
499
402
656
746
832
124
668
136
126
876
1038
440
134
1028
1100
524
551
964
741
840
255
652
426
332
149
1091
806
677
1026
827
274
130
753
366
388
1078
57
830
109
926
367
82
651
197
818
734
467
614
501
119
450
686
949
586
715
487
325
272
211
550
240
421
241
952
972
52
625
543
365
545
739
1080
1056
521
352
679
976
939
78
1054
619
961
61
100
603
783
15
1020
722
525
132
678
863
76
26
186
725
649
17
978
782
618
162
69
831
807
528
913
872
447
960
846
1058
148
458
1052
997
737
626
167
544
581
934
86
12
122
101
826
311
341
419
224
92
1010
451
1092
222
690
1067
962
943
363
460
112
27
449
940
743
993
506
65
190
713
1068
396
908
1048
881
443
345
703
589
640
157
514
894
959
951
289
855
160
792
64
639
120
172
230
264
1039
721
436
383
719
1046
812
95
645
25
425
732
990
394
141
260
333
184
16
459
555
428
233
28
370
982
88
585
794
2
1106
338
726
108
665
848
245
462
758
18
13
103
73
862
780
173
1025
820
694
