1058
283
77
493
373
593
810
49
675
119
503
267
771
146
428
289
76
39
449
374
351
794
143
604
26
429
302
680
1012
275
796
861
888
940
540
331
340
337
147
799
60
737
207
115
1036
525
1089
14
120
566
1057
53
88
385
666
1097
37
8
134
205
1088
901
642
529
613
269
846
523
691
1084
741
956
466
339
1030
638
509
634
9
274
605
626
597
1066
91
709
513
225
599
793
1086
690
967
124
985
621
414
445
136
630
773
273
747
807
400
841
921
682
38
539
774
448
494
363
739
84
860
746
248
594
880
155
976
676
614
6
725
410
767
241
375
543
475
928
299
1005
830
1110
644
714
396
981
507
141
249
1004
854
749
1023
572
598
478
988
499
40
679
442
752
891
512
551
1007
417
961
1071
163
791
377
280
454
483
906
882
1034
407
1106
601
573
213
995
983
821
508
202
66
99
537
844
108
199
999
1003
384
918
477
116
222
468
801
1017
859
744
285
865
252
511
441
776
581
194
231
740
347
1103
157
218
772
1053
268
398
991
179
317
438
162
243
934
117
265
153
625
947
721
452
203
87
57
1102
582
370
758
130
411
319
959
379
549
1083
535
292
738
969
966
875
547
386
1049
510
246
827
261
1054
69
144
899
359
1002
879
575
73
1108
751
30
424
212
497
603
1021
695
953
1040
723
759
16
473
303
245
71
720
619
974
806
660
550
943
713
646
138
103
1076
787
0
911
59
986
1069
461
394
505
279
432
784
11
196
590
1018
397
215
430
797
651
814
122
345
20
731
842
282
393
1090
868
697
925
699
1042
936
664
736
156
1082
870
589
817
320
2
1037
332
36
1107
17
233
368
845
717
932
427
866
733
1067
930
678
51
174
361
401
381
197
321
569
885
546
958
467
1085
972
187
902
684
262
263
456
404
314
514
72
521
955
693
281
316
288
819
251
150
22
520
1000
356
488
391
862
833
1072
938
290
334
704
300
342
308
169
201
421
803
576
271
496
435
65
458
584
255
977
450
632
982
710
455
434
1077
951
86
1020
937
668
942
997
97
96
13
185
324
756
444
971
220
420
760
236
154
105
639
587
1025
647
1060
181
1064
1093
950
735
808
100
872
131
544
191
596
326
358
349
517
559
1096
536
661
173
61
81
214
728
889
648
635
224
378
832
41
447
139
823
992
929
1092
195
822
330
518
700
1029
688
83
1063
3
264
786
665
893
592
329
515
12
656
315
616
354
307
993
914
734
532
312
259
804
926
1068
522
298
490
343
649
1027
677
692
192
965
462
1055
674
703
216
364
209
850
1035
440
56
85
848
876
90
19
652
816
123
355
663
480
883
1047
1073
779
658
62
1050
484
126
788
629
894
770
998
531
491
47
570
526
715
687
617
78
667
711
293
653
896
519
80
809
149
839
748
422
726
805
27
762
825
145
1022
871
44
931
338
152
142
256
362
990
1109
230
29
903
554
352
31
607
624
631
416
574
101
831
221
795
409
371
867
388
763
457
376
765
70
403
170
552
184
662
446
948
219
266
272
989
127
1046
820
172
732
306
655
849
606
106
818
567
1001
433
783
464
984
722
33
847
160
869
346
208
716
1081
705
344
946
719
672
182
46
318
5
133
294
79
305
780
25
443
730
313
534
1062
1112
545
125
82
838
694
643
864
387
74
611
778
479
1044
533
1009
742
1024
957
15
1041
151
970
524
659
612
863
837
161
114
350
408
247
102
92
250
204
1014
960
211
718
118
618
23
628
579
548
571
234
470
104
217
633
1008
707
769
486
55
431
21
696
75
227
620
561
390
257
873
295
504
790
1080
580
856
558
835
64
128
1100
296
516
645
24
766
764
178
798
1051
857
228
994
935
1098
353
727
423
1038
328
1031
395
577
811
1075
463
35
301
369
815
278
698
843
1
973
706
952
253
276
366
1011
1033
1013
528
568
623
50
498
585
757
406
1028
761
460
1087
556
1105
481
878
987
852
89
254
924
975
745
785
63
206
135
168
165
34
325
367
242
471
382
595
489
792
54
43
919
996
944
586
399
591
323
112
111
917
565
915
137
42
389
1016
824
98
459
506
164
383
1094
437
188
167
978
436
685
336
933
412
453
775
439
1078
1104
237
895
712
922
94
1032
67
32
405
190
476
360
487
900
501
238
1010
909
95
777
1099
198
910
171
781
557
602
683
897
45
186
887
980
877
304
176
341
542
945
1074
365
235
132
159
530
1052
177
782
754
669
260
800
789
166
495
686
641
223
755
670
335
853
654
113
609
52
708
107
333
310
564
829
916
923
148
1045
372
615
426
1111
724
1061
905
109
874
4
884
881
419
904
729
110
908
1026
640
418
898
608
380
180
681
834
855
968
964
1039
750
425
802
469
1059
768
286
912
327
657
886
920
941
277
1101
392
578
18
240
702
291
979
500
560
284
311
1056
583
502
622
538
1070
189
1015
836
1043
287
588
553
7
851
472
58
270
1006
482
1048
1095
415
229
939
813
140
10
673
402
962
963
555
1019
907
258
671
913
48
357
701
210
650
828
226
753
527
451
322
636
600
239
129
890
413
183
121
474
610
892
689
492
954
244
485
743
1079
93
858
563
826
297
28
200
927
627
348
637
175
949
465
812
158
840
309
562
232
541
193
68
1065
1091
