101
467
239
693
1068
548
258
1007
544
287
571
216
360
688
371
26
951
687
565
378
976
673
1015
10
170
108
540
709
520
559
801
365
880
850
209
452
754
807
1101
168
437
1020
629
1014
30
1001
1016
322
725
777
924
79
1073
130
184
180
395
818
637
244
432
115
1042
308
691
113
103
1035
281
640
962
815
15
351
658
556
514
795
822
390
1055
547
923
406
959
73
755
666
219
232
404
715
293
1034
377
625
580
672
528
927
557
538
645
300
1060
235
490
729
434
340
628
203
979
1090
334
186
146
589
1062
399
1047
1046
200
240
1087
821
194
291
606
94
95
211
260
960
689
417
277
739
542
133
298
479
712
964
13
427
939
473
620
988
1051
1057
578
669
497
382
724
870
705
641
1083
1103
1054
998
56
89
164
537
131
614
516
738
124
805
837
60
748
148
230
1082
221
364
444
1038
786
800
744
1107
141
893
83
543
295
873
368
1049
1092
350
1045
267
765
446
343
1070
943
373
64
808
149
572
579
305
299
246
888
436
613
809
566
413
192
204
271
20
61
533
657
1069
716
1040
117
447
242
1013
1112
616
671
1086
897
270
718
884
195
370
737
523
31
470
772
1012
1078
254
720
595
910
970
336
745
433
601
474
881
354
273
644
425
930
274
415
429
237
438
286
47
1059
16
560
400
349
383
713
384
764
202
1085
975
1025
1105
138
347
623
11
952
462
302
86
505
303
499
587
105
722
76
911
971
251
363
268
224
617
1111
787
397
3
611
468
1081
594
96
181
581
171
967
600
199
33
1004
517
1010
509
107
685
854
833
925
886
1084
402
420
290
853
125
763
228
524
269
450
546
0
874
592
1080
887
85
876
1100
63
441
19
836
315
143
361
862
304
759
196
849
926
469
401
1056
386
38
827
912
593
201
97
132
692
331
502
405
318
515
150
955
62
871
45
690
627
356
513
276
252
329
904
319
771
313
778
275
938
550
867
34
1018
920
981
424
992
872
68
129
422
828
120
574
430
372
889
790
455
618
210
2
435
325
17
1039
651
1053
207
412
481
570
703
694
679
555
92
439
463
604
841
87
605
529
785
128
261
121
24
982
525
476
111
851
598
852
74
501
569
310
864
914
263
1003
577
782
1021
545
746
198
311
929
996
770
91
312
67
488
245
475
183
396
835
214
498
1017
249
743
234
660
794
489
965
635
950
758
877
994
116
659
915
913
341
932
844
82
749
177
36
838
465
179
355
41
806
767
443
139
723
612
416
977
1106
46
492
823
534
714
1026
391
948
652
812
668
549
454
733
947
648
321
185
379
21
43
987
858
265
539
636
480
389
279
855
284
491
831
285
752
810
99
407
551
344
316
1044
104
189
949
122
81
280
152
882
314
789
532
732
829
615
892
504
678
684
248
706
301
297
102
803
917
294
1028
403
483
697
460
554
941
247
878
900
931
264
1027
653
135
643
88
602
683
448
306
582
775
536
431
527
1008
440
169
218
323
353
531
700
847
696
985
188
42
388
741
52
57
1019
624
39
197
1043
568
166
512
145
670
840
621
49
1065
898
376
155
77
72
147
861
458
626
1022
817
935
503
136
393
35
1091
766
257
639
506
366
1074
1095
158
1089
825
510
649
586
338
1061
500
140
661
631
127
320
1036
863
1005
563
663
241
109
558
486
457
14
220
630
477
1110
40
1094
496
783
27
969
174
54
972
865
1102
345
757
53
236
937
875
29
989
449
309
1041
879
253
206
212
940
762
9
112
761
585
292
1079
18
699
868
208
983
908
710
990
562
519
895
119
736
708
521
5
978
44
769
58
8
750
1023
428
191
961
845
530
916
918
118
839
374
726
735
494
159
774
167
780
899
1104
288
484
701
564
832
282
75
674
426
608
213
993
607
944
933
857
567
704
973
1037
381
408
262
296
1030
487
478
485
367
1048
1093
909
289
936
337
144
751
326
227
665
522
869
796
418
411
860
238
1108
330
106
1072
634
78
1011
901
676
656
28
954
980
324
756
1066
610
830
22
12
856
662
753
576
182
588
518
596
727
362
466
398
25
493
680
1050
1064
535
421
928
609
799
966
974
719
70
178
1024
1009
946
4
369
957
968
768
721
1071
646
633
508
747
573
511
451
843
173
603
760
1096
456
1109
814
1031
797
272
471
776
526
7
482
711
348
375
541
1076
590
93
176
942
991
6
1000
142
575
223
792
394
66
472
259
352
332
359
266
698
461
333
229
798
650
163
90
69
243
71
419
907
734
642
126
1032
784
655
151
740
866
231
464
392
622
986
848
165
250
157
956
820
442
731
816
945
1088
193
48
445
1077
561
707
583
110
773
51
175
1063
1029
327
591
1098
859
222
114
453
552
667
357
161
1006
682
226
1002
906
307
278
664
995
934
339
919
793
134
779
826
781
283
84
695
190
205
1058
553
317
1052
896
584
632
233
80
599
410
702
963
999
824
172
846
156
409
958
819
813
387
842
788
894
414
98
55
385
215
1033
59
890
162
647
1097
597
187
495
1099
742
328
255
217
717
137
834
883
984
153
903
791
675
902
686
37
335
507
256
802
638
730
100
804
123
681
225
160
922
423
953
811
23
654
728
346
342
997
380
358
32
65
154
891
50
1067
905
677
921
885
459
1
1075
619
