494
1095
234
832
100
192
441
787
120
635
731
356
834
1027
14
537
1076
531
798
506
791
174
337
810
939
988
51
511
539
554
913
48
431
669
62
528
202
409
473
752
208
49
558
755
644
1047
1016
753
65
896
283
145
1032
921
917
107
594
824
223
926
1080
684
637
1112
836
78
778
933
197
675
193
615
601
664
187
198
611
41
91
568
63
737
815
1106
349
1068
154
1031
277
612
1007
264
591
94
688
133
1048
801
373
985
565
905
336
712
745
642
783
90
42
860
155
820
942
754
610
390
1014
1063
875
233
547
236
742
620
522
484
780
984
284
141
1102
1094
27
251
535
495
919
592
629
663
846
969
289
658
1098
137
596
818
305
428
593
680
447
1004
1040
75
435
341
452
89
808
641
803
674
347
67
291
235
847
416
739
545
876
1058
144
164
52
104
809
1096
362
366
216
804
584
758
621
267
218
157
457
711
695
436
728
425
1105
829
262
600
438
39
619
165
817
714
786
686
793
368
830
403
1066
217
140
105
265
542
909
322
129
247
735
175
1091
746
1083
237
333
46
480
468
792
958
608
559
961
363
634
549
402
53
424
900
541
730
960
1001
586
464
741
1084
546
762
574
463
764
211
956
455
723
168
877
47
186
895
482
837
421
388
242
412
1109
287
1092
446
1000
395
311
162
1050
569
532
947
540
266
203
318
806
205
1079
705
270
850
82
706
299
130
255
12
863
908
98
449
355
1037
678
404
851
420
345
117
422
196
148
391
587
293
335
740
448
660
796
320
626
486
469
668
31
496
206
261
841
940
443
867
271
630
278
884
81
915
1005
1053
945
229
990
230
1015
982
1081
557
894
340
983
736
295
548
72
967
636
720
472
308
974
44
853
979
77
897
125
694
768
527
673
1055
1041
518
794
643
179
280
1107
1021
151
73
1065
181
609
259
571
978
437
83
881
342
139
972
1087
716
653
1012
23
481
785
210
799
274
696
69
9
149
16
240
3
631
1061
379
797
902
135
812
127
84
779
427
226
111
718
99
715
651
339
734
677
413
971
376
567
922
928
54
426
115
625
512
708
377
465
454
476
159
578
505
761
775
58
602
170
323
26
691
918
408
131
183
22
1038
1103
771
1029
936
513
912
275
319
538
517
885
112
0
128
199
957
889
121
108
757
899
840
862
765
827
55
497
147
702
214
143
114
122
1006
704
40
258
604
243
617
582
938
980
1045
597
577
901
948
79
370
550
479
358
767
459
646
93
269
260
97
733
556
61
726
930
700
903
132
1078
296
188
652
24
1104
385
763
927
19
717
88
670
361
483
1042
1067
833
207
113
953
622
1018
228
176
633
872
590
993
760
507
510
1034
399
477
585
37
369
92
676
709
1051
87
856
36
1090
257
254
194
1023
1019
869
628
7
588
263
1033
169
467
32
396
519
890
573
529
654
1030
326
245
329
161
509
861
719
489
313
253
553
290
951
334
729
874
273
294
1062
504
713
400
20
838
935
21
351
118
689
357
655
191
534
743
906
566
560
338
952
221
38
68
671
701
618
343
986
1101
410
998
607
1039
871
854
976
514
842
227
470
493
297
1097
914
35
317
561
224
616
1011
246
904
893
996
434
966
997
252
171
314
5
292
1069
397
487
11
189
500
955
627
954
1046
209
244
488
392
1017
970
220
999
430
520
685
693
1111
382
59
579
1071
843
490
384
256
533
15
309
749
748
784
575
687
995
96
879
724
623
383
372
1020
34
910
769
432
994
136
238
460
153
819
348
1056
182
304
828
124
378
698
943
1013
1010
126
74
249
76
807
1
485
380
442
672
1085
866
1072
331
523
200
1108
682
213
536
811
173
667
941
156
525
849
232
8
873
589
456
95
423
60
1024
231
552
888
407
315
813
770
727
166
835
306
1073
555
934
406
101
177
142
772
461
924
204
855
777
865
773
825
371
1049
268
123
831
683
150
991
690
475
178
732
848
949
433
478
387
1074
725
766
907
697
992
738
414
814
303
172
28
964
821
375
364
543
288
503
645
647
614
857
13
346
405
134
699
859
66
281
222
1064
1022
1070
1099
327
789
944
868
965
119
374
332
444
167
891
57
386
282
911
963
71
744
225
106
526
650
160
931
419
576
415
312
298
822
898
782
788
239
300
599
524
381
721
563
790
2
190
975
632
665
365
580
649
499
110
451
950
1082
1086
639
45
116
878
870
201
450
501
981
491
344
301
276
613
564
1003
1060
310
521
1002
285
1026
1100
679
640
286
845
823
662
710
707
882
802
163
892
551
648
805
215
1093
703
184
1057
429
352
1077
923
800
937
248
661
316
86
946
844
498
25
212
64
624
774
272
1043
839
250
1089
70
302
360
43
1052
659
989
562
508
1035
795
1036
389
33
152
1088
30
570
598
1110
858
750
492
751
80
1028
603
516
50
1025
321
747
367
138
471
180
195
929
1054
883
85
605
681
515
1059
158
219
350
887
394
595
1009
977
656
973
18
6
279
325
330
880
453
398
692
968
324
864
411
439
401
241
29
462
959
816
4
307
354
852
393
440
10
56
359
657
530
102
759
474
826
932
502
109
781
466
353
581
583
1008
666
185
756
417
458
328
920
1075
638
146
17
886
606
544
418
572
722
925
916
776
1044
962
445
987
103
