917
734
462
999
725
333
332
21
93
638
689
553
963
98
28
380
1049
542
220
817
901
209
626
622
557
78
1043
750
156
703
226
204
584
647
648
926
296
262
32
684
653
207
108
780
373
282
206
458
443
428
893
301
119
376
329
765
148
882
677
429
337
11
856
502
915
904
531
717
690
695
696
519
1039
258
827
67
930
870
899
865
673
351
497
668
1025
1075
309
307
1083
706
233
551
538
1088
370
179
861
898
1098
81
914
424
413
491
23
562
214
277
1107
493
8
1089
955
154
1001
743
529
798
331
967
432
285
520
561
960
1019
1112
174
842
290
306
490
739
910
439
931
541
1069
288
137
216
582
153
723
1029
345
1008
786
37
830
907
726
231
124
336
311
377
991
465
171
128
923
987
1105
485
358
1054
730
1111
928
444
409
402
719
140
269
436
880
280
567
1050
937
411
385
949
1092
294
472
969
970
418
266
662
48
312
840
109
868
394
537
913
73
881
68
1005
945
62
812
570
847
438
874
643
919
816
161
1012
46
875
601
942
1040
669
252
602
691
607
54
605
800
753
82
998
57
1074
45
661
611
1056
778
246
353
356
237
676
779
560
22
632
755
990
460
824
1085
165
86
959
76
475
517
63
219
163
597
759
416
808
518
66
587
155
692
470
1095
1051
232
480
1044
614
1103
339
14
293
191
681
588
340
328
182
383
807
1052
1010
479
678
468
702
295
508
814
273
784
682
1002
116
527
477
123
772
457
1065
716
256
276
4
708
254
801
701
956
272
145
390
574
802
748
912
350
1096
997
950
952
88
242
31
645
298
1064
114
434
303
641
20
534
241
973
839
670
5
1042
513
523
876
615
149
895
217
381
58
888
864
558
533
528
664
629
577
580
160
6
766
476
496
335
453
757
399
338
292
620
921
271
680
581
173
283
60
625
221
556
505
608
790
710
200
352
30
1100
36
819
540
305
55
187
746
657
326
1020
630
1066
478
619
735
1076
466
633
74
568
35
794
118
218
392
958
375
75
613
244
988
441
80
51
825
966
920
245
243
575
346
274
758
1061
665
152
900
863
99
774
378
100
127
883
238
855
115
261
1082
136
132
799
456
481
785
117
129
452
193
823
573
70
1032
569
1057
756
330
175
989
596
939
278
91
157
388
49
834
251
672
365
985
408
314
445
371
1101
1090
16
492
384
454
85
906
203
228
488
122
199
803
43
374
267
321
609
838
188
1033
275
489
624
362
425
1055
854
406
536
711
368
2
867
146
658
138
96
467
685
848
158
97
34
229
535
550
1062
1104
498
831
1017
417
72
818
1034
909
410
139
469
610
1003
495
951
932
1087
431
718
972
181
860
598
247
1070
289
507
712
1036
449
447
65
555
366
504
1023
474
770
671
809
113
792
639
938
700
15
515
791
637
1031
461
212
1063
1046
905
52
948
1030
563
927
170
835
884
348
320
995
546
935
167
787
1047
25
592
975
728
908
506
749
42
628
430
1011
804
26
514
176
50
944
957
545
421
1016
797
594
313
1106
733
423
344
482
1048
585
971
879
426
29
859
1084
372
663
559
106
781
299
363
1068
828
649
694
69
379
512
777
836
1077
284
851
693
621
762
257
805
686
486
334
450
940
983
1037
1026
974
837
349
141
56
892
130
806
590
143
857
853
414
775
1045
222
159
259
13
484
846
230
929
125
656
1009
646
521
400
1108
279
33
986
740
102
852
239
731
302
623
197
707
843
571
304
59
343
135
612
724
896
1073
77
530
760
1013
297
121
862
869
751
1022
583
795
532
979
397
315
903
889
387
404
126
105
435
17
347
675
369
714
982
1014
291
744
548
503
224
47
1110
142
192
405
10
752
186
270
936
634
255
499
761
964
448
112
1102
783
215
627
1041
398
934
268
1097
393
166
208
640
18
184
286
101
992
355
902
318
841
164
603
442
250
1094
131
873
190
1081
1091
572
455
342
789
84
549
500
599
92
980
683
27
446
844
897
709
821
933
422
463
89
360
451
721
177
1021
635
40
871
829
415
776
1072
732
833
189
396
687
566
667
822
961
24
111
1053
887
401
104
810
947
1109
849
1080
323
578
793
382
1007
650
1058
916
679
745
1006
832
253
713
420
674
968
53
886
39
361
1059
554
1
437
202
263
1027
41
850
169
977
738
287
729
1035
652
811
395
178
922
654
322
308
419
954
953
300
133
877
872
317
213
407
180
579
464
965
925
440
606
367
526
866
249
310
225
742
172
524
996
655
565
494
1099
659
1067
103
240
234
826
962
95
185
71
195
981
281
198
316
547
941
205
666
9
741
589
858
196
107
576
471
354
324
110
769
720
341
946
993
660
984
564
943
651
150
644
473
1086
94
87
64
260
487
715
636
705
788
211
183
737
747
1071
891
773
1000
768
604
704
522
412
90
235
389
483
736
878
210
61
12
144
427
1060
364
162
510
79
525
618
543
782
698
586
38
617
994
539
248
699
264
265
727
911
19
386
813
501
433
1028
319
1038
697
1015
591
894
552
767
0
403
593
616
763
595
771
688
357
391
236
890
820
544
7
764
1018
885
1024
227
722
1004
754
459
201
194
511
359
631
147
845
509
327
44
918
325
600
1079
924
796
978
223
134
516
976
1093
83
168
151
815
642
3
1078
120
