1098
159
1044
588
973
503
640
1093
458
391
950
773
92
1026
947
822
643
999
883
799
160
344
929
15
578
1078
1097
1107
596
30
1092
373
154
234
622
63
792
733
858
955
502
549
22
849
57
307
962
598
1055
750
787
529
911
747
748
246
374
666
784
136
800
520
528
617
558
977
796
914
723
920
756
828
1045
609
552
907
974
580
196
469
153
937
398
474
569
221
1108
442
44
555
652
776
623
456
206
369
560
375
605
642
47
182
150
83
531
409
213
807
348
56
1106
1048
1031
75
814
325
454
644
762
336
322
297
672
1028
258
477
680
481
742
774
932
272
1000
533
981
595
960
166
917
164
1001
395
1102
1086
983
863
472
192
1068
1017
676
966
749
1089
38
296
399
1016
697
1058
18
574
134
219
306
823
249
798
347
158
971
770
190
129
547
163
26
475
608
403
734
133
9
41
540
501
177
1090
645
698
987
4
833
872
695
1054
621
128
741
305
581
696
867
178
1012
1110
417
168
349
84
677
988
649
480
876
624
506
860
927
709
419
324
144
483
94
416
386
1073
618
468
874
722
432
611
262
270
1035
879
281
108
425
832
961
719
845
865
382
411
319
790
685
81
228
943
317
634
250
274
926
1015
51
591
356
688
539
426
120
187
379
873
1101
994
566
298
511
1032
518
232
489
248
290
465
278
638
1010
229
921
764
899
886
471
304
808
151
712
302
239
1083
660
875
52
980
746
175
1007
111
85
567
804
656
76
354
551
1037
383
658
385
32
423
692
752
646
565
890
1074
989
14
982
48
905
496
726
397
473
303
497
976
801
1079
1109
639
65
137
453
1072
959
777
54
968
280
34
247
859
583
131
543
1009
112
126
573
912
650
670
387
852
754
906
720
794
548
562
71
967
405
355
147
476
536
556
1061
457
705
783
55
868
315
759
116
266
492
965
184
691
1027
117
931
557
802
422
463
212
701
437
16
156
715
1075
233
908
169
148
1088
1082
421
1081
77
104
320
194
96
516
392
945
37
179
60
59
788
412
757
1091
541
615
665
101
242
745
517
721
368
260
546
33
737
200
283
882
589
199
629
439
361
818
925
702
813
532
687
843
816
224
806
647
827
767
8
444
941
367
1056
70
23
241
299
321
909
1023
201
289
202
295
494
53
1008
616
891
378
669
587
1014
1094
918
214
140
479
613
681
220
413
853
335
466
884
504
267
36
162
142
1087
735
601
938
20
210
165
775
123
933
381
513
607
935
115
205
763
371
803
410
984
861
138
82
1
877
544
29
949
443
394
815
584
401
161
684
610
1029
724
554
493
662
731
953
215
811
78
707
3
563
797
231
157
590
255
561
1067
445
664
831
462
482
769
19
332
282
331
1085
648
930
500
654
113
902
1070
389
118
727
429
207
824
706
309
292
259
825
1039
346
778
579
244
963
359
779
434
277
360
812
954
576
80
693
209
106
1076
894
95
441
79
678
628
1096
585
13
73
1050
478
376
972
848
1025
21
447
396
364
450
789
889
856
122
1064
958
264
390
739
351
68
869
979
172
537
323
826
885
820
550
717
730
1040
523
461
619
896
17
1084
222
455
366
252
1003
1006
1038
893
577
1105
829
488
216
167
291
952
49
1104
679
772
72
365
50
293
143
0
663
936
135
600
273
998
795
328
204
919
338
195
653
406
1002
1046
683
1057
431
171
1021
435
141
64
510
509
834
791
193
237
571
846
438
901
269
570
485
343
743
703
768
903
620
308
449
185
132
370
1018
1052
174
913
340
708
170
180
673
690
928
418
86
460
470
388
99
969
575
862
173
736
507
35
105
279
910
358
771
538
835
243
559
1095
534
975
427
839
67
1111
782
114
1077
1051
312
223
1080
1020
490
61
922
341
74
904
830
6
1100
404
498
765
27
661
524
353
155
415
785
181
265
451
89
245
333
995
251
668
942
887
286
572
892
211
651
191
766
809
357
1033
486
1005
850
334
276
467
257
93
819
625
407
694
146
985
130
217
1059
682
12
103
145
996
352
208
45
603
198
446
753
107
675
631
844
125
939
635
657
402
760
339
758
934
236
97
916
424
433
225
970
535
227
704
1036
508
592
582
7
978
900
738
119
671
69
408
226
990
253
630
152
632
542
90
545
1066
149
700
637
25
256
948
505
854
956
487
314
897
127
100
594
1034
499
527
655
414
986
203
183
484
851
377
121
1042
362
521
898
895
311
31
606
793
287
836
1030
430
294
330
102
43
448
188
718
728
1065
261
1071
1099
525
993
342
452
1047
716
940
755
24
1062
837
805
124
951
313
713
761
176
327
729
732
1063
627
838
10
881
870
5
1022
878
864
923
1024
514
363
855
780
87
957
568
821
197
393
781
699
284
98
871
997
459
345
515
686
1103
674
436
1060
1041
329
1049
230
992
857
1053
1043
318
817
593
186
714
604
288
40
810
268
189
428
380
285
372
240
944
88
530
464
491
384
512
597
1013
62
842
91
612
964
66
786
2
218
42
1004
400
689
602
110
586
310
271
659
751
238
263
1019
522
316
326
109
350
667
880
11
740
636
924
725
526
58
614
46
553
495
847
641
519
711
28
633
888
840
275
866
564
139
710
39
440
254
599
1112
420
915
300
991
946
337
235
841
744
301
1069
626
1011
