913
581
26
892
981
281
135
295
118
734
36
649
58
601
637
207
374
196
797
781
449
515
998
271
133
461
680
82
441
1106
616
545
1050
1061
543
132
470
452
623
837
62
128
190
807
597
2
1039
334
771
823
577
0
987
71
153
818
698
223
392
478
14
858
318
740
10
462
93
299
828
107
76
375
48
408
399
857
754
984
1112
183
594
220
169
1016
743
1064
591
826
1040
620
805
576
320
112
885
788
44
498
803
154
882
916
561
815
872
928
736
707
434
976
662
463
950
930
575
1048
134
1035
338
165
945
799
1102
600
718
1070
939
364
384
381
236
94
809
979
1021
203
81
566
7
326
861
756
681
940
914
553
453
160
725
673
720
959
1069
661
279
569
935
656
889
11
596
240
1101
110
400
645
822
678
474
993
448
628
716
230
890
1042
1046
936
753
325
264
675
432
96
595
608
139
632
927
191
433
327
242
163
508
519
834
60
232
1001
451
253
345
1008
745
351
873
852
1057
622
739
342
819
871
830
900
484
397
322
706
639
974
565
173
879
189
1029
97
982
604
1074
239
922
693
738
846
587
1031
84
425
921
373
980
899
170
570
77
1085
951
21
613
479
25
1017
186
455
825
187
356
933
293
1107
652
354
486
991
155
1051
363
65
343
731
51
563
494
130
942
529
168
146
642
111
527
288
705
909
800
475
585
1014
394
209
557
418
193
175
145
32
777
1006
838
757
904
1003
1026
149
856
854
13
583
208
277
332
1077
969
290
255
511
407
1041
774
776
259
319
492
251
123
439
444
876
99
701
516
682
248
294
360
67
778
378
116
540
668
1071
29
59
995
380
113
404
119
1084
147
289
150
697
617
598
419
903
241
390
667
533
863
329
1083
372
664
19
30
216
536
435
105
464
926
103
266
759
555
1063
385
918
502
233
956
513
692
358
440
164
197
733
257
31
958
688
574
491
471
580
61
537
88
284
438
1030
816
1095
829
405
100
114
167
850
523
578
431
901
64
712
624
946
504
52
158
148
487
349
346
1081
506
644
869
793
518
722
115
817
214
883
411
860
200
713
391
999
960
646
307
925
125
6
182
845
1054
895
12
880
382
961
520
674
161
488
252
1098
417
480
395
517
249
389
763
886
122
359
970
967
841
1002
559
263
773
806
273
250
446
1033
990
544
732
962
789
503
179
971
106
534
247
68
401
49
323
582
268
176
653
977
723
1092
90
473
22
547
261
952
379
955
481
490
276
643
315
762
1079
784
920
1072
229
1087
1103
696
362
314
957
339
282
415
710
790
908
429
897
603
514
875
101
1086
924
599
166
560
1010
225
699
178
466
70
730
686
685
963
124
140
489
287
941
298
947
23
1011
39
584
127
929
1025
87
526
219
254
996
842
938
836
703
141
496
884
1027
831
317
602
467
46
832
198
870
864
83
361
851
497
966
657
74
75
280
724
1065
333
641
915
658
633
630
244
398
78
174
457
1100
234
748
428
783
27
28
912
69
38
749
994
1053
410
907
888
512
302
194
821
835
606
17
535
715
368
772
80
558
648
833
840
780
184
1094
948
531
968
205
73
270
1059
5
300
1034
109
607
292
787
337
735
458
278
911
355
775
954
666
331
764
188
677
902
262
795
579
1043
258
246
655
847
923
352
654
1032
679
1055
237
95
1108
627
638
136
213
862
1082
611
747
855
891
426
528
769
35
810
586
665
370
567
192
683
50
910
615
874
949
477
1009
619
714
260
238
839
421
985
1028
893
442
1045
1007
808
79
308
1022
1067
383
412
694
265
804
202
827
894
57
744
43
459
530
310
625
635
726
647
120
997
881
53
201
669
746
485
549
211
336
592
844
964
45
1076
222
562
590
766
450
218
702
330
629
539
387
853
365
131
47
593
228
117
640
1060
321
137
129
786
965
476
631
396
522
751
152
159
422
779
41
181
386
1105
610
1099
690
465
377
144
750
717
796
761
18
521
427
416
865
943
618
571
367
286
704
366
1088
500
1104
877
671
501
316
177
737
89
820
108
24
313
768
532
932
304
972
199
104
1020
794
760
650
802
813
495
811
437
217
814
878
454
510
306
305
482
919
1047
848
934
16
56
541
1004
15
1090
55
468
357
243
424
1075
866
1109
34
1111
589
54
992
340
782
801
1038
402
729
456
651
1052
708
660
303
573
341
626
227
151
755
824
172
1089
283
687
312
1066
721
691
978
1044
121
210
311
765
676
4
758
142
423
507
634
256
328
347
138
1058
551
180
195
297
868
388
568
550
483
843
849
409
245
1000
524
752
917
1056
741
353
859
91
20
296
785
700
37
206
538
226
376
157
505
983
975
791
414
896
348
564
72
525
443
1019
986
344
1049
953
291
469
420
98
937
1078
204
770
9
767
546
86
695
350
1062
275
905
212
792
324
1037
572
1024
447
413
1036
285
369
215
143
430
92
63
33
460
371
472
499
509
1018
156
301
554
3
1096
406
636
609
231
85
988
709
1
1091
162
684
798
436
269
931
887
552
185
1110
126
944
867
1068
727
272
898
1080
605
973
719
989
614
659
612
663
1012
812
393
621
102
1015
542
670
556
1023
1073
224
672
906
267
1013
728
221
493
274
1093
40
689
548
235
8
1005
171
309
445
742
588
711
66
42
1097
335
403
