1025
215
692
761
472
446
737
541
451
565
383
940
753
795
408
482
549
1084
1098
614
756
836
358
800
457
458
663
133
784
923
883
317
933
495
89
765
312
741
124
297
764
646
415
648
466
235
170
266
517
834
897
447
193
272
724
797
111
816
459
998
564
364
155
850
1032
407
18
252
195
520
200
248
661
293
547
988
1051
971
1028
240
867
225
677
856
221
338
185
1050
1065
1072
1016
391
566
571
792
642
720
506
553
134
576
912
485
595
567
743
38
315
511
636
381
662
1057
714
465
332
243
1
718
434
682
1055
277
1039
318
130
968
644
976
264
320
696
979
341
589
844
115
208
599
399
929
974
375
908
3
498
158
678
880
398
6
324
759
806
238
670
1085
711
1005
463
396
336
30
804
829
946
309
865
480
786
799
659
1026
144
815
52
995
36
997
785
941
1058
79
489
927
209
283
88
628
969
540
262
875
343
513
76
600
525
1002
163
390
400
280
870
537
1042
342
348
281
350
508
847
771
161
650
862
210
104
999
94
421
1102
437
255
585
182
695
884
627
649
66
928
918
85
860
701
1023
702
455
174
811
793
1062
313
417
50
641
87
239
1036
81
365
369
769
321
27
686
905
788
991
700
166
523
828
1011
522
470
631
479
1083
868
149
1031
120
957
1014
633
241
531
981
726
894
334
71
176
354
493
563
853
1067
189
23
699
265
963
1105
285
70
1063
1097
669
712
556
288
895
558
763
1017
591
445
658
881
1080
203
15
224
233
768
410
368
1056
1066
64
603
1022
994
989
468
363
809
961
634
267
555
464
45
1038
757
270
1033
379
740
732
443
10
63
254
360
758
326
980
275
967
977
178
609
922
1003
135
869
31
742
14
249
43
902
782
578
949
848
1009
46
34
1021
58
424
117
25
147
279
691
353
121
569
337
150
345
748
12
1078
842
392
931
872
0
606
534
859
423
849
227
95
831
818
220
99
910
783
604
671
798
622
242
40
944
299
428
1012
380
766
647
954
932
247
693
282
226
501
683
965
551
487
101
245
83
234
664
935
749
900
9
322
290
48
1100
824
557
109
808
914
672
314
838
635
122
770
679
5
901
942
1054
1091
613
427
837
519
626
629
261
835
888
898
295
570
246
955
136
2
24
610
356
492
22
257
625
983
306
530
93
993
72
674
939
159
1045
349
1024
735
772
206
877
1069
291
374
422
978
605
128
527
861
51
310
515
405
1090
1073
432
925
926
746
667
251
1109
1110
438
1006
481
1034
204
778
439
889
911
580
403
577
654
33
561
715
668
990
1108
228
725
211
7
1082
4
619
536
183
253
442
453
1015
278
598
26
1093
529
855
526
347
232
822
733
673
151
168
1068
1060
915
460
545
116
708
825
483
579
302
192
1053
945
709
42
645
584
827
1077
20
180
807
461
430
433
562
950
258
1030
657
962
819
833
300
973
651
339
473
53
521
1029
311
90
1041
436
450
304
78
745
388
956
608
504
426
160
586
857
637
730
972
236
154
140
538
137
886
986
1064
146
675
938
298
113
1027
462
216
621
1048
703
102
181
484
987
643
219
532
84
28
717
54
73
916
920
510
1088
1001
984
791
179
652
344
372
975
907
384
373
187
913
688
593
777
1071
148
201
594
618
39
367
767
729
444
755
878
876
588
382
91
899
891
196
156
775
329
202
630
486
361
1103
1112
781
490
500
821
617
1101
401
805
271
736
731
854
812
734
75
552
92
259
689
713
152
1106
67
32
107
1089
205
639
230
307
413
509
611
223
866
885
454
129
100
574
141
366
397
681
707
186
1081
823
985
197
127
378
507
587
909
612
596
469
8
817
970
74
476
544
723
727
1010
947
296
560
330
966
16
592
229
762
830
448
666
1004
607
801
514
402
198
887
1075
406
1094
263
1096
474
620
412
199
132
173
685
49
665
260
863
864
524
256
512
139
106
813
370
269
640
1018
951
435
826
958
1000
286
751
478
539
357
62
796
118
750
395
167
1044
377
789
903
268
919
420
597
554
996
325
1007
1104
873
710
841
35
276
212
47
1043
638
19
1111
55
191
698
747
754
1059
790
162
904
1086
655
546
29
921
17
953
362
744
409
172
355
171
98
13
1049
1040
359
488
213
346
65
287
896
705
624
119
456
616
1037
716
376
690
494
656
776
697
61
142
165
1008
44
803
393
335
425
496
543
948
105
738
351
96
535
548
41
431
169
653
452
936
871
371
467
217
60
892
518
559
906
411
845
721
497
331
305
752
1095
125
301
328
37
21
292
316
820
194
1013
440
719
590
59
385
289
177
952
477
1092
502
794
1074
294
505
190
890
352
429
110
858
207
389
416
77
387
1046
86
550
319
787
414
112
780
237
340
874
1076
441
184
1047
779
394
575
68
694
959
1061
131
623
97
615
475
222
103
218
581
82
386
687
879
930
503
937
684
982
250
1019
846
583
773
680
1070
601
449
1099
1035
917
126
145
676
573
774
722
419
175
69
814
138
153
706
602
303
810
499
992
274
728
533
840
528
323
404
1079
882
114
802
1107
739
943
418
108
56
471
704
157
284
632
491
164
839
244
843
1052
852
1020
214
572
123
964
934
188
660
960
924
1087
568
516
832
273
327
231
143
333
80
851
308
760
582
542
57
11
893
