83
71
320
286
146
14
174
324
190
163
318
151
176
211
243
237
278
164
18
335
342
204
267
248
332
166
33
188
182
341
132
111
7
315
28
338
15
104
216
85
79
189
205
121
330
61
113
256
201
241
279
316
239
161
92
6
265
266
69
270
109
143
138
91
193
155
118
58
221
217
291
203
75
129
168
142
42
139
13
48
206
34
296
269
208
246
0
298
288
236
135
26
195
127
53
74
329
215
242
106
213
226
117
285
157
255
313
340
62
257
147
36
297
323
333
284
123
294
134
292
67
262
56
302
196
301
29
321
234
178
317
99
307
119
331
65
275
272
98
300
197
299
45
220
86
150
35
12
112
90
306
159
222
72
141
5
186
10
249
169
212
145
304
96
263
100
271
37
289
38
110
11
88
102
238
343
254
51
115
276
16
194
282
41
156
209
336
235
101
30
84
337
43
308
57
310
260
27
116
170
268
44
73
80
230
259
122
180
54
24
261
229
185
290
77
162
245
158
21
253
133
328
160
171
319
214
258
175
327
46
231
202
223
325
1
322
55
309
303
131
187
87
59
140
124
32
108
52
149
82
219
68
64
312
4
314
274
2
183
326
191
66
22
130
240
81
184
78
60
287
225
63
49
228
39
95
144
210
107
136
250
153
198
172
50
173
224
17
179
70
280
120
165
283
244
273
19
103
105
251
200
9
192
167
20
40
154
181
31
3
47
137
23
305
128
232
93
339
25
125
152
227
76
89
126
277
177
207
311
295
97
8
252
264
218
247
293
199
148
233
334
114
94
281
