303
151
195
86
74
15
103
80
285
122
105
53
67
54
220
216
142
31
335
209
319
249
320
212
165
229
56
76
153
34
273
65
144
309
203
28
297
115
254
64
316
239
70
284
201
132
308
274
253
48
92
235
20
277
186
260
16
36
247
213
305
236
61
106
101
261
299
41
30
262
77
207
288
45
97
205
311
202
230
189
1
174
113
226
169
157
200
266
225
98
26
138
137
149
331
268
5
258
117
52
328
312
141
279
290
29
295
224
243
223
179
162
155
240
25
43
206
337
163
51
339
146
338
87
332
69
291
215
252
82
156
188
210
256
185
313
89
37
296
286
148
326
17
171
182
55
13
71
298
219
152
33
99
44
164
276
121
8
63
58
143
325
96
271
304
166
0
343
134
158
35
193
72
257
47
18
294
300
125
102
124
263
217
180
120
127
248
83
49
73
57
178
293
104
114
95
324
84
167
107
232
314
221
173
177
199
133
126
233
78
68
336
333
191
7
196
23
281
269
21
321
62
109
289
131
292
129
128
139
112
46
4
40
27
181
119
227
110
184
330
198
154
317
242
323
234
90
50
278
161
318
302
170
301
340
130
12
327
190
275
251
283
264
91
315
88
241
250
147
32
237
228
38
108
145
39
307
118
19
59
280
329
208
287
334
192
150
42
140
231
306
183
75
342
3
159
187
265
175
259
22
2
267
238
116
270
272
111
176
211
255
85
100
218
9
222
11
10
6
246
160
245
93
94
60
310
135
194
322
79
24
123
204
136
244
214
341
282
66
168
172
81
197
14
