177
13
183
58
84
314
116
194
173
252
329
190
149
151
276
86
226
180
284
185
5
331
229
292
333
219
295
221
257
303
211
220
8
140
325
3
215
241
201
308
288
109
65
143
70
46
274
126
198
261
268
230
72
1
298
6
287
154
56
93
35
319
240
321
318
10
339
282
335
264
14
105
186
214
135
326
283
17
171
169
78
76
103
53
24
179
166
121
88
157
41
34
224
96
285
90
223
286
248
43
244
73
36
45
170
273
26
29
87
330
28
39
167
106
195
205
304
228
265
255
278
234
259
148
269
66
200
22
0
260
254
239
25
238
74
60
322
59
207
108
297
307
233
15
216
231
123
153
49
107
311
152
253
178
263
50
128
337
247
11
290
75
165
206
9
98
196
184
155
208
266
124
110
324
305
323
341
301
294
85
94
134
19
54
114
250
48
137
38
33
55
176
182
2
129
251
332
218
130
12
95
258
334
209
117
141
131
47
111
256
217
280
197
235
296
213
132
113
42
271
102
277
69
203
62
316
163
44
181
210
138
71
267
57
120
225
68
168
81
306
343
23
97
275
52
16
161
159
150
222
243
147
158
191
281
160
193
146
270
32
232
92
279
40
101
315
189
245
293
112
242
227
104
142
309
174
300
4
21
340
27
91
51
30
175
89
99
202
80
18
67
246
187
136
122
125
172
64
61
79
320
249
212
313
164
262
327
272
312
204
145
37
127
299
291
100
162
336
156
20
338
119
118
317
83
342
302
77
31
133
289
7
144
199
237
328
192
188
82
139
310
63
236
115
