74
327
215
288
176
207
300
294
14
96
186
189
260
129
267
169
144
36
97
150
139
31
297
205
322
228
116
304
26
34
58
220
281
7
162
79
93
84
85
54
211
298
161
108
213
331
11
65
338
12
125
167
273
134
246
53
283
4
200
315
83
118
104
40
148
278
258
64
132
247
91
119
198
120
86
152
224
61
182
204
50
6
282
172
240
197
217
191
183
48
308
256
264
295
159
202
17
113
319
333
187
9
98
151
231
102
238
72
302
234
262
301
131
81
95
296
153
194
225
235
115
339
154
23
165
22
94
255
175
326
226
269
168
286
248
237
193
157
284
341
121
290
270
146
20
128
332
92
230
158
336
232
249
18
89
261
342
279
82
13
138
130
252
8
277
60
142
223
47
143
127
27
107
35
318
313
90
44
73
285
274
203
42
280
343
174
275
239
147
19
124
63
88
32
305
30
201
49
56
317
2
100
51
243
192
105
314
109
209
291
212
126
334
271
325
145
244
219
222
184
259
320
241
216
177
136
114
188
3
28
103
66
329
76
171
135
38
10
111
33
263
340
173
160
214
133
112
166
268
52
1
245
233
137
242
236
80
15
196
70
218
41
210
164
149
179
337
299
199
208
16
69
59
181
307
0
5
180
309
117
328
99
140
24
25
335
29
57
68
293
178
39
110
155
323
21
265
67
229
292
289
306
43
156
37
195
78
45
46
312
321
71
106
330
141
55
310
272
316
221
123
62
251
257
276
87
303
266
75
101
254
185
287
77
206
122
250
324
190
227
253
163
170
311
