193
158
126
147
0
39
312
216
154
50
74
242
146
236
311
209
51
124
232
331
68
141
5
4
100
84
234
336
282
81
134
256
324
66
196
281
241
20
339
286
15
228
268
133
142
17
307
291
131
104
85
169
37
304
157
235
318
78
174
130
240
159
247
329
316
279
125
327
211
335
255
156
322
153
58
118
3
29
200
132
97
155
298
238
45
254
340
319
208
87
260
178
33
137
267
52
301
201
187
19
80
12
170
113
320
295
274
342
91
127
163
225
27
79
207
9
128
249
251
341
243
246
188
65
90
275
280
49
317
161
54
89
57
219
48
120
257
299
202
139
328
144
101
55
182
21
265
28
292
220
248
229
273
135
71
289
263
140
176
190
22
123
95
270
205
16
266
288
86
323
185
14
321
67
326
343
83
223
175
258
303
36
1
285
309
237
333
332
230
119
109
194
106
114
23
2
314
261
73
41
305
227
262
221
192
168
115
64
70
330
189
315
186
138
296
47
283
337
197
145
181
191
244
24
98
13
99
259
218
76
59
25
239
287
300
72
245
32
46
172
112
62
173
69
92
61
276
310
40
8
183
212
179
302
162
269
264
136
75
210
88
277
151
6
152
278
294
166
44
313
290
102
10
250
164
293
231
63
148
253
7
43
177
233
338
111
122
30
184
271
56
116
272
284
306
103
38
334
199
82
31
198
213
180
60
165
143
214
18
160
224
121
93
11
150
42
34
325
77
167
217
108
117
204
252
297
107
308
105
195
110
171
215
94
26
149
203
206
35
222
226
96
129
53
