332
342
61
314
207
108
248
39
90
149
210
190
27
303
117
5
256
250
311
221
112
223
14
272
169
78
209
275
19
114
12
204
143
312
25
82
140
247
202
280
54
44
216
198
29
38
21
315
40
230
2
310
141
96
63
259
323
55
175
48
42
116
327
135
331
319
37
8
295
134
233
147
133
189
278
217
171
184
75
93
110
288
341
76
225
224
237
336
330
17
229
156
111
294
23
125
71
9
66
326
180
181
161
160
157
91
97
277
313
317
126
265
122
264
45
178
74
101
234
194
182
219
124
242
58
199
3
115
270
200
113
185
18
197
236
60
320
222
11
206
281
41
283
302
128
136
188
305
159
80
57
100
148
84
271
152
70
72
34
231
10
104
69
284
255
211
51
196
205
49
46
333
249
325
240
139
226
290
276
99
168
20
154
33
261
153
321
4
329
318
145
201
193
155
282
6
131
88
253
339
299
300
109
98
338
59
337
191
208
92
36
297
244
95
269
285
298
306
163
142
203
106
81
268
212
132
77
16
52
62
263
28
146
85
87
316
304
102
245
235
239
251
308
30
335
324
24
322
296
334
50
120
22
195
0
43
144
56
105
86
167
232
214
118
257
274
53
64
266
258
286
130
129
343
218
94
151
246
123
83
213
328
292
260
35
215
119
103
65
164
186
165
262
174
47
121
138
173
162
228
289
15
307
340
287
309
26
31
192
150
254
267
89
73
137
291
220
172
166
252
238
273
7
176
13
301
293
243
279
183
107
79
127
67
177
227
158
170
68
187
1
32
179
241
