28
328
182
132
237
281
255
98
13
298
4
231
338
265
112
280
47
116
87
223
1
307
56
234
242
192
219
64
273
203
84
43
288
278
152
158
334
89
287
141
239
164
58
227
35
181
27
314
73
324
285
140
170
48
123
241
118
150
161
320
196
0
292
97
189
180
235
120
135
5
46
277
198
224
143
244
50
76
162
95
59
247
148
257
6
207
184
312
63
139
81
86
175
102
144
248
38
297
276
267
130
137
91
103
309
212
187
75
172
29
176
256
119
222
110
83
321
308
99
67
233
194
12
229
293
243
214
146
15
183
94
33
272
113
251
301
205
3
202
336
238
149
341
275
151
171
23
252
215
168
220
296
128
217
323
216
302
225
52
147
315
92
111
254
290
208
131
317
45
300
210
333
2
201
199
60
115
266
291
57
62
211
173
155
284
30
77
269
286
197
245
71
54
330
133
114
236
36
93
226
134
204
166
264
209
303
271
169
126
190
270
61
335
342
31
327
283
188
200
79
163
74
153
268
39
44
282
174
25
306
195
322
258
17
310
101
19
145
249
274
104
250
213
121
11
343
129
154
329
10
24
124
41
313
53
69
177
72
167
90
22
18
26
193
221
326
179
165
78
340
157
109
253
66
159
332
85
339
106
178
21
294
232
14
51
185
191
218
311
261
230
160
138
108
337
82
156
37
70
49
228
127
304
16
260
331
42
65
107
240
40
319
279
259
9
316
318
263
34
96
136
246
8
55
7
117
206
295
105
289
299
186
80
125
68
325
142
100
88
122
262
32
20
305
