339
175
206
51
278
233
154
40
174
116
166
198
263
320
303
261
242
265
218
128
197
287
65
216
236
327
91
52
27
199
140
129
223
276
124
119
209
172
111
178
294
107
279
269
248
244
149
272
319
102
34
5
324
284
311
169
280
268
151
217
185
20
108
210
31
259
251
79
56
267
35
103
271
97
62
297
247
290
46
177
82
292
131
270
310
144
196
305
68
162
171
262
61
109
160
19
64
295
325
238
273
48
228
274
335
286
334
246
37
304
106
59
214
49
221
32
229
288
328
113
10
330
74
176
16
299
243
122
240
316
42
71
226
136
66
87
3
187
126
121
26
117
285
13
0
114
318
315
29
211
212
25
44
155
253
224
152
118
85
6
99
147
260
307
256
163
340
36
158
142
312
298
15
293
148
264
170
208
70
156
317
301
183
220
342
165
112
123
215
57
146
80
168
130
86
90
245
141
237
332
153
22
164
329
138
58
53
69
30
331
258
230
78
337
250
188
132
207
101
195
12
200
313
143
254
84
194
338
257
213
76
77
186
323
67
72
17
167
282
249
300
308
321
232
204
96
222
28
184
45
110
8
309
302
296
75
289
137
239
33
150
181
343
83
100
38
225
135
41
314
192
133
322
161
231
180
21
145
193
159
105
189
11
89
234
60
275
202
139
92
95
190
127
43
219
4
55
120
88
326
81
54
336
1
255
94
205
134
182
191
179
157
277
73
252
23
291
2
283
98
203
39
115
18
14
173
93
201
7
125
104
306
281
333
24
266
227
235
47
63
241
341
50
9
