56
33
92
284
287
194
240
136
222
3
30
128
334
254
174
70
203
281
114
124
170
303
50
100
42
290
39
214
304
120
26
248
331
150
12
147
279
231
16
98
224
255
164
145
261
48
247
103
233
25
275
185
176
134
291
226
192
116
138
93
341
37
264
112
86
234
292
121
268
24
257
313
40
225
81
19
84
184
205
262
163
122
64
342
187
277
329
59
125
213
175
182
293
183
29
228
269
162
232
123
142
159
242
339
101
315
58
47
221
46
102
301
299
181
79
308
28
217
49
41
129
13
51
253
9
307
108
161
107
72
220
309
190
237
140
156
57
289
113
169
18
189
34
326
111
23
17
88
160
65
115
250
283
35
272
87
320
127
0
110
15
199
97
36
96
238
133
165
180
244
270
143
20
188
335
78
27
74
200
151
63
137
82
193
8
241
206
229
267
168
324
178
274
76
21
258
5
6
71
172
256
197
235
207
157
154
38
202
4
333
280
55
95
230
44
177
305
246
106
179
10
195
144
104
135
311
80
83
266
332
60
173
2
7
109
152
155
219
117
317
212
119
68
265
338
216
204
22
45
14
288
294
132
343
239
208
191
171
52
54
298
196
99
131
322
318
32
166
236
218
282
252
310
271
328
75
259
90
53
43
336
323
67
337
316
66
302
211
198
296
215
1
260
118
297
105
312
149
126
276
321
141
146
89
85
340
130
201
167
91
330
295
306
325
286
300
278
94
273
227
62
243
139
11
327
319
314
69
209
186
31
249
61
148
210
285
153
158
77
73
263
251
245
223
