26
284
32
184
30
186
323
13
293
89
185
251
302
225
338
202
141
99
210
133
28
239
150
307
325
281
290
244
139
276
4
145
274
105
61
180
14
17
111
87
261
197
5
207
71
256
190
76
183
188
189
167
328
315
259
143
211
169
215
246
294
305
137
86
220
16
117
252
311
300
65
182
291
331
104
57
128
79
271
160
136
330
340
223
269
24
240
273
83
194
41
157
25
35
319
45
107
177
68
204
110
335
314
48
317
158
192
267
44
242
279
40
318
258
205
334
298
124
77
3
94
181
78
129
114
29
224
289
39
333
8
151
166
54
253
93
198
201
11
126
232
191
268
238
132
38
7
98
209
226
31
146
147
73
235
134
285
173
343
257
309
171
221
306
270
81
218
174
327
46
303
162
262
292
196
255
159
320
212
272
148
250
231
127
341
152
53
280
216
299
80
332
20
301
254
27
316
97
266
113
247
154
19
275
172
101
131
163
123
142
92
249
193
36
33
245
6
102
179
108
234
288
337
96
70
72
95
0
12
122
47
165
52
329
50
277
342
217
214
236
161
34
248
243
82
74
278
324
296
121
23
149
286
175
67
22
109
176
187
69
208
241
199
120
260
170
106
100
43
55
90
62
195
200
322
312
155
58
88
10
115
308
263
153
138
84
304
265
233
119
56
118
135
310
326
213
228
112
164
321
2
168
144
227
222
336
282
37
339
283
63
206
21
130
15
60
85
51
59
66
140
156
313
91
103
42
178
64
116
18
230
219
287
9
49
203
125
297
229
264
237
1
295
75
